<?xml version="1.0" encoding="utf-8"?>
<COLLADA xmlns="http://www.collada.org/2005/11/COLLADASchema" version="1.4.1">
  <asset>
    <contributor>
      <author>Mixamo</author>
      <authoring_tool>COLLADA Mixamo exporter</authoring_tool>
      <comments/>
    </contributor>
    <created>2025-11-14T05:17:26Z</created>
    <modified>2025-11-14T05:17:26Z</modified>
    <revision/>
    <title/>
    <unit meter="0.010000"/>
    <up_axis>Y_UP</up_axis>
  </asset>
  <library_animations>
    <animation id="mixamorig_Hips-anim" name="mixamorig_Hips">
      <source id="mixamorig_Hips-Matrix-animation-input">
        <float_array id="mixamorig_Hips-Matrix-animation-input-array" count="49">

0.000000 0.033333 0.066667 0.100000 0.133333 0.166667 0.200000 0.233333 0.266667 0.300000 0.333333 0.366667 0.400000 0.433333 0.466667 0.500000
0.533333 0.566667 0.600000 0.633333 0.666667 0.700000 0.733333 0.766667 0.800000 0.833333 0.866667 0.900000 0.933333 0.966667 1.000000 1.033333
1.066667 1.100000 1.133333 1.166667 1.200000 1.233333 1.266667 1.300000 1.333333 1.366667 1.400000 1.433333 1.466667 1.500000 1.533333 1.566667
1.600000</float_array>
        <technique_common>
          <accessor source="#mixamorig_Hips-Matrix-animation-input-array" count="49">
            <param name="TIME" type="float"/>
          </accessor>
        </technique_common>
      </source>
      <source id="mixamorig_Hips-Matrix-animation-output-transform">
        <float_array id="mixamorig_Hips-Matrix-animation-output-transform-array" count="784">

0.881903 -0.216770 -0.418637 -0.939037 0.062797 0.934118 -0.351397 63.122452 0.467229 0.283609 0.837414 2.381628 0.000000 0.000000 0.000000 1.000000
0.880092 -0.211423 -0.425133 -0.751310 0.058264 0.936711 -0.345220 63.079651 0.471214 0.279055 0.836711 2.325986 0.000000 0.000000 0.000000 1.000000
0.877181 -0.202565 -0.435340 -0.319420 0.052579 0.941726 -0.332245 62.758430 0.477272 0.268550 0.836715 2.167123 0.000000 0.000000 0.000000 1.000000
0.864583 -0.198694 -0.461538 0.265345 0.040747 0.943198 -0.329722 63.225975 0.500836 0.266266 0.823569 2.185332 0.000000 0.000000 0.000000 1.000000
0.835833 -0.205581 -0.509038 0.991434 0.022041 0.939055 -0.343059 64.977814 0.548541 0.275521 0.789424 2.498439 0.000000 0.000000 0.000000 1.000000
0.800975 -0.216637 -0.558129 1.749015 0.004429 0.934356 -0.356313 66.965828 0.598682 0.282926 0.749355 2.856779 0.000000 0.000000 0.000000 1.000000
0.760142 -0.231133 -0.607258 2.528695 -0.012612 0.929167 -0.369444 69.124825 0.649635 0.288489 0.703384 3.255012 0.000000 0.000000 0.000000 1.000000
0.713675 -0.248395 -0.654956 3.321079 -0.029403 0.923568 -0.382307 71.389626 0.699859 0.292101 0.651824 3.687798 0.000000 0.000000 0.000000 1.000000
0.662151 -0.267788 -0.699890 4.116772 -0.046034 0.917671 -0.394666 73.695045 0.747955 0.293547 0.595309 4.149798 0.000000 0.000000 0.000000 1.000000
0.606383 -0.288690 -0.740917 4.906379 -0.062357 0.911635 -0.406243 75.975899 0.792724 0.292540 0.534799 4.635673 0.000000 0.000000 0.000000 1.000000
0.533761 -0.317409 -0.783805 5.696409 -0.089288 0.900548 -0.425489 78.562187 0.840908 0.297094 0.452337 5.332723 0.000000 0.000000 0.000000 1.000000
0.452854 -0.353112 -0.818679 6.532811 -0.110761 0.888835 -0.444639 81.200745 0.884678 0.292035 0.363402 6.153588 0.000000 0.000000 0.000000 1.000000
0.397835 -0.380493 -0.834837 7.534912 -0.112345 0.882895 -0.455934 83.030029 0.910553 0.275176 0.308500 6.866659 0.000000 0.000000 0.000000 1.000000
0.357876 -0.396542 -0.845387 8.809248 -0.106290 0.882165 -0.458789 84.648270 0.927700 0.254046 0.273557 7.461522 0.000000 0.000000 0.000000 1.000000
0.308594 -0.413312 -0.856705 9.980829 -0.106191 0.880063 -0.462832 86.052704 0.945248 0.233801 0.227692 8.077442 0.000000 0.000000 0.000000 1.000000
0.246790 -0.433508 -0.866698 11.035645 -0.112498 0.875498 -0.469943 87.265427 0.962517 0.213479 0.167296 8.718055 0.000000 0.000000 0.000000 1.000000
0.172363 -0.454068 -0.874136 12.027726 -0.120294 0.871072 -0.476196 88.144989 0.977661 0.187232 0.095519 9.139740 0.000000 0.000000 0.000000 1.000000
0.099236 -0.472354 -0.875804 12.998323 -0.114892 0.868823 -0.481607 88.899193 0.988409 0.148416 0.031949 9.446740 0.000000 0.000000 0.000000 1.000000
0.024250 -0.484630 -0.874383 13.924234 -0.112970 0.867709 -0.484064 89.359711 0.993302 0.110517 -0.033706 9.399247 0.000000 0.000000 0.000000 1.000000
-0.041197 -0.491679 -0.869802 14.812923 -0.102588 0.868021 -0.485814 89.631866 0.993871 0.069217 -0.086200 8.995828 0.000000 0.000000 0.000000 1.000000
-0.097552 -0.495278 -0.863240 15.651340 -0.083029 0.868403 -0.488858 89.630585 0.991761 0.023985 -0.125837 8.156131 0.000000 0.000000 0.000000 1.000000
-0.145349 -0.491911 -0.858427 16.484661 -0.065972 0.870529 -0.487675 89.469841 0.987179 -0.014251 -0.158982 7.060127 0.000000 0.000000 0.000000 1.000000
-0.185303 -0.487394 -0.853294 17.210438 -0.053980 0.872069 -0.486396 89.311279 0.981198 -0.044070 -0.187907 5.723111 0.000000 0.000000 0.000000 1.000000
-0.208183 -0.476305 -0.854279 17.811834 -0.054102 0.877686 -0.476172 89.357841 0.976592 -0.052913 -0.208488 4.357544 0.000000 0.000000 0.000000 1.000000
-0.223715 -0.462878 -0.857727 18.375568 -0.051355 0.884408 -0.463881 89.572731 0.973301 -0.059729 -0.221627 2.687404 0.000000 0.000000 0.000000 1.000000
-0.229533 -0.443295 -0.866490 18.969894 -0.031845 0.893203 -0.448525 89.817886 0.972780 -0.075358 -0.219137 0.854426 0.000000 0.000000 0.000000 1.000000
-0.222693 -0.423238 -0.878224 19.202946 -0.003360 0.901173 -0.433446 89.917564 0.974883 -0.093574 -0.202107 -0.818890 0.000000 0.000000 0.000000 1.000000
-0.214416 -0.409535 -0.886739 18.903234 0.018173 0.906024 -0.422836 89.670471 0.976573 -0.106778 -0.186824 -1.995112 0.000000 0.000000 0.000000 1.000000
-0.214887 -0.401500 -0.890293 18.087696 0.032214 0.908179 -0.417341 89.205048 0.976108 -0.118361 -0.182222 -2.728729 0.000000 0.000000 0.000000 1.000000
-0.223346 -0.398072 -0.889750 16.968624 0.042467 0.907968 -0.416883 88.632256 0.973814 -0.130894 -0.185886 -3.399158 0.000000 0.000000 0.000000 1.000000
-0.237031 -0.394808 -0.887661 15.519876 0.049591 0.907592 -0.416915 87.825325 0.970236 -0.142841 -0.195548 -3.888817 0.000000 0.000000 0.000000 1.000000
-0.253716 -0.388235 -0.885947 13.680738 0.051157 0.909249 -0.413096 86.714691 0.965925 -0.150131 -0.210830 -4.096163 0.000000 0.000000 0.000000 1.000000
-0.274383 -0.379962 -0.883370 11.848879 0.051016 0.911581 -0.407942 85.470772 0.960266 -0.156998 -0.230738 -4.142343 0.000000 0.000000 0.000000 1.000000
-0.299444 -0.368404 -0.880120 10.039522 0.052571 0.914676 -0.400755 83.973793 0.952665 -0.166272 -0.254527 -3.957860 0.000000 0.000000 0.000000 1.000000
-0.326968 -0.352845 -0.876694 8.353880 0.056452 0.918735 -0.390819 82.175285 0.943348 -0.177277 -0.280478 -3.586124 0.000000 0.000000 0.000000 1.000000
-0.354992 -0.331091 -0.874277 6.577707 0.062784 0.924631 -0.375653 80.047485 0.932759 -0.188245 -0.307449 -3.218771 0.000000 0.000000 0.000000 1.000000
-0.378624 -0.314084 -0.870629 4.529153 0.075056 0.927144 -0.367112 77.537491 0.922502 -0.204343 -0.327465 -2.937044 0.000000 0.000000 0.000000 1.000000
-0.396592 -0.298759 -0.868019 2.707669 0.077833 0.931212 -0.356071 75.037735 0.914690 -0.208775 -0.346058 -2.621819 0.000000 0.000000 0.000000 1.000000
-0.412293 -0.285191 -0.865263 1.097530 0.079573 0.934839 -0.346040 72.650009 0.907570 -0.211521 -0.362734 -2.354511 0.000000 0.000000 0.000000 1.000000
-0.425380 -0.274351 -0.862429 -0.096363 0.085969 0.936386 -0.340281 70.522797 0.900923 -0.218891 -0.374734 -2.249128 0.000000 0.000000 0.000000 1.000000
-0.436571 -0.266076 -0.859424 -1.086980 0.091521 0.937176 -0.336638 68.570404 0.895003 -0.225622 -0.384792 -2.168031 0.000000 0.000000 0.000000 1.000000
-0.444937 -0.265165 -0.855405 -1.894914 0.085433 0.938237 -0.335279 66.973717 0.891478 -0.222258 -0.394803 -1.923464 0.000000 0.000000 0.000000 1.000000
-0.451973 -0.271119 -0.849832 -2.442559 0.082552 0.935892 -0.342479 65.728897 0.888204 -0.224947 -0.400616 -1.636655 0.000000 0.000000 0.000000 1.000000
-0.459611 -0.275078 -0.844447 -2.823964 0.081425 0.933768 -0.348492 64.775391 0.884380 -0.228930 -0.406772 -1.485434 0.000000 0.000000 0.000000 1.000000
-0.465842 -0.278115 -0.840026 -3.083148 0.079254 0.932394 -0.352647 64.005058 0.881312 -0.230853 -0.412306 -1.357247 0.000000 0.000000 0.000000 1.000000
-0.468196 -0.280022 -0.838081 -3.140414 0.072692 0.933038 -0.352359 63.522881 0.880629 -0.225895 -0.416490 -1.201647 0.000000 0.000000 0.000000 1.000000
-0.468508 -0.281332 -0.837468 -3.049105 0.066182 0.934102 -0.350819 63.236183 0.880977 -0.219786 -0.419015 -1.065978 0.000000 0.000000 0.000000 1.000000
-0.467824 -0.282403 -0.837490 -2.807216 0.064032 0.934258 -0.350802 63.118134 0.881499 -0.217740 -0.418986 -0.995291 0.000000 0.000000 0.000000 1.000000
-0.466592 -0.283308 -0.837872 -2.501079 0.063146 0.934224 -0.351052 63.076195 0.882216 -0.216706 -0.418012 -0.946017 0.000000 0.000000 0.000000 1.000000</float_array>
        <technique_common>
          <accessor source="#mixamorig_Hips-Matrix-animation-output-transform-array" count="49" stride="16">
            <param type="float4x4"/>
          </accessor>
        </technique_common>
      </source>
      <source id="mixamorig_Hips-Interpolations">
        <Name_array id="mixamorig_Hips-Interpolations-array" count="49">
 LINEAR LINEAR LINEAR LINEAR LINEAR LINEAR LINEAR LINEAR LINEAR LINEAR LINEAR
LINEAR LINEAR LINEAR LINEAR LINEAR LINEAR LINEAR LINEAR LINEAR LINEAR LINEAR LINEAR
LINEAR LINEAR LINEAR LINEAR LINEAR LINEAR LINEAR LINEAR LINEAR LINEAR LINEAR LINEAR
LINEAR LINEAR LINEAR LINEAR LINEAR LINEAR LINEAR LINEAR LINEAR LINEAR LINEAR LINEAR
LINEAR LINEAR</Name_array>
        <technique_common>
          <accessor source="#mixamorig_Hips-Interpolations-array" count="49">
            <param type="name"/>
          </accessor>
        </technique_common>
      </source>
      <sampler id="mixamorig_Hips-Matrix-animation-transform">
        <input semantic="INPUT" source="#mixamorig_Hips-Matrix-animation-input"/>
        <input semantic="OUTPUT" source="#mixamorig_Hips-Matrix-animation-output-transform"/>
        <input semantic="INTERPOLATION" source="#mixamorig_Hips-Interpolations"/>
      </sampler>
      <channel source="#mixamorig_Hips-Matrix-animation-transform" target="mixamorig_Hips/matrix"/>
    </animation>
    <animation id="mixamorig_Spine-anim" name="mixamorig_Spine">
      <source id="mixamorig_Spine-Matrix-animation-input">
        <float_array id="mixamorig_Spine-Matrix-animation-input-array" count="49">

0.000000 0.033333 0.066667 0.100000 0.133333 0.166667 0.200000 0.233333 0.266667 0.300000 0.333333 0.366667 0.400000 0.433333 0.466667 0.500000
0.533333 0.566667 0.600000 0.633333 0.666667 0.700000 0.733333 0.766667 0.800000 0.833333 0.866667 0.900000 0.933333 0.966667 1.000000 1.033333
1.066667 1.100000 1.133333 1.166667 1.200000 1.233333 1.266667 1.300000 1.333333 1.366667 1.400000 1.433333 1.466667 1.500000 1.533333 1.566667
1.600000</float_array>
        <technique_common>
          <accessor source="#mixamorig_Spine-Matrix-animation-input-array" count="49">
            <param name="TIME" type="float"/>
          </accessor>
        </technique_common>
      </source>
      <source id="mixamorig_Spine-Matrix-animation-output-transform">
        <float_array id="mixamorig_Spine-Matrix-animation-output-transform-array" count="784">

0.998713 0.023475 -0.044952 0.000000 -0.029917 0.988465 -0.148465 8.536500 0.040948 0.149618 0.987896 0.187100 0.000000 0.000000 0.000000 1.000000
0.998976 0.018900 -0.041109 0.000000 -0.025547 0.985505 -0.167714 8.536500 0.037343 0.168592 0.984978 0.187100 0.000000 0.000000 0.000000 1.000000
0.999285 0.007371 -0.037090 0.000000 -0.014367 0.981276 -0.192073 8.536500 0.034980 0.192468 0.980680 0.187100 0.000000 0.000000 0.000000 1.000000
0.999453 -0.006050 -0.032505 0.000000 -0.001017 0.977028 -0.213110 8.536500 0.033047 0.213026 0.976487 0.187100 0.000000 0.000000 0.000000 1.000000
0.999421 -0.019985 -0.027529 0.000000 0.013189 0.973579 -0.227969 8.536500 0.031357 0.227474 0.973279 0.187100 0.000000 0.000000 0.000000 1.000000
0.999171 -0.034128 -0.022186 0.000000 0.027747 0.969826 -0.242212 8.536500 0.029783 0.241396 0.969970 0.187100 0.000000 0.000000 0.000000 1.000000
0.998697 -0.048292 -0.016474 0.000000 0.042491 0.965883 -0.255470 8.536500 0.028249 0.254438 0.966677 0.187100 0.000000 0.000000 0.000000 1.000000
0.998003 -0.062298 -0.010424 0.000000 0.057251 0.961888 -0.267382 8.536500 0.026684 0.266251 0.963534 0.187100 0.000000 0.000000 0.000000 1.000000
0.997101 -0.075978 -0.004096 0.000000 0.071859 0.958007 -0.277593 8.536500 0.025015 0.276494 0.960690 0.187100 0.000000 0.000000 0.000000 1.000000
0.996013 -0.089177 0.002427 0.000000 0.086149 0.954422 -0.285757 8.536500 0.023166 0.284827 0.958299 0.187100 0.000000 0.000000 0.000000 1.000000
0.994766 -0.101793 0.008920 -0.000000 0.100156 0.954008 -0.282555 8.536500 0.020252 0.281969 0.959210 0.187100 0.000000 0.000000 0.000000 1.000000
0.993584 -0.112249 0.013794 0.000000 0.111754 0.955762 -0.272084 8.536500 0.017357 0.271880 0.962175 0.187100 0.000000 0.000000 0.000000 1.000000
0.993332 -0.114510 0.013345 -0.000000 0.113964 0.957887 -0.263562 8.536500 0.017398 0.263326 0.964550 0.187100 0.000000 0.000000 0.000000 1.000000
0.993675 -0.111696 0.011537 -0.000000 0.110722 0.957498 -0.266344 8.536500 0.018703 0.265936 0.963809 0.187100 0.000000 0.000000 0.000000 1.000000
0.994364 -0.105525 0.010227 0.000000 0.104546 0.959944 -0.259959 8.536500 0.017615 0.259563 0.965566 0.187100 0.000000 0.000000 0.000000 1.000000
0.995474 -0.094491 0.010181 0.000000 0.094071 0.964433 -0.247020 8.536500 0.013523 0.246859 0.968957 0.187100 0.000000 0.000000 0.000000 1.000000
0.997208 -0.074210 0.008367 -0.000000 0.074102 0.969349 -0.234245 8.536500 0.009272 0.234211 0.972141 0.187100 0.000000 0.000000 0.000000 1.000000
0.998638 -0.051774 0.006428 0.000000 0.051909 0.973719 -0.221758 8.536500 0.005223 0.221790 0.975081 0.187100 0.000000 0.000000 0.000000 1.000000
0.999599 -0.028089 0.003664 0.000000 0.028230 0.977166 -0.210592 8.536500 0.002335 0.210611 0.977567 0.187100 0.000000 0.000000 0.000000 1.000000
0.999984 -0.005604 -0.001146 -0.000000 0.005258 0.979486 -0.201445 8.536500 0.002251 0.201436 0.979499 0.187100 0.000000 0.000000 0.000000 1.000000
0.999894 0.012841 -0.006870 0.000000 -0.013928 0.980965 -0.193683 8.536500 0.004252 0.193758 0.981040 0.187100 0.000000 0.000000 0.000000 1.000000
0.999645 0.023697 -0.012157 0.000000 -0.025560 0.981889 -0.187724 8.536500 0.007489 0.187968 0.982147 0.187100 0.000000 0.000000 0.000000 1.000000
0.999662 0.021805 -0.014154 -0.000000 -0.024027 0.982855 -0.182808 8.536500 0.009925 0.183087 0.983047 0.187100 0.000000 0.000000 0.000000 1.000000
0.999909 0.000011 -0.013476 0.000000 -0.002508 0.982682 -0.185283 8.536500 0.013241 0.185300 0.982593 0.187100 0.000000 0.000000 0.000000 1.000000
0.999822 -0.010879 -0.015430 -0.000000 0.007690 0.981087 -0.193414 8.536500 0.017243 0.193261 0.980996 0.187100 0.000000 0.000000 0.000000 1.000000
0.999674 0.005620 -0.024897 0.000000 -0.010812 0.976851 -0.213648 8.536500 0.023120 0.213848 0.976593 0.187100 0.000000 0.000000 0.000000 1.000000
0.999196 0.019369 -0.035108 0.000000 -0.027127 0.971331 -0.236178 8.536500 0.029527 0.236940 0.971075 0.187100 0.000000 0.000000 0.000000 1.000000
0.999326 0.005715 -0.036250 0.000000 -0.014405 0.969608 -0.244239 8.536500 0.033753 0.244597 0.969037 0.187100 0.000000 0.000000 0.000000 1.000000
0.999378 -0.017732 -0.030495 0.000000 0.010211 0.972881 -0.231082 8.536500 0.033765 0.230627 0.972456 0.187100 0.000000 0.000000 0.000000 1.000000
0.999257 -0.029437 -0.024897 0.000000 0.023638 0.977938 -0.207553 8.536500 0.030458 0.206811 0.977907 0.187100 0.000000 0.000000 0.000000 1.000000
0.999027 -0.039637 -0.019336 0.000000 0.035507 0.982948 -0.180424 8.536500 0.026157 0.179562 0.983399 0.187100 0.000000 0.000000 0.000000 1.000000
0.998329 -0.056343 -0.012852 0.000000 0.053732 0.986845 -0.152479 8.536500 0.021274 0.151534 0.988223 0.187100 0.000000 0.000000 0.000000 1.000000
0.997826 -0.065262 -0.009124 0.000000 0.063495 0.989237 -0.131829 8.536500 0.017629 0.130963 0.991231 0.187100 0.000000 0.000000 0.000000 1.000000
0.997888 -0.064455 -0.008081 -0.000000 0.062980 0.990437 -0.122752 8.536500 0.015916 0.121984 0.992404 0.187100 0.000000 0.000000 0.000000 1.000000
0.998414 -0.055209 -0.011024 0.000000 0.053254 0.989658 -0.133195 8.536500 0.018264 0.132396 0.991029 0.187100 0.000000 0.000000 0.000000 1.000000
0.999065 -0.040104 -0.016147 0.000000 0.037123 0.987216 -0.155007 8.536500 0.022157 0.154263 0.987781 0.187100 0.000000 0.000000 0.000000 1.000000
0.999475 -0.024594 -0.021091 0.000000 0.021153 0.988433 -0.150179 8.536500 0.024541 0.149654 0.988434 0.187100 0.000000 0.000000 0.000000 1.000000
0.999536 -0.017160 -0.025182 -0.000000 0.012982 0.987421 -0.157578 8.536500 0.027569 0.157178 0.987185 0.187100 0.000000 0.000000 0.000000 1.000000
0.999517 -0.009689 -0.029526 0.000000 0.004674 0.986214 -0.165407 8.536500 0.030722 0.165189 0.985783 0.187100 0.000000 0.000000 0.000000 1.000000
0.999377 0.003815 -0.035076 -0.000000 -0.009626 0.985905 -0.167029 8.536500 0.033945 0.167263 0.985328 0.187100 0.000000 0.000000 0.000000 1.000000
0.999047 0.016675 -0.040325 0.000000 -0.023209 0.985611 -0.167428 8.536500 0.036953 0.168205 0.985059 0.187100 0.000000 0.000000 0.000000 1.000000
0.998953 0.017295 -0.042347 0.000000 -0.024319 0.984892 -0.171454 8.536500 0.038742 0.172304 0.984282 0.187100 0.000000 0.000000 0.000000 1.000000
0.998854 0.018817 -0.044014 -0.000000 -0.025788 0.986188 -0.163609 8.536500 0.040327 0.164556 0.985543 0.187100 0.000000 0.000000 0.000000 1.000000
0.998693 0.023449 -0.045417 0.000000 -0.030240 0.987428 -0.155151 8.536500 0.041208 0.156322 0.986846 0.187100 0.000000 0.000000 0.000000 1.000000
0.998553 0.027176 -0.046406 -0.000000 -0.033824 0.988245 -0.149089 8.536500 0.041809 0.150442 0.987734 0.187100 0.000000 0.000000 0.000000 1.000000
0.998557 0.026522 -0.046690 0.000000 -0.033274 0.988070 -0.150366 8.536500 0.042145 0.151703 0.987527 0.187100 0.000000 0.000000 0.000000 1.000000
0.998613 0.024662 -0.046522 0.000000 -0.031523 0.987717 -0.153043 8.536500 0.042176 0.154298 0.987124 0.187100 0.000000 0.000000 0.000000 1.000000
0.998655 0.023957 -0.045971 0.000000 -0.030688 0.987931 -0.151826 8.536500 0.041779 0.153032 0.987338 0.187100 0.000000 0.000000 0.000000 1.000000
0.998701 0.023406 -0.045250 0.000000 -0.029944 0.988279 -0.149694 8.536500 0.041216 0.150854 0.987696 0.187100 0.000000 0.000000 0.000000 1.000000</float_array>
        <technique_common>
          <accessor source="#mixamorig_Spine-Matrix-animation-output-transform-array" count="49" stride="16">
            <param type="float4x4"/>
          </accessor>
        </technique_common>
      </source>
      <source id="mixamorig_Spine-Interpolations">
        <Name_array id="mixamorig_Spine-Interpolations-array" count="49">
 LINEAR LINEAR LINEAR LINEAR LINEAR LINEAR LINEAR LINEAR LINEAR LINEAR LINEAR
LINEAR LINEAR LINEAR LINEAR LINEAR LINEAR LINEAR LINEAR LINEAR LINEAR LINEAR LINEAR
LINEAR LINEAR LINEAR LINEAR LINEAR LINEAR LINEAR LINEAR LINEAR LINEAR LINEAR LINEAR
LINEAR LINEAR LINEAR LINEAR LINEAR LINEAR LINEAR LINEAR LINEAR LINEAR LINEAR LINEAR
LINEAR LINEAR</Name_array>
        <technique_common>
          <accessor source="#mixamorig_Spine-Interpolations-array" count="49">
            <param type="name"/>
          </accessor>
        </technique_common>
      </source>
      <sampler id="mixamorig_Spine-Matrix-animation-transform">
        <input semantic="INPUT" source="#mixamorig_Spine-Matrix-animation-input"/>
        <input semantic="OUTPUT" source="#mixamorig_Spine-Matrix-animation-output-transform"/>
        <input semantic="INTERPOLATION" source="#mixamorig_Spine-Interpolations"/>
      </sampler>
      <channel source="#mixamorig_Spine-Matrix-animation-transform" target="mixamorig_Spine/matrix"/>
    </animation>
    <animation id="mixamorig_Spine1-anim" name="mixamorig_Spine1">
      <source id="mixamorig_Spine1-Matrix-animation-input">
        <float_array id="mixamorig_Spine1-Matrix-animation-input-array" count="49">

0.000000 0.033333 0.066667 0.100000 0.133333 0.166667 0.200000 0.233333 0.266667 0.300000 0.333333 0.366667 0.400000 0.433333 0.466667 0.500000
0.533333 0.566667 0.600000 0.633333 0.666667 0.700000 0.733333 0.766667 0.800000 0.833333 0.866667 0.900000 0.933333 0.966667 1.000000 1.033333
1.066667 1.100000 1.133333 1.166667 1.200000 1.233333 1.266667 1.300000 1.333333 1.366667 1.400000 1.433333 1.466667 1.500000 1.533333 1.566667
1.600000</float_array>
        <technique_common>
          <accessor source="#mixamorig_Spine1-Matrix-animation-input-array" count="49">
            <param name="TIME" type="float"/>
          </accessor>
        </technique_common>
      </source>
      <source id="mixamorig_Spine1-Matrix-animation-output-transform">
        <float_array id="mixamorig_Spine1-Matrix-animation-output-transform-array" count="784">

0.994567 0.050997 -0.090748 0.000000 -0.052784 0.998454 -0.017396 9.685800 0.089721 0.022092 0.995722 -0.000000 0.000000 0.000000 0.000000 1.000000
0.994703 0.049269 -0.090210 0.000000 -0.051408 0.998445 -0.021540 9.685800 0.089008 0.026064 0.995690 -0.000000 0.000000 0.000000 0.000000 1.000000
0.994639 0.050376 -0.090310 0.000000 -0.052804 0.998299 -0.024701 9.685800 0.088912 0.029338 0.995607 0.000000 0.000000 0.000000 0.000000 1.000000
0.994839 0.049728 -0.088444 0.000000 -0.052404 0.998228 -0.028195 9.685800 0.086885 0.032684 0.995682 0.000000 0.000000 0.000000 0.000000 1.000000
0.995495 0.045357 -0.083262 0.000000 -0.048187 0.998316 -0.032294 9.685800 0.081657 0.036161 0.996004 0.000000 0.000000 0.000000 0.000000 1.000000
0.996191 0.040280 -0.077335 0.000000 -0.043181 0.998411 -0.036214 9.685800 0.075754 0.039415 0.996347 0.000000 0.000000 0.000000 0.000000 1.000000
0.996874 0.034783 -0.070936 0.000000 -0.037697 0.998482 -0.040163 9.685800 0.069431 0.042711 0.996672 0.000000 0.000000 0.000000 0.000000 1.000000
0.997502 0.029158 -0.064335 -0.000000 -0.032049 0.998501 -0.044363 9.685800 0.062945 0.046314 0.996942 0.000000 0.000000 0.000000 0.000000 1.000000
0.998047 0.023700 -0.057805 0.000000 -0.026550 0.998443 -0.049050 9.685800 0.056553 0.050488 0.997122 0.000000 0.000000 0.000000 0.000000 1.000000
0.998492 0.018705 -0.051618 0.000000 -0.021517 0.998283 -0.054471 9.685800 0.050510 0.055500 0.997180 -0.000000 0.000000 0.000000 0.000000 1.000000
0.998848 0.014605 -0.045705 0.000000 -0.017550 0.997749 -0.064721 9.685800 0.044657 0.065449 0.996856 0.000000 0.000000 0.000000 0.000000 1.000000
0.999061 0.011790 -0.041695 0.000000 -0.014948 0.996976 -0.076260 9.685800 0.040670 0.076812 0.996216 0.000000 0.000000 0.000000 0.000000 1.000000
0.998893 0.012015 -0.045479 0.000000 -0.015628 0.996678 -0.079934 9.685800 0.044367 0.080556 0.995762 0.000000 0.000000 0.000000 0.000000 1.000000
0.998714 0.012653 -0.049092 0.000000 -0.016393 0.996932 -0.076531 9.685800 0.047973 0.077237 0.995858 -0.000000 0.000000 0.000000 0.000000 1.000000
0.998687 0.011570 -0.049903 0.000000 -0.015400 0.996906 -0.077074 9.685800 0.048857 0.077741 0.995776 0.000000 0.000000 0.000000 0.000000 1.000000
0.998887 0.010391 -0.046017 -0.000000 -0.013987 0.996815 -0.078512 9.685800 0.045054 0.079068 0.995851 0.000000 0.000000 0.000000 0.000000 1.000000
0.999205 0.010755 -0.038379 -0.000000 -0.013758 0.996791 -0.078858 9.685800 0.037408 0.079324 0.996147 -0.000000 0.000000 0.000000 0.000000 1.000000
0.999481 0.011038 -0.030261 -0.000000 -0.013400 0.996783 -0.079025 9.685800 0.029291 0.079389 0.996413 0.000000 0.000000 0.000000 0.000000 1.000000
0.999680 0.009376 -0.023500 0.000000 -0.011215 0.996783 -0.079357 9.685800 0.022681 0.079595 0.996569 0.000000 0.000000 0.000000 0.000000 1.000000
0.999729 0.009681 -0.021169 0.000000 -0.011304 0.996895 -0.077932 9.685800 0.020349 0.078150 0.996734 0.000000 0.000000 0.000000 0.000000 1.000000
0.999715 0.011045 -0.021164 0.000000 -0.012591 0.997153 -0.074343 9.685800 0.020283 0.074589 0.997008 -0.000000 0.000000 0.000000 0.000000 1.000000
0.999630 0.014014 -0.023308 -0.000000 -0.015676 0.997228 -0.072734 9.685800 0.022224 0.073072 0.997079 0.000000 0.000000 0.000000 0.000000 1.000000
0.999403 0.019834 -0.028272 -0.000000 -0.021816 0.997194 -0.071617 9.685800 0.026773 0.072192 0.997031 0.000000 0.000000 0.000000 0.000000 1.000000
0.998932 0.026392 -0.037938 -0.000000 -0.029100 0.996930 -0.072684 9.685800 0.035903 0.073710 0.996633 0.000000 0.000000 0.000000 0.000000 1.000000
0.998433 0.031429 -0.046300 0.000000 -0.034621 0.996958 -0.069825 9.685800 0.043965 0.071319 0.996484 0.000000 0.000000 0.000000 0.000000 1.000000
0.998280 0.031308 -0.049559 0.000000 -0.034284 0.997586 -0.060393 9.685800 0.047548 0.061988 0.996944 0.000000 0.000000 0.000000 0.000000 1.000000
0.998074 0.031854 -0.053240 0.000000 -0.034367 0.998305 -0.046970 9.685800 0.051653 0.048709 0.997476 0.000000 0.000000 0.000000 0.000000 1.000000
0.997405 0.040588 -0.059455 0.000000 -0.043068 0.998229 -0.041031 9.685800 0.057685 0.043485 0.997387 0.000000 0.000000 0.000000 0.000000 1.000000
0.996578 0.052300 -0.064009 0.000000 -0.055244 0.997453 -0.045121 9.685800 0.061486 0.048503 0.996929 0.000000 0.000000 0.000000 0.000000 1.000000
0.996238 0.057992 -0.064396 0.000000 -0.061399 0.996745 -0.052248 9.685800 0.061157 0.056006 0.996556 0.000000 0.000000 0.000000 0.000000 1.000000
0.996016 0.063203 -0.062907 -0.000000 -0.067108 0.995816 -0.062025 9.685800 0.058723 0.066000 0.996090 0.000000 0.000000 0.000000 0.000000 1.000000
0.995411 0.070746 -0.064436 -0.000000 -0.075456 0.994409 -0.073866 9.685800 0.058850 0.078389 0.995184 0.000000 0.000000 0.000000 0.000000 1.000000
0.995068 0.074376 -0.065630 -0.000000 -0.079722 0.993357 -0.082981 9.685800 0.059022 0.087803 0.994388 0.000000 0.000000 0.000000 0.000000 1.000000
0.995155 0.074829 -0.063776 0.000000 -0.080085 0.993217 -0.084295 9.685800 0.057035 0.088994 0.994398 0.000000 0.000000 0.000000 0.000000 1.000000
0.995364 0.073947 -0.061506 0.000000 -0.078417 0.994188 -0.073762 9.685800 0.055694 0.078243 0.995377 0.000000 0.000000 0.000000 0.000000 1.000000
0.995743 0.070921 -0.058876 0.000000 -0.074352 0.995527 -0.058285 9.685800 0.054479 0.062415 0.996562 -0.000000 0.000000 0.000000 0.000000 1.000000
0.995599 0.070380 -0.061880 0.000000 -0.073527 0.996032 -0.050141 9.685800 0.058105 0.054470 0.996823 0.000000 0.000000 0.000000 0.000000 1.000000
0.995393 0.069781 -0.065749 -0.000000 -0.072502 0.996568 -0.039948 9.685800 0.062736 0.044531 0.997036 -0.000000 0.000000 0.000000 0.000000 1.000000
0.995238 0.068180 -0.069664 -0.000000 -0.070435 0.997052 -0.030438 9.685800 0.067384 0.035200 0.997106 0.000000 0.000000 0.000000 0.000000 1.000000
0.995283 0.063664 -0.073207 -0.000000 -0.065570 0.997561 -0.023936 9.685800 0.071505 0.028623 0.997029 0.000000 0.000000 0.000000 0.000000 1.000000
0.995345 0.058382 -0.076683 -0.000000 -0.059967 0.998028 -0.018531 9.685800 0.075450 0.023043 0.996883 0.000000 0.000000 0.000000 0.000000 1.000000
0.995283 0.054602 -0.080187 -0.000000 -0.055833 0.998353 -0.013186 9.685800 0.079335 0.017601 0.996693 0.000000 0.000000 0.000000 0.000000 1.000000
0.995127 0.051472 -0.084101 -0.000000 -0.052631 0.998546 -0.011617 9.685800 0.083381 0.015987 0.996389 0.000000 0.000000 0.000000 0.000000 1.000000
0.995220 0.048932 -0.084509 0.000000 -0.050143 0.998667 -0.012265 9.685800 0.083797 0.016444 0.996347 0.000000 0.000000 0.000000 0.000000 1.000000
0.995283 0.047065 -0.084832 0.000000 -0.048357 0.998742 -0.013242 9.685800 0.084102 0.017282 0.996307 0.000000 0.000000 0.000000 0.000000 1.000000
0.995104 0.046462 -0.087230 0.000000 -0.047835 0.998761 -0.013721 9.685800 0.086485 0.017826 0.996094 -0.000000 0.000000 0.000000 0.000000 1.000000
0.994874 0.046803 -0.089644 -0.000000 -0.048277 0.998731 -0.014345 9.685800 0.088858 0.018599 0.995871 0.000000 0.000000 0.000000 0.000000 1.000000
0.994747 0.048170 -0.090318 0.000000 -0.049778 0.998638 -0.015633 9.685800 0.089442 0.020047 0.995790 -0.000000 0.000000 0.000000 0.000000 1.000000
0.994642 0.049965 -0.090503 -0.000000 -0.051718 0.998515 -0.017132 9.685800 0.089513 0.021721 0.995749 0.000000 0.000000 0.000000 0.000000 1.000000</float_array>
        <technique_common>
          <accessor source="#mixamorig_Spine1-Matrix-animation-output-transform-array" count="49" stride="16">
            <param type="float4x4"/>
          </accessor>
        </technique_common>
      </source>
      <source id="mixamorig_Spine1-Interpolations">
        <Name_array id="mixamorig_Spine1-Interpolations-array" count="49">
 LINEAR LINEAR LINEAR LINEAR LINEAR LINEAR LINEAR LINEAR LINEAR LINEAR LINEAR
LINEAR LINEAR LINEAR LINEAR LINEAR LINEAR LINEAR LINEAR LINEAR LINEAR LINEAR LINEAR
LINEAR LINEAR LINEAR LINEAR LINEAR LINEAR LINEAR LINEAR LINEAR LINEAR LINEAR LINEAR
LINEAR LINEAR LINEAR LINEAR LINEAR LINEAR LINEAR LINEAR LINEAR LINEAR LINEAR LINEAR
LINEAR LINEAR</Name_array>
        <technique_common>
          <accessor source="#mixamorig_Spine1-Interpolations-array" count="49">
            <param type="name"/>
          </accessor>
        </technique_common>
      </source>
      <sampler id="mixamorig_Spine1-Matrix-animation-transform">
        <input semantic="INPUT" source="#mixamorig_Spine1-Matrix-animation-input"/>
        <input semantic="OUTPUT" source="#mixamorig_Spine1-Matrix-animation-output-transform"/>
        <input semantic="INTERPOLATION" source="#mixamorig_Spine1-Interpolations"/>
      </sampler>
      <channel source="#mixamorig_Spine1-Matrix-animation-transform" target="mixamorig_Spine1/matrix"/>
    </animation>
    <animation id="mixamorig_Spine2-anim" name="mixamorig_Spine2">
      <source id="mixamorig_Spine2-Matrix-animation-input">
        <float_array id="mixamorig_Spine2-Matrix-animation-input-array" count="49">

0.000000 0.033333 0.066667 0.100000 0.133333 0.166667 0.200000 0.233333 0.266667 0.300000 0.333333 0.366667 0.400000 0.433333 0.466667 0.500000
0.533333 0.566667 0.600000 0.633333 0.666667 0.700000 0.733333 0.766667 0.800000 0.833333 0.866667 0.900000 0.933333 0.966667 1.000000 1.033333
1.066667 1.100000 1.133333 1.166667 1.200000 1.233333 1.266667 1.300000 1.333333 1.366667 1.400000 1.433333 1.466667 1.500000 1.533333 1.566667
1.600000</float_array>
        <technique_common>
          <accessor source="#mixamorig_Spine2-Matrix-animation-input-array" count="49">
            <param name="TIME" type="float"/>
          </accessor>
        </technique_common>
      </source>
      <source id="mixamorig_Spine2-Matrix-animation-output-transform">
        <float_array id="mixamorig_Spine2-Matrix-animation-output-transform-array" count="784">

0.994568 0.052455 -0.089907 0.000000 -0.052918 0.998595 -0.002773 15.875400 0.089635 0.007515 0.995946 -0.000000 0.000000 0.000000 0.000000 1.000000
0.994721 0.051777 -0.088599 0.000000 -0.052367 0.998618 -0.004355 15.875400 0.088251 0.008971 0.996058 0.000000 0.000000 0.000000 0.000000 1.000000
0.994837 0.053153 -0.086449 0.000000 -0.053872 0.998530 -0.006008 15.875400 0.086002 0.010634 0.996238 0.000000 0.000000 0.000000 0.000000 1.000000
0.995194 0.052615 -0.082584 -0.000000 -0.053473 0.998536 -0.008212 15.875400 0.082031 0.012589 0.996550 -0.000000 0.000000 0.000000 0.000000 1.000000
0.995913 0.048298 -0.076324 0.000000 -0.049272 0.998726 -0.010927 15.875400 0.075699 0.014643 0.997023 0.000000 0.000000 0.000000 0.000000 1.000000
0.996650 0.043156 -0.069468 0.000000 -0.044191 0.998933 -0.013429 15.875400 0.068815 0.016454 0.997494 0.000000 0.000000 0.000000 0.000000 1.000000
0.997352 0.037572 -0.062261 -0.000000 -0.038635 0.999126 -0.015954 15.875400 0.061608 0.018317 0.997932 0.000000 0.000000 0.000000 0.000000 1.000000
0.997978 0.031940 -0.054947 0.000000 -0.033014 0.999279 -0.018753 15.875400 0.054308 0.020529 0.998313 0.000000 0.000000 0.000000 0.000000 1.000000
0.998503 0.026658 -0.047766 -0.000000 -0.027738 0.999371 -0.022094 15.875400 0.047147 0.023386 0.998614 -0.000000 0.000000 0.000000 0.000000 1.000000
0.998916 0.022130 -0.040961 0.000000 -0.023217 0.999385 -0.026262 15.875400 0.040355 0.027184 0.998816 0.000000 0.000000 0.000000 0.000000 1.000000
0.999186 0.020307 -0.034862 0.000000 -0.021548 0.999134 -0.035601 15.875400 0.034109 0.036323 0.998758 0.000000 0.000000 0.000000 0.000000 1.000000
0.999323 0.020111 -0.030817 0.000000 -0.021544 0.998667 -0.046898 15.875400 0.029832 0.047531 0.998424 0.000000 0.000000 0.000000 0.000000 1.000000
0.999244 0.019461 -0.033642 0.000000 -0.021197 0.998420 -0.052039 15.875400 0.032576 0.052713 0.998078 -0.000000 0.000000 0.000000 0.000000 1.000000
0.999085 0.020429 -0.037586 0.000000 -0.022289 0.998513 -0.049746 15.875400 0.036513 0.050538 0.998054 -0.000000 0.000000 0.000000 0.000000 1.000000
0.999064 0.020188 -0.038250 -0.000000 -0.022083 0.998515 -0.049795 15.875400 0.037188 0.050593 0.998027 -0.000000 0.000000 0.000000 0.000000 1.000000
0.999215 0.019536 -0.034463 0.000000 -0.021290 0.998457 -0.051288 15.875400 0.033408 0.051981 0.998089 -0.000000 0.000000 0.000000 0.000000 1.000000
0.999410 0.020604 -0.027486 -0.000000 -0.022007 0.998416 -0.051787 15.875400 0.026375 0.052361 0.998280 0.000000 0.000000 0.000000 0.000000 1.000000
0.999565 0.021613 -0.020090 -0.000000 -0.022633 0.998389 -0.052027 15.875400 0.018933 0.052459 0.998444 0.000000 0.000000 0.000000 0.000000 1.000000
0.999692 0.020606 -0.013796 0.000000 -0.021296 0.998426 -0.051885 15.875400 0.012705 0.052163 0.998558 0.000000 0.000000 0.000000 0.000000 1.000000
0.999707 0.020698 -0.012567 -0.000000 -0.021314 0.998469 -0.051041 15.875400 0.011491 0.051294 0.998617 0.000000 0.000000 0.000000 0.000000 1.000000
0.999664 0.022430 -0.012986 -0.000000 -0.023035 0.998558 -0.048492 15.875400 0.011880 0.048775 0.998739 0.000000 0.000000 0.000000 0.000000 1.000000
0.999537 0.026039 -0.015726 0.000000 -0.026755 0.998529 -0.047164 15.875400 0.014474 0.047563 0.998763 0.000000 0.000000 0.000000 0.000000 1.000000
0.999274 0.031788 -0.020996 -0.000000 -0.032713 0.998437 -0.045311 15.875400 0.019522 0.045965 0.998752 0.000000 0.000000 0.000000 0.000000 1.000000
0.998847 0.037424 -0.030056 0.000000 -0.038788 0.998180 -0.046175 15.875400 0.028273 0.047287 0.998481 0.000000 0.000000 0.000000 0.000000 1.000000
0.998406 0.041645 -0.038104 0.000000 -0.043337 0.998060 -0.044708 15.875400 0.036168 0.046288 0.998273 0.000000 0.000000 0.000000 0.000000 1.000000
0.998350 0.039685 -0.041510 0.000000 -0.041238 0.998454 -0.037264 15.875400 0.039967 0.038914 0.998443 0.000000 0.000000 0.000000 0.000000 1.000000
0.998234 0.037695 -0.045917 0.000000 -0.038916 0.998904 -0.026006 15.875400 0.044887 0.027747 0.998607 0.000000 0.000000 0.000000 0.000000 1.000000
0.997573 0.045102 -0.053040 -0.000000 -0.046201 0.998738 -0.019675 15.875400 0.052085 0.022078 0.998399 0.000000 0.000000 0.000000 0.000000 1.000000
0.996638 0.057704 -0.058168 0.000000 -0.059041 0.998023 -0.021531 15.875400 0.056811 0.024893 0.998075 0.000000 0.000000 0.000000 0.000000 1.000000
0.996131 0.065358 -0.058743 0.000000 -0.067025 0.997390 -0.026865 15.875400 0.056834 0.030698 0.997912 0.000000 0.000000 0.000000 0.000000 1.000000
0.995704 0.072846 -0.057159 0.000000 -0.074908 0.996583 -0.034800 15.875400 0.054429 0.038932 0.997758 -0.000000 0.000000 0.000000 0.000000 1.000000
0.994896 0.082495 -0.058103 -0.000000 -0.085150 0.995360 -0.044800 15.875400 0.054137 0.049519 0.997305 -0.000000 0.000000 0.000000 0.000000 1.000000
0.994467 0.087483 -0.058158 0.000000 -0.090588 0.994473 -0.053073 15.875400 0.053194 0.058047 0.996896 0.000000 0.000000 0.000000 0.000000 1.000000
0.994492 0.088167 -0.056677 0.000000 -0.091249 0.994347 -0.054302 15.875400 0.051569 0.059174 0.996915 -0.000000 0.000000 0.000000 0.000000 1.000000
0.994759 0.085993 -0.055318 -0.000000 -0.088509 0.995069 -0.044755 15.875400 0.051197 0.049417 0.997465 0.000000 0.000000 0.000000 0.000000 1.000000
0.995195 0.081252 -0.054643 -0.000000 -0.083017 0.996070 -0.030851 15.875400 0.051922 0.035239 0.998029 0.000000 0.000000 0.000000 0.000000 1.000000
0.995085 0.079811 -0.058623 -0.000000 -0.081482 0.996317 -0.026687 15.875400 0.056277 0.031333 0.997923 0.000000 0.000000 0.000000 0.000000 1.000000
0.995163 0.075053 -0.063386 0.000000 -0.076296 0.996933 -0.017424 15.875400 0.061884 0.022175 0.997837 0.000000 0.000000 0.000000 0.000000 1.000000
0.995180 0.070365 -0.068309 -0.000000 -0.071103 0.997433 -0.008418 15.875400 0.067541 0.013234 0.997629 0.000000 0.000000 0.000000 0.000000 1.000000
0.995022 0.067785 -0.073049 0.000000 -0.068175 0.997669 -0.002854 15.875400 0.072685 0.007820 0.997324 -0.000000 0.000000 0.000000 0.000000 1.000000
0.994835 0.065450 -0.077580 -0.000000 -0.065541 0.997849 0.001387 15.875400 0.077504 0.003705 0.996985 0.000000 0.000000 0.000000 0.000000 1.000000
0.994809 0.061089 -0.081380 -0.000000 -0.060911 0.998132 0.004673 15.875400 0.081513 0.000308 0.996672 -0.000000 0.000000 0.000000 0.000000 1.000000
0.994667 0.058557 -0.084909 0.000000 -0.058370 0.998284 0.004690 15.875400 0.085038 0.000292 0.996378 -0.000000 0.000000 0.000000 0.000000 1.000000
0.994736 0.056570 -0.085439 -0.000000 -0.056556 0.998396 0.002587 15.875400 0.085448 0.002259 0.996340 -0.000000 0.000000 0.000000 0.000000 1.000000
0.994800 0.054818 -0.085838 0.000000 -0.054976 0.998488 0.000516 15.875400 0.085736 0.004205 0.996309 -0.000000 0.000000 0.000000 0.000000 1.000000
0.994708 0.053209 -0.087887 0.000000 -0.053432 0.998571 -0.000187 15.875400 0.087752 0.004882 0.996130 0.000000 0.000000 0.000000 0.000000 1.000000
0.994594 0.052068 -0.089847 -0.000000 -0.052336 0.998629 -0.000626 15.875400 0.089691 0.005325 0.995955 0.000000 0.000000 0.000000 0.000000 1.000000
0.994572 0.051897 -0.090185 0.000000 -0.052253 0.998633 -0.001583 15.875400 0.089979 0.006287 0.995924 0.000000 0.000000 0.000000 0.000000 1.000000
0.994575 0.052071 -0.090047 -0.000000 -0.052522 0.998616 -0.002648 15.875400 0.089785 0.007363 0.995934 -0.000000 0.000000 0.000000 0.000000 1.000000</float_array>
        <technique_common>
          <accessor source="#mixamorig_Spine2-Matrix-animation-output-transform-array" count="49" stride="16">
            <param type="float4x4"/>
          </accessor>
        </technique_common>
      </source>
      <source id="mixamorig_Spine2-Interpolations">
        <Name_array id="mixamorig_Spine2-Interpolations-array" count="49">
 LINEAR LINEAR LINEAR LINEAR LINEAR LINEAR LINEAR LINEAR LINEAR LINEAR LINEAR
LINEAR LINEAR LINEAR LINEAR LINEAR LINEAR LINEAR LINEAR LINEAR LINEAR LINEAR LINEAR
LINEAR LINEAR LINEAR LINEAR LINEAR LINEAR LINEAR LINEAR LINEAR LINEAR LINEAR LINEAR
LINEAR LINEAR LINEAR LINEAR LINEAR LINEAR LINEAR LINEAR LINEAR LINEAR LINEAR LINEAR
LINEAR LINEAR</Name_array>
        <technique_common>
          <accessor source="#mixamorig_Spine2-Interpolations-array" count="49">
            <param type="name"/>
          </accessor>
        </technique_common>
      </source>
      <sampler id="mixamorig_Spine2-Matrix-animation-transform">
        <input semantic="INPUT" source="#mixamorig_Spine2-Matrix-animation-input"/>
        <input semantic="OUTPUT" source="#mixamorig_Spine2-Matrix-animation-output-transform"/>
        <input semantic="INTERPOLATION" source="#mixamorig_Spine2-Interpolations"/>
      </sampler>
      <channel source="#mixamorig_Spine2-Matrix-animation-transform" target="mixamorig_Spine2/matrix"/>
    </animation>
    <animation id="mixamorig_Neck-anim" name="mixamorig_Neck">
      <source id="mixamorig_Neck-Matrix-animation-input">
        <float_array id="mixamorig_Neck-Matrix-animation-input-array" count="49">

0.000000 0.033333 0.066667 0.100000 0.133333 0.166667 0.200000 0.233333 0.266667 0.300000 0.333333 0.366667 0.400000 0.433333 0.466667 0.500000
0.533333 0.566667 0.600000 0.633333 0.666667 0.700000 0.733333 0.766667 0.800000 0.833333 0.866667 0.900000 0.933333 0.966667 1.000000 1.033333
