<?xml version="1.0" encoding="utf-8"?>
<COLLADA xmlns="http://www.collada.org/2005/11/COLLADASchema" version="1.4.1">
  <asset>
    <contributor>
      <author>Mixamo</author>
      <authoring_tool>COLLADA Mixamo exporter</authoring_tool>
      <comments/>
    </contributor>
    <created>2025-11-14T05:17:25Z</created>
    <modified>2025-11-14T05:17:25Z</modified>
    <revision/>
    <title/>
    <unit meter="0.010000"/>
    <up_axis>Y_UP</up_axis>
  </asset>
  <library_animations>
    <animation id="mixamorig_Hips-anim" name="mixamorig_Hips">
      <source id="mixamorig_Hips-Matrix-animation-input">
        <float_array id="mixamorig_Hips-Matrix-animation-input-array" count="31">

0.000000 0.033333 0.066667 0.100000 0.133333 0.166667 0.200000 0.233333 0.266667 0.300000 0.333333 0.366667 0.400000 0.433333 0.466667 0.500000
0.533333 0.566667 0.600000 0.633333 0.666667 0.700000 0.733333 0.766667 0.800000 0.833333 0.866667 0.900000 0.933333 0.966667 1.000000</float_array>
        <technique_common>
          <accessor source="#mixamorig_Hips-Matrix-animation-input-array" count="31">
            <param name="TIME" type="float"/>
          </accessor>
        </technique_common>
      </source>
      <source id="mixamorig_Hips-Matrix-animation-output-transform">
        <float_array id="mixamorig_Hips-Matrix-animation-output-transform-array" count="496">

0.881903 -0.216770 -0.418637 -0.939033 0.062797 0.934118 -0.351397 63.122459 0.467229 0.283609 0.837414 2.381611 0.000000 0.000000 0.000000 1.000000
0.881533 -0.219659 -0.417912 -0.964934 0.067223 0.934554 -0.349414 63.143578 0.467313 0.279927 0.838606 2.344518 0.000000 0.000000 0.000000 1.000000
0.880584 -0.225650 -0.416719 -1.052523 0.074445 0.934308 -0.348607 63.417648 0.468007 0.275955 0.839535 2.310235 0.000000 0.000000 0.000000 1.000000
0.879450 -0.232205 -0.415509 -1.151917 0.082135 0.933872 -0.348047 63.747929 0.468850 0.271962 0.840366 2.276622 0.000000 0.000000 0.000000 1.000000
0.878015 -0.238524 -0.414964 -1.255107 0.089094 0.933274 -0.347939 64.218803 0.470267 0.268525 0.840680 2.245292 0.000000 0.000000 0.000000 1.000000
0.875328 -0.243399 -0.417802 -1.374614 0.092052 0.932147 -0.350184 65.420761 0.474687 0.268066 0.838340 2.225919 0.000000 0.000000 0.000000 1.000000
0.871950 -0.246296 -0.423133 -1.475137 0.090328 0.930342 -0.355392 66.989273 0.481190 0.271663 0.833460 2.249359 0.000000 0.000000 0.000000 1.000000
0.866031 -0.248384 -0.433931 -1.566643 0.085019 0.928395 -0.361737 68.950912 0.492710 0.276383 0.825136 2.285484 0.000000 0.000000 0.000000 1.000000
0.857658 -0.251305 -0.448630 -1.669630 0.079763 0.926902 -0.366730 71.265862 0.507997 0.278745 0.815009 2.309660 0.000000 0.000000 0.000000 1.000000
0.846116 -0.251643 -0.469855 -1.740262 0.075792 0.929378 -0.361265 73.998215 0.527583 0.270061 0.805434 2.258227 0.000000 0.000000 0.000000 1.000000
0.833487 -0.251050 -0.492213 -1.804140 0.072102 0.932620 -0.353583 76.812454 0.547815 0.259217 0.795428 2.191839 0.000000 0.000000 0.000000 1.000000
0.819235 -0.249654 -0.516262 -1.857035 0.068684 0.936498 -0.343880 79.684677 0.569330 0.246260 0.784360 2.112995 0.000000 0.000000 0.000000 1.000000
0.798366 -0.245505 -0.549854 -1.853606 0.066418 0.943446 -0.324804 82.838829 0.598498 0.222792 0.769522 1.972708 0.000000 0.000000 0.000000 1.000000
0.776254 -0.227564 -0.587915 -1.639613 0.059448 0.954844 -0.291099 86.223618 0.627611 0.191017 0.754730 1.769508 0.000000 0.000000 0.000000 1.000000
0.752549 -0.211989 -0.623483 -1.416903 0.056685 0.964109 -0.259385 89.412674 0.656092 0.159858 0.737556 1.614108 0.000000 0.000000 0.000000 1.000000
0.727711 -0.194994 -0.657582 -1.192429 0.054616 0.972166 -0.227838 92.560173 0.683706 0.129886 0.718106 1.468583 0.000000 0.000000 0.000000 1.000000
0.701912 -0.176021 -0.690171 -0.965885 0.052314 0.979106 -0.196508 95.629700 0.710340 0.101826 0.696454 1.337644 0.000000 0.000000 0.000000 1.000000
0.675426 -0.156167 -0.720702 -0.728891 0.048865 0.984649 -0.167565 98.297249 0.735807 0.077960 0.672689 1.281214 0.000000 0.000000 0.000000 1.000000
0.648086 -0.141139 -0.748375 -0.567341 0.050878 0.988506 -0.142365 100.573524 0.759866 0.054189 0.647817 1.200208 0.000000 0.000000 0.000000 1.000000
0.622196 -0.124775 -0.772854 -0.395845 0.051259 0.991592 -0.118822 102.493767 0.781182 0.034314 0.623360 1.122519 0.000000 0.000000 0.000000 1.000000
0.604188 -0.108205 -0.789461 -0.225411 0.051554 0.993970 -0.096780 104.197350 0.795173 0.017773 0.606123 1.033899 0.000000 0.000000 0.000000 1.000000
0.588626 -0.093917 -0.802932 -0.079182 0.052930 0.995575 -0.077648 105.258141 0.806671 0.003206 0.590992 0.934490 0.000000 0.000000 0.000000 1.000000
0.574144 -0.084431 -0.814390 0.021912 0.056586 0.996382 -0.063406 105.190880 0.816797 -0.009679 0.576844 0.820972 0.000000 0.000000 0.000000 1.000000
0.560441 -0.076838 -0.824622 0.103440 0.060917 0.996814 -0.051482 104.631950 0.825951 -0.021381 0.563336 0.700283 0.000000 0.000000 0.000000 1.000000
0.547479 -0.069635 -0.833917 0.175701 0.064597 0.997075 -0.040851 103.873535 0.834323 -0.031503 0.550376 0.571763 0.000000 0.000000 0.000000 1.000000
0.538957 -0.065587 -0.839776 0.205055 0.065853 0.997193 -0.035618 102.215050 0.839755 -0.036105 0.541764 0.403867 0.000000 0.000000 0.000000 1.000000
0.536946 -0.063121 -0.841252 0.216351 0.067730 0.997203 -0.031592 101.431213 0.840893 -0.040015 0.539720 0.211665 0.000000 0.000000 0.000000 1.000000
0.535821 -0.061199 -0.842111 0.222091 0.069560 0.997179 -0.028208 100.891052 0.841461 -0.043463 0.538566 0.006005 0.000000 0.000000 0.000000 1.000000
0.532605 -0.060379 -0.844208 0.218111 0.070504 0.997150 -0.026838 100.694717 0.843422 -0.045226 0.535344 -0.242638 0.000000 0.000000 0.000000 1.000000
0.527745 -0.060212 -0.847266 0.211705 0.070235 0.997162 -0.027116 100.653633 0.846494 -0.045197 0.530476 -0.451039 0.000000 0.000000 0.000000 1.000000
0.522570 -0.060166 -0.850471 0.204858 0.069742 0.997181 -0.027692 100.640778 0.849739 -0.044842 0.525292 -0.652124 0.000000 0.000000 0.000000 1.000000</float_array>
        <technique_common>
          <accessor source="#mixamorig_Hips-Matrix-animation-output-transform-array" count="31" stride="16">
            <param type="float4x4"/>
          </accessor>
        </technique_common>
      </source>
      <source id="mixamorig_Hips-Interpolations">
        <Name_array id="mixamorig_Hips-Interpolations-array" count="31">
 LINEAR LINEAR LINEAR LINEAR LINEAR LINEAR LINEAR LINEAR LINEAR LINEAR LINEAR
LINEAR LINEAR LINEAR LINEAR LINEAR LINEAR LINEAR LINEAR LINEAR LINEAR LINEAR LINEAR
LINEAR LINEAR LINEAR LINEAR LINEAR LINEAR LINEAR LINEAR</Name_array>
        <technique_common>
          <accessor source="#mixamorig_Hips-Interpolations-array" count="31">
            <param type="name"/>
          </accessor>
        </technique_common>
      </source>
      <sampler id="mixamorig_Hips-Matrix-animation-transform">
        <input semantic="INPUT" source="#mixamorig_Hips-Matrix-animation-input"/>
        <input semantic="OUTPUT" source="#mixamorig_Hips-Matrix-animation-output-transform"/>
        <input semantic="INTERPOLATION" source="#mixamorig_Hips-Interpolations"/>
      </sampler>
      <channel source="#mixamorig_Hips-Matrix-animation-transform" target="mixamorig_Hips/matrix"/>
    </animation>
    <animation id="mixamorig_Spine-anim" name="mixamorig_Spine">
      <source id="mixamorig_Spine-Matrix-animation-input">
        <float_array id="mixamorig_Spine-Matrix-animation-input-array" count="31">

0.000000 0.033333 0.066667 0.100000 0.133333 0.166667 0.200000 0.233333 0.266667 0.300000 0.333333 0.366667 0.400000 0.433333 0.466667 0.500000
0.533333 0.566667 0.600000 0.633333 0.666667 0.700000 0.733333 0.766667 0.800000 0.833333 0.866667 0.900000 0.933333 0.966667 1.000000</float_array>
        <technique_common>
          <accessor source="#mixamorig_Spine-Matrix-animation-input-array" count="31">
            <param name="TIME" type="float"/>
          </accessor>
        </technique_common>
      </source>
      <source id="mixamorig_Spine-Matrix-animation-output-transform">
        <float_array id="mixamorig_Spine-Matrix-animation-output-transform-array" count="496">

0.998713 0.023475 -0.044952 0.000000 -0.029916 0.988465 -0.148465 8.536500 0.040949 0.149619 0.987895 0.187100 0.000000 0.000000 0.000000 1.000000
0.998673 0.023817 -0.045654 0.000000 -0.030373 0.988406 -0.148766 8.536500 0.041582 0.149955 0.987818 0.187100 0.000000 0.000000 0.000000 1.000000
0.998577 0.025851 -0.046654 0.000000 -0.032532 0.988351 -0.148673 8.536500 0.042267 0.149980 0.987785 0.187100 0.000000 0.000000 0.000000 1.000000
0.998464 0.028197 -0.047689 0.000000 -0.035002 0.988292 -0.148502 8.536500 0.042944 0.149944 0.987761 0.187100 0.000000 0.000000 0.000000 1.000000
0.998363 0.030466 -0.048403 0.000000 -0.037347 0.988235 -0.148316 8.536500 0.043315 0.149881 0.987755 0.187100 0.000000 0.000000 0.000000 1.000000
0.998357 0.032222 -0.047388 0.000000 -0.038924 0.988206 -0.148098 8.536500 0.042057 0.149699 0.987837 0.187100 0.000000 0.000000 0.000000 1.000000
0.998409 0.033191 -0.045586 0.000000 -0.039606 0.988205 -0.147929 8.536500 0.040139 0.149499 0.987947 0.187100 0.000000 0.000000 0.000000 1.000000
0.998513 0.033760 -0.042798 0.000000 -0.039734 0.988270 -0.147456 8.536500 0.037317 0.148937 0.988142 0.187100 0.000000 0.000000 0.000000 1.000000
0.998687 0.034267 -0.038092 0.000000 -0.039534 0.988280 -0.147446 8.536500 0.032593 0.148758 0.988336 0.187100 0.000000 0.000000 0.000000 1.000000
0.998832 0.034946 -0.033380 -0.000000 -0.039546 0.988057 -0.148930 8.536500 0.027777 0.150076 0.988284 0.187100 0.000000 0.000000 0.000000 1.000000
0.998952 0.035681 -0.028675 0.000000 -0.039609 0.987784 -0.150710 8.536500 0.022947 0.151688 0.988162 0.187100 0.000000 0.000000 0.000000 1.000000
0.999040 0.036595 -0.024085 0.000000 -0.039853 0.987463 -0.152737 8.536500 0.018194 0.153550 0.987973 0.187100 0.000000 0.000000 0.000000 1.000000
0.999061 0.038378 -0.020100 0.000000 -0.041049 0.986906 -0.155984 8.536500 0.013850 0.156663 0.987555 0.187100 0.000000 0.000000 0.000000 1.000000
0.999103 0.038956 -0.016612 0.000000 -0.041139 0.985886 -0.162284 8.536500 0.010056 0.162822 0.986604 0.187100 0.000000 0.000000 0.000000 1.000000
0.999091 0.040256 -0.014041 -0.000000 -0.042044 0.984905 -0.167912 8.536500 0.007069 0.168350 0.985702 0.187100 0.000000 0.000000 0.000000 1.000000
0.999062 0.041698 -0.011653 0.000000 -0.043088 0.983907 -0.173410 8.536500 0.004235 0.173749 0.984781 0.187100 0.000000 0.000000 0.000000 1.000000
0.999034 0.042970 -0.009243 0.000000 -0.043931 0.982896 -0.178844 8.536500 0.001400 0.179078 0.983834 0.187100 0.000000 0.000000 0.000000 1.000000
0.999046 0.043179 -0.006572 -0.000000 -0.043651 0.981960 -0.183980 8.536500 -0.001491 0.184091 0.982908 0.187100 0.000000 0.000000 0.000000 1.000000
0.999014 0.044155 -0.004595 0.000000 -0.044232 0.981175 -0.187987 8.536500 -0.003792 0.188005 0.982161 0.187100 0.000000 0.000000 0.000000 1.000000
0.999002 0.044585 -0.002554 -0.000000 -0.044246 0.980420 -0.191885 8.536500 -0.006052 0.191806 0.981414 0.187100 0.000000 0.000000 0.000000 1.000000
0.999004 0.044586 -0.001876 0.000000 -0.044090 0.979627 -0.195926 8.536500 -0.006898 0.195814 0.980617 0.187100 0.000000 0.000000 0.000000 1.000000
0.998996 0.044783 -0.001422 -0.000000 -0.044166 0.978902 -0.199499 8.536500 -0.007542 0.199361 0.979897 0.187100 0.000000 0.000000 0.000000 1.000000
0.998960 0.045598 -0.000758 0.000000 -0.044810 0.978334 -0.202125 8.536500 -0.008474 0.201948 0.979359 0.187100 0.000000 0.000000 0.000000 1.000000
0.998912 0.046637 -0.000081 0.000000 -0.045669 0.977832 -0.204350 8.536500 -0.009451 0.204131 0.978898 0.187100 0.000000 0.000000 0.000000 1.000000
0.998867 0.047588 0.000474 0.000000 -0.046465 0.977364 -0.206398 8.536500 -0.010285 0.206142 0.978468 0.187100 0.000000 0.000000 0.000000 1.000000
0.998848 0.047983 0.000384 0.000000 -0.046857 0.977083 -0.207637 8.536500 -0.010338 0.207380 0.978206 0.187100 0.000000 0.000000 0.000000 1.000000
0.998843 0.048081 -0.000362 0.000000 -0.047097 0.976835 -0.208749 8.536500 -0.009683 0.208525 0.977969 0.187100 0.000000 0.000000 0.000000 1.000000
0.998840 0.048146 -0.001069 0.000000 -0.047299 0.976604 -0.209780 8.536500 -0.009056 0.209587 0.977748 0.187100 0.000000 0.000000 0.000000 1.000000
0.998830 0.048350 -0.000923 0.000000 -0.047460 0.976434 -0.210535 8.536500 -0.009278 0.210332 0.977586 0.187100 0.000000 0.000000 0.000000 1.000000
0.998824 0.048493 0.000066 0.000000 -0.047389 0.976364 -0.210874 8.536500 -0.010290 0.210623 0.977513 0.187100 0.000000 0.000000 0.000000 1.000000
0.998816 0.048625 0.001208 0.000000 -0.047274 0.976313 -0.211137 8.536500 -0.011446 0.210830 0.977456 0.187100 0.000000 0.000000 0.000000 1.000000</float_array>
        <technique_common>
          <accessor source="#mixamorig_Spine-Matrix-animation-output-transform-array" count="31" stride="16">
            <param type="float4x4"/>
          </accessor>
        </technique_common>
      </source>
      <source id="mixamorig_Spine-Interpolations">
        <Name_array id="mixamorig_Spine-Interpolations-array" count="31">
 LINEAR LINEAR LINEAR LINEAR LINEAR LINEAR LINEAR LINEAR LINEAR LINEAR LINEAR
LINEAR LINEAR LINEAR LINEAR LINEAR LINEAR LINEAR LINEAR LINEAR LINEAR LINEAR LINEAR
LINEAR LINEAR LINEAR LINEAR LINEAR LINEAR LINEAR LINEAR</Name_array>
        <technique_common>
          <accessor source="#mixamorig_Spine-Interpolations-array" count="31">
            <param type="name"/>
          </accessor>
        </technique_common>
      </source>
      <sampler id="mixamorig_Spine-Matrix-animation-transform">
        <input semantic="INPUT" source="#mixamorig_Spine-Matrix-animation-input"/>
        <input semantic="OUTPUT" source="#mixamorig_Spine-Matrix-animation-output-transform"/>
        <input semantic="INTERPOLATION" source="#mixamorig_Spine-Interpolations"/>
      </sampler>
      <channel source="#mixamorig_Spine-Matrix-animation-transform" target="mixamorig_Spine/matrix"/>
    </animation>
    <animation id="mixamorig_Spine1-anim" name="mixamorig_Spine1">
      <source id="mixamorig_Spine1-Matrix-animation-input">
        <float_array id="mixamorig_Spine1-Matrix-animation-input-array" count="31">

0.000000 0.033333 0.066667 0.100000 0.133333 0.166667 0.200000 0.233333 0.266667 0.300000 0.333333 0.366667 0.400000 0.433333 0.466667 0.500000
0.533333 0.566667 0.600000 0.633333 0.666667 0.700000 0.733333 0.766667 0.800000 0.833333 0.866667 0.900000 0.933333 0.966667 1.000000</float_array>
        <technique_common>
          <accessor source="#mixamorig_Spine1-Matrix-animation-input-array" count="31">
            <param name="TIME" type="float"/>
          </accessor>
        </technique_common>
      </source>
      <source id="mixamorig_Spine1-Matrix-animation-output-transform">
        <float_array id="mixamorig_Spine1-Matrix-animation-output-transform-array" count="496">

0.994567 0.050997 -0.090748 0.000000 -0.052784 0.998454 -0.017396 9.685800 0.089721 0.022092 0.995722 0.000000 0.000000 0.000000 0.000000 1.000000
0.994515 0.051654 -0.090944 -0.000000 -0.053539 0.998396 -0.018410 9.685800 0.089847 0.023178 0.995686 0.000000 0.000000 0.000000 0.000000 1.000000
0.994273 0.055049 -0.091598 -0.000000 -0.057072 0.998177 -0.019610 9.685800 0.090352 0.024726 0.995603 0.000000 0.000000 0.000000 0.000000 1.000000
0.993981 0.058937 -0.092345 -0.000000 -0.061108 0.997913 -0.020851 9.685800 0.090923 0.026369 0.995509 -0.000000 0.000000 0.000000 0.000000 1.000000
0.993696 0.062542 -0.093041 -0.000000 -0.064874 0.997645 -0.022253 9.685800 0.091431 0.028149 0.995414 -0.000000 0.000000 0.000000 0.000000 1.000000
0.993539 0.064486 -0.093395 0.000000 -0.067046 0.997448 -0.024529 9.685800 0.091575 0.030632 0.995327 0.000000 0.000000 0.000000 0.000000 1.000000
0.993600 0.064540 -0.092699 0.000000 -0.067028 0.997463 -0.023970 9.685800 0.090917 0.030030 0.995406 -0.000000 0.000000 0.000000 0.000000 1.000000
0.993853 0.063614 -0.090601 0.000000 -0.065673 0.997642 -0.019921 9.685800 0.089120 0.025748 0.995688 -0.000000 0.000000 0.000000 0.000000 1.000000
0.994175 0.062119 -0.088079 0.000000 -0.063916 0.997798 -0.017728 9.685800 0.086784 0.023255 0.995956 -0.000000 0.000000 0.000000 0.000000 1.000000
0.994444 0.061214 -0.085640 0.000000 -0.063108 0.997815 -0.019581 9.685800 0.084255 0.024877 0.996134 0.000000 0.000000 0.000000 0.000000 1.000000
0.994697 0.060460 -0.083197 0.000000 -0.062507 0.997797 -0.022222 9.685800 0.081670 0.027305 0.996285 0.000000 0.000000 0.000000 0.000000 1.000000
0.994938 0.060158 -0.080495 -0.000000 -0.062378 0.997730 -0.025356 9.685800 0.078787 0.030249 0.996432 0.000000 0.000000 0.000000 0.000000 1.000000
0.995132 0.062190 -0.076447 0.000000 -0.064706 0.997426 -0.030880 9.685800 0.074330 0.035676 0.996595 0.000000 0.000000 0.000000 0.000000 1.000000
0.995569 0.062378 -0.070372 -0.000000 -0.065476 0.996945 -0.042596 9.685800 0.067500 0.047015 0.996611 0.000000 0.000000 0.000000 0.000000 1.000000
0.995886 0.064408 -0.063733 0.000000 -0.067882 0.996235 -0.053918 9.685800 0.060020 0.058022 0.996509 -0.000000 0.000000 0.000000 0.000000 1.000000
0.996129 0.066905 -0.057015 0.000000 -0.070586 0.995373 -0.065188 9.685800 0.052390 0.068960 0.996243 0.000000 0.000000 0.000000 0.000000 1.000000
0.996333 0.069481 -0.049933 0.000000 -0.073174 0.994388 -0.076404 9.685800 0.044344 0.079777 0.995826 0.000000 0.000000 0.000000 0.000000 1.000000
0.996595 0.071727 -0.040676 -0.000000 -0.075054 0.993356 -0.087235 9.685800 0.034148 0.089991 0.995357 0.000000 0.000000 0.000000 0.000000 1.000000
0.996565 0.076079 -0.032719 -0.000000 -0.078892 0.992287 -0.095614 9.685800 0.025192 0.097867 0.994881 0.000000 0.000000 0.000000 0.000000 1.000000
0.996532 0.079548 -0.024411 0.000000 -0.081673 0.991206 -0.104116 9.685800 0.015914 0.105748 0.994266 0.000000 0.000000 0.000000 0.000000 1.000000
0.996470 0.081826 -0.018781 0.000000 -0.083438 0.990013 -0.113632 9.685800 0.009296 0.114798 0.993345 0.000000 0.000000 0.000000 0.000000 1.000000
0.996350 0.084154 -0.014290 -0.000000 -0.085272 0.988826 -0.122281 9.685800 0.003840 0.123053 0.992393 0.000000 0.000000 0.000000 0.000000 1.000000
0.996139 0.087132 -0.010722 0.000000 -0.087786 0.987760 -0.128935 9.685800 -0.000644 0.129379 0.991595 0.000000 0.000000 0.000000 0.000000 1.000000
0.995885 0.090297 -0.007695 -0.000000 -0.090508 0.986738 -0.134744 9.685800 -0.004574 0.134886 0.990851 0.000000 0.000000 0.000000 0.000000 1.000000
0.995633 0.093218 -0.005067 -0.000000 -0.093008 0.985780 -0.139952 9.685800 -0.008051 0.139812 0.990145 -0.000000 0.000000 0.000000 0.000000 1.000000
0.995504 0.094628 -0.004223 -0.000000 -0.094265 0.985342 -0.142179 9.685800 -0.009293 0.141938 0.989832 0.000000 0.000000 0.000000 0.000000 1.000000
0.995447 0.095185 -0.005045 0.000000 -0.094920 0.985059 -0.143699 9.685800 -0.008709 0.143524 0.989609 -0.000000 0.000000 0.000000 0.000000 1.000000
0.995402 0.095598 -0.005916 0.000000 -0.095444 0.984827 -0.144936 9.685800 -0.008029 0.144835 0.989423 0.000000 0.000000 0.000000 0.000000 1.000000
0.995351 0.096165 -0.005371 0.000000 -0.095921 0.984701 -0.145474 9.685800 -0.008701 0.145313 0.989347 0.000000 0.000000 0.000000 0.000000 1.000000
0.995298 0.096799 -0.003367 0.000000 -0.096258 0.984666 -0.145493 9.685800 -0.010768 0.145133 0.989353 0.000000 0.000000 0.000000 0.000000 1.000000
0.995240 0.097444 -0.001099 0.000000 -0.096568 0.984646 -0.145419 9.685800 -0.013089 0.144833 0.989370 0.000000 0.000000 0.000000 0.000000 1.000000</float_array>
        <technique_common>
          <accessor source="#mixamorig_Spine1-Matrix-animation-output-transform-array" count="31" stride="16">
            <param type="float4x4"/>
          </accessor>
        </technique_common>
      </source>
      <source id="mixamorig_Spine1-Interpolations">
        <Name_array id="mixamorig_Spine1-Interpolations-array" count="31">
 LINEAR LINEAR LINEAR LINEAR LINEAR LINEAR LINEAR LINEAR LINEAR LINEAR LINEAR
LINEAR LINEAR LINEAR LINEAR LINEAR LINEAR LINEAR LINEAR LINEAR LINEAR LINEAR LINEAR
LINEAR LINEAR LINEAR LINEAR LINEAR LINEAR LINEAR LINEAR</Name_array>
        <technique_common>
          <accessor source="#mixamorig_Spine1-Interpolations-array" count="31">
            <param type="name"/>
          </accessor>
        </technique_common>
      </source>
      <sampler id="mixamorig_Spine1-Matrix-animation-transform">
        <input semantic="INPUT" source="#mixamorig_Spine1-Matrix-animation-input"/>
        <input semantic="OUTPUT" source="#mixamorig_Spine1-Matrix-animation-output-transform"/>
        <input semantic="INTERPOLATION" source="#mixamorig_Spine1-Interpolations"/>
      </sampler>
      <channel source="#mixamorig_Spine1-Matrix-animation-transform" target="mixamorig_Spine1/matrix"/>
    </animation>
    <animation id="mixamorig_Spine2-anim" name="mixamorig_Spine2">
      <source id="mixamorig_Spine2-Matrix-animation-input">
        <float_array id="mixamorig_Spine2-Matrix-animation-input-array" count="31">

0.000000 0.033333 0.066667 0.100000 0.133333 0.166667 0.200000 0.233333 0.266667 0.300000 0.333333 0.366667 0.400000 0.433333 0.466667 0.500000
0.533333 0.566667 0.600000 0.633333 0.666667 0.700000 0.733333 0.766667 0.800000 0.833333 0.866667 0.900000 0.933333 0.966667 1.000000</float_array>
        <technique_common>
          <accessor source="#mixamorig_Spine2-Matrix-animation-input-array" count="31">
            <param name="TIME" type="float"/>
          </accessor>
        </technique_common>
      </source>
      <source id="mixamorig_Spine2-Matrix-animation-output-transform">
        <float_array id="mixamorig_Spine2-Matrix-animation-output-transform-array" count="496">

0.994568 0.052455 -0.089908 0.000000 -0.052918 0.998595 -0.002773 15.875400 0.089636 0.007515 0.995946 -0.000000 0.000000 0.000000 0.000000 1.000000
0.994510 0.053185 -0.090119 -0.000000 -0.053684 0.998553 -0.003128 15.875400 0.089822 0.007948 0.995926 -0.000000 0.000000 0.000000 0.000000 1.000000
0.994223 0.056277 -0.091400 0.000000 -0.056674 0.998391 -0.001746 15.875400 0.091154 0.006916 0.995813 -0.000000 0.000000 0.000000 0.000000 1.000000
0.993881 0.059791 -0.092874 0.000000 -0.060053 0.998195 -0.000025 15.875400 0.092705 0.005602 0.995678 0.000000 0.000000 0.000000 0.000000 1.000000
0.993546 0.062907 -0.094383 0.000000 -0.063020 0.998011 0.001792 15.875400 0.094308 0.004167 0.995534 -0.000000 0.000000 0.000000 0.000000 1.000000
0.993331 0.063752 -0.096065 -0.000000 -0.063667 0.997963 0.003959 15.875400 0.096122 0.002183 0.995367 0.000000 0.000000 0.000000 0.000000 1.000000
0.993330 0.062774 -0.096723 -0.000000 -0.062469 0.998028 0.006183 15.875400 0.096920 -0.000100 0.995292 0.000000 0.000000 0.000000 0.000000 1.000000
0.993515 0.060916 -0.096007 -0.000000 -0.060289 0.998136 0.009428 15.875400 0.096403 -0.003578 0.995336 0.000000 0.000000 0.000000 0.000000 1.000000
0.993761 0.058779 -0.094781 -0.000000 -0.057900 0.998250 0.011998 15.875400 0.095321 -0.006435 0.995426 0.000000 0.000000 0.000000 0.000000 1.000000
0.993944 0.058005 -0.093332 0.000000 -0.057198 0.998299 0.011309 15.875400 0.093829 -0.005902 0.995571 0.000000 0.000000 0.000000 0.000000 1.000000
0.994113 0.057524 -0.091819 0.000000 -0.056847 0.998333 0.009974 15.875400 0.092240 -0.004695 0.995726 -0.000000 0.000000 0.000000 0.000000 1.000000
0.994277 0.057566 -0.089998 0.000000 -0.057069 0.998338 0.008085 15.875400 0.090314 -0.002902 0.995909 0.000000 0.000000 0.000000 0.000000 1.000000
0.994419 0.060295 -0.086578 0.000000 -0.060224 0.998179 0.003437 15.875400 0.086628 0.001796 0.996239 0.000000 0.000000 0.000000 0.000000 1.000000
0.994878 0.061391 -0.080308 0.000000 -0.062240 0.998028 -0.008115 15.875400 0.079652 0.013072 0.996737 0.000000 0.000000 0.000000 0.000000 1.000000
0.995247 0.063849 -0.073529 0.000000 -0.065447 0.997665 -0.019543 15.875400 0.072109 0.024263 0.997102 0.000000 0.000000 0.000000 0.000000 1.000000
0.995543 0.066687 -0.066689 0.000000 -0.068871 0.997144 -0.030995 15.875400 0.064431 0.035450 0.997292 -0.000000 0.000000 0.000000 0.000000 1.000000
0.995799 0.069593 -0.059516 -0.000000 -0.072189 0.996479 -0.042643 15.875400 0.056339 0.046760 0.997316 0.000000 0.000000 0.000000 0.000000 1.000000
0.996127 0.072125 -0.050291 0.000000 -0.074876 0.995666 -0.055160 15.875400 0.046095 0.058712 0.997210 -0.000000 0.000000 0.000000 0.000000 1.000000
0.996156 0.076515 -0.042634 0.000000 -0.079244 0.994635 -0.066496 15.875400 0.037318 0.069619 0.996875 0.000000 0.000000 0.000000 0.000000 1.000000
0.996196 0.080083 -0.034345 -0.000000 -0.082565 0.993507 -0.078276 15.875400 0.027854 0.080814 0.996340 -0.000000 0.000000 0.000000 0.000000 1.000000
0.996206 0.082306 -0.028257 0.000000 -0.084555 0.992281 -0.090710 15.875400 0.020573 0.092756 0.995476 0.000000 0.000000 0.000000 0.000000 1.000000
0.996152 0.084560 -0.023046 0.000000 -0.086477 0.991065 -0.101549 15.875400 0.014253 0.103152 0.994564 0.000000 0.000000 0.000000 0.000000 1.000000
0.995996 0.087468 -0.018473 0.000000 -0.088968 0.990045 -0.109070 15.875400 0.008749 0.110277 0.993862 0.000000 0.000000 0.000000 0.000000 1.000000
0.995789 0.090555 -0.014294 0.000000 -0.091601 0.989108 -0.115213 15.875400 0.003705 0.116037 0.993238 0.000000 0.000000 0.000000 0.000000 1.000000
0.995576 0.093376 -0.010436 0.000000 -0.093952 0.988215 -0.120845 15.875400 -0.000971 0.121290 0.992617 0.000000 0.000000 0.000000 0.000000 1.000000
0.995492 0.094503 -0.007993 0.000000 -0.094763 0.987731 -0.124129 15.875400 -0.003836 0.124327 0.992234 0.000000 0.000000 0.000000 0.000000 1.000000
0.995478 0.094728 -0.007149 0.000000 -0.094868 0.987374 -0.126861 15.875400 -0.004958 0.126965 0.991895 0.000000 0.000000 0.000000 0.000000 1.000000
0.995468 0.094879 -0.006424 0.000000 -0.094912 0.987057 -0.129271 15.875400 -0.005924 0.129295 0.991588 -0.000000 0.000000 0.000000 0.000000 1.000000
0.995412 0.095566 -0.004698 -0.000000 -0.095359 0.986833 -0.130640 15.875400 -0.007849 0.130488 0.991419 0.000000 0.000000 0.000000 0.000000 1.000000
0.995332 0.096484 -0.002178 0.000000 -0.095937 0.986741 -0.130915 15.875400 -0.010482 0.130513 0.991391 0.000000 0.000000 0.000000 0.000000 1.000000
0.995241 0.097442 0.000487 0.000000 -0.096538 0.986672 -0.130994 15.875400 -0.013244 0.130324 0.991383 0.000000 0.000000 0.000000 0.000000 1.000000</float_array>
        <technique_common>
          <accessor source="#mixamorig_Spine2-Matrix-animation-output-transform-array" count="31" stride="16">
            <param type="float4x4"/>
          </accessor>
        </technique_common>
      </source>
      <source id="mixamorig_Spine2-Interpolations">
        <Name_array id="mixamorig_Spine2-Interpolations-array" count="31">
 LINEAR LINEAR LINEAR LINEAR LINEAR LINEAR LINEAR LINEAR LINEAR LINEAR LINEAR
LINEAR LINEAR LINEAR LINEAR LINEAR LINEAR LINEAR LINEAR LINEAR LINEAR LINEAR LINEAR
LINEAR LINEAR LINEAR LINEAR LINEAR LINEAR LINEAR LINEAR</Name_array>
        <technique_common>
          <accessor source="#mixamorig_Spine2-Interpolations-array" count="31">
            <param type="name"/>
          </accessor>
        </technique_common>
      </source>
      <sampler id="mixamorig_Spine2-Matrix-animation-transform">
        <input semantic="INPUT" source="#mixamorig_Spine2-Matrix-animation-input"/>
        <input semantic="OUTPUT" source="#mixamorig_Spine2-Matrix-animation-output-transform"/>
        <input semantic="INTERPOLATION" source="#mixamorig_Spine2-Interpolations"/>
      </sampler>
      <channel source="#mixamorig_Spine2-Matrix-animation-transform" target="mixamorig_Spine2/matrix"/>
    </animation>
    <animation id="mixamorig_Neck-anim" name="mixamorig_Neck">
      <source id="mixamorig_Neck-Matrix-animation-input">
        <float_array id="mixamorig_Neck-Matrix-animation-input-array" count="31">

0.000000 0.033333 0.066667 0.100000 0.133333 0.166667 0.200000 0.233333 0.266667 0.300000 0.333333 0.366667 0.400000 0.433333 0.466667 0.500000
0.533333 0.566667 0.600000 0.633333 0.666667 0.700000 0.733333 0.766667 0.800000 0.833333 0.866667 0.900000 0.933333 0.966667 1.000000</float_array>
        <technique_common>
          <accessor source="#mixamorig_Neck-Matrix-animation-input-array" count="31">
            <param name="TIME" type="float"/>
          </accessor>
        </technique_common>
      </source>
      <source id="mixamorig_Neck-Matrix-animation-output-transform">
        <float_array id="mixamorig_Neck-Matrix-animation-output-transform-array" count="496">

0.944319 -0.179959 0.275456 -0.000000 0.177217 0.983548 0.035027 26.173401 -0.277227 0.015739 0.960675 -0.161200 0.000000 0.000000 0.000000 1.000000
0.944849 -0.179222 0.274116 0.000000 0.176535 0.983684 0.034655 26.173401 -0.275854 0.015647 0.961072 -0.161200 0.000000 0.000000 0.000000 1.000000
0.945580 -0.177304 0.272839 -0.000000 0.174493 0.984045 0.034741 26.173401 -0.274646 0.014758 0.961432 -0.161200 0.000000 0.000000 0.000000 1.000000
0.946337 -0.175146 0.271605 -0.000000 0.172172 0.984447 0.034938 26.173401 -0.273500 0.013699 0.961774 -0.161200 0.000000 0.000000 0.000000 1.000000
0.946999 -0.172733 0.270842 -0.000000 0.169505 0.984891 0.035453 26.173401 -0.272874 0.012335 0.961971 -0.161200 0.000000 0.000000 0.000000 1.000000
0.947164 -0.169062 0.272578 0.000000 0.165098 0.985561 0.037591 26.173401 -0.274997 0.009397 0.961399 -0.161200 0.000000 0.000000 0.000000 1.000000
0.946472 -0.164794 0.277549 0.000000 0.159590 0.986315 0.041406 26.173401 -0.280574 0.005104 0.959819 -0.161200 0.000000 0.000000 0.000000 1.000000
0.945376 -0.159275 0.284421 0.000000 0.152293 0.987234 0.046649 26.173401 -0.288220 -0.000785 0.957564 -0.161200 0.000000 0.000000 0.000000 1.000000
0.943930 -0.153719 0.292175 -0.000000 0.144253 0.988077 0.053809 26.173401 -0.296963 -0.008645 0.954850 -0.161200 0.000000 0.000000 0.000000 1.000000
0.942034 -0.149010 0.300614 0.000000 0.135651 0.988625 0.064956 26.173401 -0.306873 -0.020412 0.951531 -0.161200 0.000000 0.000000 0.000000 1.000000
0.939895 -0.144683 0.309297 0.000000 0.126954 0.988930 0.076811 26.173401 -0.316986 -0.032928 0.947858 -0.161200 0.000000 0.000000 0.000000 1.000000
0.937533 -0.140867 0.318102 0.000000 0.118035 0.988918 0.090048 26.173401 -0.327262 -0.046875 0.943770 -0.161200 0.000000 0.000000 0.000000 1.000000
0.934775 -0.138786 0.327007 -0.000000 0.107834 0.987948 0.111045 26.173401 -0.338478 -0.068539 0.938475 -0.161200 0.000000 0.000000 0.000000 1.000000
0.931749 -0.138289 0.335739 0.000000 0.095980 0.985548 0.139579 26.173401 -0.350189 -0.097828 0.931556 -0.161200 0.000000 0.000000 0.000000 1.000000
0.928508 -0.140769 0.343593 0.000000 0.084246 0.981084 0.174287 26.173401 -0.361628 -0.132881 0.922804 -0.161200 0.000000 0.000000 0.000000 1.000000
0.924998 -0.144506 0.351421 -0.000000 0.072635 0.975052 0.209757 26.173401 -0.372965 -0.168499 0.912417 -0.161200 0.000000 0.000000 0.000000 1.000000
0.921214 -0.149445 0.359210 0.000000 0.061648 0.967688 0.244497 26.173401 -0.384142 -0.203089 0.900661 -0.161200 0.000000 0.000000 0.000000 1.000000
0.917236 -0.156993 0.366103 0.000000 0.053572 0.959329 0.277161 26.173401 -0.394725 -0.234609 0.888342 -0.161200 0.000000 0.000000 0.000000 1.000000
0.913052 -0.165365 0.372815 0.000000 0.048062 0.951370 0.304279 26.173401 -0.405002 -0.259904 0.876598 -0.161200 0.000000 0.000000 0.000000 1.000000
0.908745 -0.173766 0.379457 0.000000 0.045382 0.944954 0.324042 26.173401 -0.414877 -0.277251 0.866608 -0.161200 0.000000 0.000000 0.000000 1.000000
0.904665 -0.181316 0.385623 -0.000000 0.043700 0.939663 0.339300 26.173401 -0.423876 -0.290101 0.858004 -0.161200 0.000000 0.000000 0.000000 1.000000
0.900938 -0.187324 0.391434 0.000000 0.042349 0.935678 0.350305 26.173401 -0.431877 -0.299026 0.850921 -0.161200 0.000000 0.000000 0.000000 1.000000
0.897834 -0.190559 0.396966 0.000000 0.041110 0.933847 0.355303 26.173401 -0.438411 -0.302683 0.846273 -0.161200 0.000000 0.000000 0.000000 1.000000
0.895000 -0.192554 0.402366 -0.000000 0.039993 0.933037 0.357550 26.173401 -0.444270 -0.303915 0.842769 -0.161200 0.000000 0.000000 0.000000 1.000000
0.892279 -0.194160 0.407602 0.000000 0.039160 0.932686 0.358559 26.173401 -0.449782 -0.303973 0.839819 -0.161200 0.000000 0.000000 0.000000 1.000000
0.890240 -0.193996 0.412115 -0.000000 0.039773 0.934420 0.353944 26.173401 -0.453752 -0.298704 0.839574 -0.161200 0.000000 0.000000 0.000000 1.000000
0.888709 -0.193063 0.415840 -0.000000 0.040468 0.936506 0.348309 26.173401 -0.456683 -0.292717 0.840094 -0.161200 0.000000 0.000000 0.000000 1.000000
0.887370 -0.191929 0.419212 -0.000000 0.041147 0.938575 0.342613 26.173401 -0.459219 -0.286775 0.840760 -0.161200 0.000000 0.000000 0.000000 1.000000
0.886506 -0.190684 0.421601 0.000000 0.041675 0.940341 0.337672 26.173401 -0.460837 -0.281778 0.841564 -0.161200 0.000000 0.000000 0.000000 1.000000
0.886128 -0.189947 0.422726 -0.000000 0.041940 0.941272 0.335035 26.173401 -0.461538 -0.279155 0.842054 -0.161200 0.000000 0.000000 0.000000 1.000000
0.885839 -0.189302 0.423620 0.000000 0.042157 0.942049 0.332815 26.173401 -0.462074 -0.276962 0.842484 -0.161200 0.000000 0.000000 0.000000 1.000000</float_array>
        <technique_common>
          <accessor source="#mixamorig_Neck-Matrix-animation-output-transform-array" count="31" stride="16">
            <param type="float4x4"/>
          </accessor>
        </technique_common>
      </source>
      <source id="mixamorig_Neck-Interpolations">
        <Name_array id="mixamorig_Neck-Interpolations-array" count="31">
 LINEAR LINEAR LINEAR LINEAR LINEAR LINEAR LINEAR LINEAR LINEAR LINEAR LINEAR
LINEAR LINEAR LINEAR LINEAR LINEAR LINEAR LINEAR LINEAR LINEAR LINEAR LINEAR LINEAR
LINEAR LINEAR LINEAR LINEAR LINEAR LINEAR LINEAR LINEAR</Name_array>
        <technique_common>
          <accessor source="#mixamorig_Neck-Interpolations-array" count="31">
            <param type="name"/>
          </accessor>
        </technique_common>
      </source>
      <sampler id="mixamorig_Neck-Matrix-animation-transform">
        <input semantic="INPUT" source="#mixamorig_Neck-Matrix-animation-input"/>
        <input semantic="OUTPUT" source="#mixamorig_Neck-Matrix-animation-output-transform"/>
        <input semantic="INTERPOLATION" source="#mixamorig_Neck-Interpolations"/>
      </sampler>
      <channel source="#mixamorig_Neck-Matrix-animation-transform" target="mixamorig_Neck/matrix"/>
    </animation>
    <animation id="mixamorig_Head-anim" name="mixamorig_Head">
      <source id="mixamorig_Head-Matrix-animation-input">
        <float_array id="mixamorig_Head-Matrix-animation-input-array" count="31">

0.000000 0.033333 0.066667 0.100000 0.133333 0.166667 0.200000 0.233333 0.266667 0.300000 0.333333 0.366667 0.400000 0.433333 0.466667 0.500000
0.533333 0.566667 0.600000 0.633333 0.666667 0.700000 0.733333 0.766667 0.800000 0.833333 0.866667 0.900000 0.933333 0.966667 1.000000</float_array>
        <technique_common>
          <accessor source="#mixamorig_Head-Matrix-animation-input-array" count="31">
            <param name="TIME" type="float"/>
          </accessor>
        </technique_common>
      </source>
      <source id="mixamorig_Head-Matrix-animation-output-transform">
        <float_array id="mixamorig_Head-Matrix-animation-output-transform-array" count="496">

0.892520 0.096348 0.440596 -0.000000 -0.220318 0.945561 0.239529 14.369300 -0.393532 -0.310856 0.865159 0.127800 0.000000 0.000000 0.000000 1.000000
0.892335 0.099401 0.440293 0.000000 -0.220400 0.947212 0.232836 14.369300 -0.393907 -0.304808 0.867139 0.127800 0.000000 0.000000 0.000000 1.000000
0.892989 0.099892 0.438854 -0.000000 -0.219428 0.947954 0.230724 14.369300 -0.392966 -0.302331 0.868432 0.127800 0.000000 0.000000 0.000000 1.000000
0.893830 0.099873 0.437142 -0.000000 -0.218236 0.948521 0.229523 14.369300 -0.391715 -0.300554 0.869613 0.127800 0.000000 0.000000 0.000000 1.000000
0.895195 0.099490 0.434427 0.000000 -0.216686 0.948958 0.229185 14.369300 -0.389452 -0.299300 0.871061 0.127800 0.000000 0.000000 0.000000 1.000000
0.899264 0.097376 0.426429 0.000000 -0.213290 0.948765 0.233138 14.369300 -0.381879 -0.300605 0.873959 0.127800 0.000000 0.000000 0.000000 1.000000
0.905519 0.093643 0.413844 -0.000000 -0.207358 0.948604 0.239068 14.369300 -0.370187 -0.302295 0.878396 0.127800 0.000000 0.000000 0.000000 1.000000
0.911245 0.087932 0.402369 -0.000000 -0.198835 0.949479 0.242806 14.369300 -0.360690 -0.301261 0.882692 0.127800 0.000000 0.000000 0.000000 1.000000
0.916160 0.084730 0.391755 -0.000000 -0.192702 0.950140 0.245153 14.369300 -0.351450 -0.300091 0.886808 0.127800 0.000000 0.000000 0.000000 1.000000
0.921573 0.080512 0.379764 0.000000 -0.183526 0.952392 0.243450 14.369300 -0.342083 -0.294054 0.892475 0.127800 0.000000 0.000000 0.000000 1.000000
0.926904 0.075871 0.367550 -0.000000 -0.173607 0.954951 0.240684 14.369300 -0.332731 -0.286900 0.898320 0.127800 0.000000 0.000000 0.000000 1.000000
0.931874 0.070207 0.355924 0.000000 -0.162401 0.958032 0.236221 14.369300 -0.324403 -0.277931 0.904167 0.127800 0.000000 0.000000 0.000000 1.000000
0.935672 0.059992 0.347735 -0.000000 -0.145057 0.963722 0.224048 14.369300 -0.321679 -0.260077 0.910430 0.127800 0.000000 0.000000 0.000000 1.000000
0.939783 0.046616 0.338577 0.000000 -0.121391 0.971589 0.203173 14.369300 -0.319487 -0.232038 0.918742 0.127800 0.000000 0.000000 0.000000 1.000000
0.943058 0.034052 0.330880 0.000000 -0.096997 0.979665 0.175635 14.369300 -0.318171 -0.197729 0.927184 0.127800 0.000000 0.000000 0.000000 1.000000
0.945637 0.021360 0.324521 -0.000000 -0.072528 0.986562 0.146407 14.369300 -0.317033 -0.161985 0.934479 0.127800 0.000000 0.000000 0.000000 1.000000
0.947400 0.010309 0.319885 -0.000000 -0.050022 0.991967 0.116183 14.369300 -0.316118 -0.126073 0.940306 0.127800 0.000000 0.000000 0.000000 1.000000
0.947875 0.009925 0.318487 0.000000 -0.038317 0.995812 0.083006 14.369300 -0.316330 -0.090883 0.944286 0.127800 0.000000 0.000000 0.000000 1.000000
0.945540 0.014563 0.325181 0.000000 -0.033660 0.998018 0.053177 14.369300 -0.323762 -0.061227 0.944155 0.127800 0.000000 0.000000 0.000000 1.000000
0.941555 0.023546 0.336036 0.000000 -0.035731 0.998907 0.030123 14.369300 -0.334960 -0.040369 0.941367 0.127800 0.000000 0.000000 0.000000 1.000000
0.937109 0.033299 0.347446 -0.000000 -0.040909 0.999056 0.014590 14.369300 -0.346632 -0.027886 0.937587 0.127800 0.000000 0.000000 0.000000 1.000000
0.932363 0.041059 0.359183 -0.000000 -0.045230 0.998971 0.003212 14.369300 -0.358682 -0.019241 0.933261 0.127800 0.000000 0.000000 0.000000 1.000000
0.927287 0.044400 0.371708 0.000000 -0.046461 0.998914 -0.003415 14.369300 -0.371456 -0.014103 0.928344 0.127800 0.000000 0.000000 0.000000 1.000000
0.921979 0.045934 0.384506 0.000000 -0.046565 0.998886 -0.007674 14.369300 -0.384430 -0.010829 0.923090 0.127800 0.000000 0.000000 0.000000 1.000000
0.916689 0.047183 0.396806 -0.000000 -0.046704 0.998850 -0.010877 14.369300 -0.396863 -0.008561 0.917838 0.127800 0.000000 0.000000 0.000000 1.000000
0.912346 0.047103 0.406701 0.000000 -0.047453 0.998831 -0.009231 14.369300 -0.406660 -0.010878 0.913515 0.127800 0.000000 0.000000 0.000000 1.000000
0.911274 0.047443 0.409058 -0.000000 -0.049339 0.998765 -0.005924 14.369300 -0.408834 -0.014784 0.912489 0.127800 0.000000 0.000000 0.000000 1.000000
0.910681 0.047915 0.410322 -0.000000 -0.051516 0.998670 -0.002281 14.369300 -0.409885 -0.019061 0.911938 0.127800 0.000000 0.000000 0.000000 1.000000
0.909164 0.048601 0.413593 0.000000 -0.054005 0.998540 0.001377 14.369300 -0.412922 -0.023588 0.910461 0.127800 0.000000 0.000000 0.000000 1.000000
0.905526 0.049565 0.421386 0.000000 -0.056133 0.998418 0.003189 14.369300 -0.420561 -0.026541 0.906876 0.127800 0.000000 0.000000 0.000000 1.000000
0.901428 0.050535 0.429970 0.000000 -0.058174 0.998296 0.004629 14.369300 -0.429004 -0.029186 0.902831 0.127800 0.000000 0.000000 0.000000 1.000000</float_array>
        <technique_common>
