<?xml version="1.0" encoding="utf-8"?>
<COLLADA xmlns="http://www.collada.org/2005/11/COLLADASchema" version="1.4.1">
  <asset>
    <contributor>
      <author>Mixamo</author>
      <authoring_tool>COLLADA Mixamo exporter</authoring_tool>
      <comments/>
    </contributor>
    <created>2025-11-14T05:17:27Z</created>
    <modified>2025-11-14T05:17:27Z</modified>
    <revision/>
    <title/>
    <unit meter="0.010000"/>
    <up_axis>Y_UP</up_axis>
  </asset>
  <library_animations>
    <animation id="mixamorig_Hips-anim" name="mixamorig_Hips">
      <source id="mixamorig_Hips-Matrix-animation-input">
        <float_array id="mixamorig_Hips-Matrix-animation-input-array" count="36">

0.000000 0.033333 0.066667 0.100000 0.133333 0.166667 0.200000 0.233333 0.266667 0.300000 0.333333 0.366667 0.400000 0.433333 0.466667 0.500000
0.533333 0.566667 0.600000 0.633333 0.666667 0.700000 0.733333 0.766667 0.800000 0.833333 0.866667 0.900000 0.933333 0.966667 1.000000 1.033333
1.066667 1.100000 1.133333 1.166667</float_array>
        <technique_common>
          <accessor source="#mixamorig_Hips-Matrix-animation-input-array" count="36">
            <param name="TIME" type="float"/>
          </accessor>
        </technique_common>
      </source>
      <source id="mixamorig_Hips-Matrix-animation-output-transform">
        <float_array id="mixamorig_Hips-Matrix-animation-output-transform-array" count="576">

0.827375 -0.194950 -0.526731 -0.469037 -0.027577 0.922596 -0.384782 93.081245 0.560973 0.332884 0.757956 1.928954 0.000000 0.000000 0.000000 1.000000
0.815638 -0.220454 -0.534915 4.193907 -0.016364 0.915399 -0.402214 93.126465 0.578330 0.336815 0.743027 2.406463 0.000000 0.000000 0.000000 1.000000
0.801627 -0.241637 -0.546814 9.206673 -0.011145 0.908474 -0.417792 93.076706 0.597721 0.341007 0.725565 3.078034 0.000000 0.000000 0.000000 1.000000
0.785770 -0.255943 -0.563079 14.803205 -0.015436 0.901970 -0.431523 92.914055 0.618326 0.347769 0.704790 3.981247 0.000000 0.000000 0.000000 1.000000
0.770255 -0.260981 -0.581890 21.193962 -0.027028 0.898252 -0.438649 92.628387 0.637163 0.353599 0.684830 5.110716 0.000000 0.000000 0.000000 1.000000
0.754853 -0.263868 -0.600475 27.933369 -0.038276 0.896224 -0.441946 92.298187 0.654776 0.356589 0.666418 6.251733 0.000000 0.000000 0.000000 1.000000
0.741889 -0.263262 -0.616680 35.621819 -0.042579 0.899347 -0.435157 91.868324 0.669169 0.349095 0.656007 7.224231 0.000000 0.000000 0.000000 1.000000
0.732157 -0.261238 -0.629047 43.910511 -0.041445 0.904730 -0.423965 91.457184 0.679874 0.336480 0.651577 7.993549 0.000000 0.000000 0.000000 1.000000
0.724914 -0.258995 -0.638295 52.368290 -0.035448 0.911371 -0.410057 91.203857 0.687927 0.319883 0.651485 8.653536 0.000000 0.000000 0.000000 1.000000
0.719457 -0.254658 -0.646166 60.649075 -0.028613 0.918698 -0.393923 91.109276 0.693947 0.301899 0.653677 9.301439 0.000000 0.000000 0.000000 1.000000
0.716585 -0.247812 -0.651994 68.496178 -0.020684 0.926797 -0.374994 91.195213 0.697193 0.282201 0.659003 9.855728 0.000000 0.000000 0.000000 1.000000
0.714889 -0.241302 -0.656283 75.599922 -0.012019 0.934190 -0.356574 91.227852 0.699135 0.262798 0.664942 10.312879 0.000000 0.000000 0.000000 1.000000
0.714093 -0.236558 -0.658872 81.770470 -0.003541 0.939944 -0.341311 91.052155 0.700042 0.246061 0.670370 10.561793 0.000000 0.000000 0.000000 1.000000
0.714572 -0.234661 -0.659031 87.058914 0.002409 0.942881 -0.333120 90.779991 0.699558 0.236450 0.674322 10.434356 0.000000 0.000000 0.000000 1.000000
0.715278 -0.233363 -0.658726 92.174110 0.007824 0.945213 -0.326360 90.490852 0.698797 0.228285 0.677916 10.234921 0.000000 0.000000 0.000000 1.000000
0.716224 -0.232634 -0.657955 97.163757 0.012046 0.946785 -0.321642 90.219543 0.697767 0.222442 0.680912 10.012593 0.000000 0.000000 0.000000 1.000000
0.718552 -0.234579 -0.654717 101.541550 0.010036 0.944798 -0.327499 90.048996 0.695400 0.228754 0.681241 9.692170 0.000000 0.000000 0.000000 1.000000
0.724578 -0.236975 -0.647171 105.635986 0.006058 0.941180 -0.337850 90.155937 0.689166 0.240878 0.683394 9.420679 0.000000 0.000000 0.000000 1.000000
0.731727 -0.239446 -0.638155 109.603165 0.002137 0.937064 -0.349152 90.383209 0.681595 0.254120 0.686186 9.166539 0.000000 0.000000 0.000000 1.000000
0.741101 -0.242634 -0.626018 113.217331 0.000786 0.932728 -0.360579 90.934586 0.671393 0.266733 0.691436 8.950225 0.000000 0.000000 0.000000 1.000000
0.751995 -0.247449 -0.610961 117.008011 0.004287 0.928681 -0.370855 91.530975 0.659155 0.276262 0.699424 8.705479 0.000000 0.000000 0.000000 1.000000
0.766065 -0.251228 -0.591633 121.111588 0.011186 0.925523 -0.378526 92.102692 0.642666 0.283357 0.711821 8.356617 0.000000 0.000000 0.000000 1.000000
0.784881 -0.247182 -0.568209 125.463806 0.014756 0.924187 -0.381656 92.780128 0.619470 0.291170 0.729024 7.934254 0.000000 0.000000 0.000000 1.000000
0.805553 -0.233132 -0.544733 130.036087 0.010425 0.924778 -0.380365 93.577942 0.592432 0.300725 0.747387 7.468713 0.000000 0.000000 0.000000 1.000000
0.824492 -0.213814 -0.523924 134.916733 0.000196 0.925976 -0.377583 94.281639 0.565874 0.311211 0.763502 6.980073 0.000000 0.000000 0.000000 1.000000
0.836524 -0.190773 -0.513648 140.430771 -0.017894 0.927420 -0.373593 94.708290 0.547639 0.321711 0.772395 6.404566 0.000000 0.000000 0.000000 1.000000
0.838945 -0.170039 -0.516970 146.247971 -0.038965 0.928730 -0.368704 94.827919 0.542820 0.329466 0.772528 5.727816 0.000000 0.000000 0.000000 1.000000
0.836602 -0.154024 -0.525713 151.771088 -0.056622 0.930208 -0.362639 94.918411 0.544877 0.333151 0.769493 4.996754 0.000000 0.000000 0.000000 1.000000
0.837517 -0.145219 -0.526761 156.572540 -0.063531 0.931618 -0.357842 94.937195 0.542705 0.333165 0.771020 4.364444 0.000000 0.000000 0.000000 1.000000
0.839582 -0.139236 -0.525086 161.126053 -0.066558 0.932946 -0.353810 94.916580 0.539140 0.332001 0.774017 3.779654 0.000000 0.000000 0.000000 1.000000
0.844025 -0.140232 -0.517645 165.161530 -0.060752 0.933997 -0.352079 94.770607 0.532852 0.328611 0.779797 3.333709 0.000000 0.000000 0.000000 1.000000
0.846964 -0.146621 -0.511032 168.853683 -0.051312 0.934189 -0.353071 94.548019 0.529168 0.325260 0.783701 2.992254 0.000000 0.000000 0.000000 1.000000
0.845556 -0.155841 -0.510636 172.310822 -0.043771 0.932994 -0.357220 94.249664 0.532089 0.324401 0.782077 2.672697 0.000000 0.000000 0.000000 1.000000
0.840418 -0.167172 -0.515511 175.555939 -0.038482 0.930424 -0.364458 93.852722 0.540571 0.326135 0.775512 2.400585 0.000000 0.000000 0.000000 1.000000
0.834292 -0.179557 -0.521264 178.803146 -0.033494 0.927225 -0.373005 93.444931 0.550304 0.328654 0.767562 2.145638 0.000000 0.000000 0.000000 1.000000
0.827375 -0.194946 -0.526732 182.272964 -0.027581 0.922596 -0.384780 93.081367 0.560973 0.332885 0.757956 1.929071 0.000000 0.000000 0.000000 1.000000</float_array>
        <technique_common>
          <accessor source="#mixamorig_Hips-Matrix-animation-output-transform-array" count="36" stride="16">
            <param type="float4x4"/>
          </accessor>
        </technique_common>
      </source>
      <source id="mixamorig_Hips-Interpolations">
        <Name_array id="mixamorig_Hips-Interpolations-array" count="36">
 LINEAR LINEAR LINEAR LINEAR LINEAR LINEAR LINEAR LINEAR LINEAR LINEAR LINEAR
LINEAR LINEAR LINEAR LINEAR LINEAR LINEAR LINEAR LINEAR LINEAR LINEAR LINEAR LINEAR
LINEAR LINEAR LINEAR LINEAR LINEAR LINEAR LINEAR LINEAR LINEAR LINEAR LINEAR LINEAR
LINEAR</Name_array>
        <technique_common>
          <accessor source="#mixamorig_Hips-Interpolations-array" count="36">
            <param type="name"/>
          </accessor>
        </technique_common>
      </source>
      <sampler id="mixamorig_Hips-Matrix-animation-transform">
        <input semantic="INPUT" source="#mixamorig_Hips-Matrix-animation-input"/>
        <input semantic="OUTPUT" source="#mixamorig_Hips-Matrix-animation-output-transform"/>
        <input semantic="INTERPOLATION" source="#mixamorig_Hips-Interpolations"/>
      </sampler>
      <channel source="#mixamorig_Hips-Matrix-animation-transform" target="mixamorig_Hips/matrix"/>
    </animation>
    <animation id="mixamorig_Spine-anim" name="mixamorig_Spine">
      <source id="mixamorig_Spine-Matrix-animation-input">
        <float_array id="mixamorig_Spine-Matrix-animation-input-array" count="36">

0.000000 0.033333 0.066667 0.100000 0.133333 0.166667 0.200000 0.233333 0.266667 0.300000 0.333333 0.366667 0.400000 0.433333 0.466667 0.500000
0.533333 0.566667 0.600000 0.633333 0.666667 0.700000 0.733333 0.766667 0.800000 0.833333 0.866667 0.900000 0.933333 0.966667 1.000000 1.033333
1.066667 1.100000 1.133333 1.166667</float_array>
        <technique_common>
          <accessor source="#mixamorig_Spine-Matrix-animation-input-array" count="36">
            <param name="TIME" type="float"/>
          </accessor>
        </technique_common>
      </source>
      <source id="mixamorig_Spine-Matrix-animation-output-transform">
        <float_array id="mixamorig_Spine-Matrix-animation-output-transform-array" count="576">

0.994629 0.102224 -0.016205 -0.000000 -0.095712 0.848852 -0.519894 8.536500 -0.039390 0.518653 0.854077 0.187100 0.000000 0.000000 0.000000 1.000000
0.989949 0.138586 -0.028187 0.000000 -0.133667 0.851785 -0.506552 8.536500 -0.046192 0.505228 0.861749 0.187100 0.000000 0.000000 0.000000 1.000000
0.985359 0.166486 -0.036738 0.000000 -0.163046 0.857212 -0.488471 8.536500 -0.049831 0.487309 0.871807 0.187100 0.000000 0.000000 0.000000 1.000000
0.982128 0.183568 -0.041555 -0.000000 -0.181904 0.869105 -0.459965 8.536500 -0.048320 0.459304 0.886964 0.187100 0.000000 0.000000 0.000000 1.000000
0.980713 0.190614 -0.043234 -0.000000 -0.190786 0.885513 -0.423637 8.536500 -0.042467 0.423715 0.904800 0.187100 0.000000 0.000000 0.000000 1.000000
0.979572 0.196245 -0.043885 -0.000000 -0.197702 0.899946 -0.388601 8.536500 -0.036767 0.389339 0.920361 0.187100 0.000000 0.000000 0.000000 1.000000
0.978138 0.203399 -0.043292 -0.000000 -0.204784 0.905901 -0.370685 8.536500 -0.036179 0.371447 0.927749 0.187100 0.000000 0.000000 0.000000 1.000000
0.976404 0.211743 -0.042433 0.000000 -0.212404 0.906159 -0.365733 8.536500 -0.038990 0.366116 0.929752 0.187100 0.000000 0.000000 0.000000 1.000000
0.974303 0.221350 -0.041701 0.000000 -0.220822 0.902164 -0.370591 8.536500 -0.044409 0.370276 0.927859 0.187100 0.000000 0.000000 0.000000 1.000000
0.972761 0.228385 -0.039699 0.000000 -0.225983 0.896136 -0.381931 8.536500 -0.051651 0.380499 0.923338 0.187100 0.000000 0.000000 0.000000 1.000000
0.972181 0.231324 -0.036800 -0.000000 -0.226396 0.887690 -0.400937 8.536500 -0.060080 0.398115 0.915366 0.187100 0.000000 0.000000 0.000000 1.000000
0.972089 0.232051 -0.034577 0.000000 -0.224665 0.878245 -0.422151 8.536500 -0.067594 0.418136 0.905866 0.187100 0.000000 0.000000 0.000000 1.000000
0.972677 0.229780 -0.033173 0.000000 -0.220311 0.868485 -0.444069 8.536500 -0.073228 0.439244 0.895378 0.187100 0.000000 0.000000 0.000000 1.000000
0.974481 0.222219 -0.031700 0.000000 -0.211356 0.860798 -0.462986 8.536500 -0.075597 0.457871 0.885799 0.187100 0.000000 0.000000 0.000000 1.000000
0.976443 0.213695 -0.029888 -0.000000 -0.201458 0.853251 -0.481018 8.536500 -0.077289 0.475708 0.876201 0.187100 0.000000 0.000000 0.000000 1.000000
0.978578 0.204040 -0.027441 0.000000 -0.190543 0.847133 -0.496043 8.536500 -0.077966 0.490645 0.867864 0.187100 0.000000 0.000000 0.000000 1.000000
0.981902 0.187953 -0.023296 0.000000 -0.174567 0.850467 -0.496217 8.536500 -0.073453 0.491303 0.867886 0.187100 0.000000 0.000000 0.000000 1.000000
0.985541 0.168462 -0.018135 0.000000 -0.155983 0.860284 -0.485366 8.536500 -0.066165 0.481177 0.874123 0.187100 0.000000 0.000000 0.000000 1.000000
0.988882 0.148104 -0.013354 0.000000 -0.136831 0.871082 -0.471693 8.536500 -0.058228 0.468275 0.881662 0.187100 0.000000 0.000000 0.000000 1.000000
0.991793 0.127516 -0.009327 0.000000 -0.117742 0.882463 -0.455408 8.536500 -0.049841 0.452768 0.890234 0.187100 0.000000 0.000000 0.000000 1.000000
0.994124 0.107970 -0.007717 -0.000000 -0.100368 0.892727 -0.439278 8.536500 -0.040539 0.437471 0.898318 0.187100 0.000000 0.000000 0.000000 1.000000
0.996228 0.086429 -0.007723 0.000000 -0.081492 0.901304 -0.425453 8.536500 -0.029810 0.424478 0.904948 0.187100 0.000000 0.000000 0.000000 1.000000
0.998340 0.057328 -0.005530 -0.000000 -0.054384 0.906730 -0.418189 8.536500 -0.018959 0.417796 0.908343 0.187100 0.000000 0.000000 0.000000 1.000000
0.999764 0.021694 0.000981 0.000000 -0.019285 0.907706 -0.419164 8.536500 -0.009983 0.419046 0.907910 0.187100 0.000000 0.000000 0.000000 1.000000
0.999822 -0.016515 0.009118 0.000000 0.018816 0.907580 -0.419458 8.536500 -0.001348 0.419555 0.907729 0.187100 0.000000 0.000000 0.000000 1.000000
0.998575 -0.050419 0.017514 -0.000000 0.053129 0.907585 -0.416493 8.536500 0.005104 0.416830 0.908970 0.187100 0.000000 0.000000 0.000000 1.000000
0.997322 -0.068581 0.025424 0.000000 0.072923 0.905471 -0.418096 8.536500 0.005653 0.418830 0.908047 0.187100 0.000000 0.000000 0.000000 1.000000
0.997019 -0.070717 0.030850 -0.000000 0.077120 0.901625 -0.425588 8.536500 0.002281 0.426698 0.904391 0.187100 0.000000 0.000000 0.000000 1.000000
0.997577 -0.061948 0.031654 0.000000 0.069551 0.897781 -0.434916 8.536500 -0.001476 0.436063 0.899915 0.187100 0.000000 0.000000 0.000000 1.000000
0.998267 -0.049970 0.031081 -0.000000 0.058590 0.893322 -0.445582 8.536500 -0.005500 0.446631 0.894701 0.187100 0.000000 0.000000 0.000000 1.000000
0.999043 -0.032828 0.028891 -0.000000 0.042458 0.886350 -0.461066 8.536500 -0.010472 0.461851 0.886896 0.187100 0.000000 0.000000 0.000000 1.000000
0.999603 -0.012710 0.025162 0.000000 0.023267 0.875940 -0.481859 8.536500 -0.015916 0.482253 0.875887 0.187100 0.000000 0.000000 0.000000 1.000000
0.999748 0.013211 0.018142 0.000000 -0.002340 0.865330 -0.501197 8.536500 -0.022320 0.501028 0.865143 0.187100 0.000000 0.000000 0.000000 1.000000
0.999067 0.042423 0.008132 0.000000 -0.032277 0.858303 -0.512128 8.536500 -0.028706 0.511387 0.858871 0.187100 0.000000 0.000000 0.000000 1.000000
0.997387 0.072180 -0.003199 0.000000 -0.063323 0.851969 -0.519749 8.536500 -0.034790 0.518593 0.854313 0.187100 0.000000 0.000000 0.000000 1.000000
0.994629 0.102224 -0.016206 0.000000 -0.095713 0.848852 -0.519893 8.536500 -0.039389 0.518652 0.854078 0.187100 0.000000 0.000000 0.000000 1.000000</float_array>
        <technique_common>
          <accessor source="#mixamorig_Spine-Matrix-animation-output-transform-array" count="36" stride="16">
            <param type="float4x4"/>
          </accessor>
        </technique_common>
      </source>
      <source id="mixamorig_Spine-Interpolations">
        <Name_array id="mixamorig_Spine-Interpolations-array" count="36">
 LINEAR LINEAR LINEAR LINEAR LINEAR LINEAR LINEAR LINEAR LINEAR LINEAR LINEAR
LINEAR LINEAR LINEAR LINEAR LINEAR LINEAR LINEAR LINEAR LINEAR LINEAR LINEAR LINEAR
LINEAR LINEAR LINEAR LINEAR LINEAR LINEAR LINEAR LINEAR LINEAR LINEAR LINEAR LINEAR
LINEAR</Name_array>
        <technique_common>
          <accessor source="#mixamorig_Spine-Interpolations-array" count="36">
            <param type="name"/>
          </accessor>
        </technique_common>
      </source>
      <sampler id="mixamorig_Spine-Matrix-animation-transform">
        <input semantic="INPUT" source="#mixamorig_Spine-Matrix-animation-input"/>
        <input semantic="OUTPUT" source="#mixamorig_Spine-Matrix-animation-output-transform"/>
        <input semantic="INTERPOLATION" source="#mixamorig_Spine-Interpolations"/>
      </sampler>
      <channel source="#mixamorig_Spine-Matrix-animation-transform" target="mixamorig_Spine/matrix"/>
    </animation>
    <animation id="mixamorig_Spine1-anim" name="mixamorig_Spine1">
      <source id="mixamorig_Spine1-Matrix-animation-input">
        <float_array id="mixamorig_Spine1-Matrix-animation-input-array" count="36">

0.000000 0.033333 0.066667 0.100000 0.133333 0.166667 0.200000 0.233333 0.266667 0.300000 0.333333 0.366667 0.400000 0.433333 0.466667 0.500000
0.533333 0.566667 0.600000 0.633333 0.666667 0.700000 0.733333 0.766667 0.800000 0.833333 0.866667 0.900000 0.933333 0.966667 1.000000 1.033333
1.066667 1.100000 1.133333 1.166667</float_array>
        <technique_common>
          <accessor source="#mixamorig_Spine1-Matrix-animation-input-array" count="36">
            <param name="TIME" type="float"/>
          </accessor>
        </technique_common>
      </source>
      <source id="mixamorig_Spine1-Matrix-animation-output-transform">
        <float_array id="mixamorig_Spine1-Matrix-animation-output-transform-array" count="576">

0.995656 -0.025411 -0.089575 0.000000 0.028516 0.999030 0.033547 9.685800 0.088636 -0.035956 0.995415 0.000000 0.000000 0.000000 0.000000 1.000000
0.995759 -0.031154 -0.086569 -0.000000 0.033816 0.998994 0.029451 9.685800 0.085564 -0.032254 0.995810 0.000000 0.000000 0.000000 0.000000 1.000000
0.995937 -0.034346 -0.083242 -0.000000 0.036459 0.999047 0.023999 9.685800 0.082339 -0.026936 0.996240 0.000000 0.000000 0.000000 0.000000 1.000000
0.996243 -0.035160 -0.079148 -0.000000 0.036473 0.999219 0.015200 9.685800 0.078552 -0.018029 0.996747 0.000000 0.000000 0.000000 0.000000 1.000000
0.996582 -0.035481 -0.074606 0.000000 0.035811 0.999354 0.003092 9.685800 0.074449 -0.005753 0.997208 -0.000000 0.000000 0.000000 0.000000 1.000000
0.996908 -0.035679 -0.070007 0.000000 0.035145 0.999343 -0.008848 9.685800 0.070276 0.006360 0.997507 0.000000 0.000000 0.000000 0.000000 1.000000
0.997195 -0.036153 -0.065530 -0.000000 0.035136 0.999245 -0.016603 9.685800 0.066081 0.014254 0.997712 0.000000 0.000000 0.000000 0.000000 1.000000
0.997429 -0.035988 -0.061966 0.000000 0.034627 0.999138 -0.022905 9.685800 0.062737 0.020701 0.997815 0.000000 0.000000 0.000000 0.000000 1.000000
0.997629 -0.035168 -0.059158 0.000000 0.033531 0.999033 -0.028431 9.685800 0.060100 0.026380 0.997844 -0.000000 0.000000 0.000000 0.000000 1.000000
0.997836 -0.033721 -0.056448 0.000000 0.031871 0.998935 -0.033358 9.685800 0.057512 0.031487 0.997848 0.000000 0.000000 0.000000 0.000000 1.000000
0.998062 -0.031387 -0.053729 -0.000000 0.029397 0.998867 -0.037433 9.685800 0.054843 0.035781 0.997854 0.000000 0.000000 0.000000 0.000000 1.000000
0.998256 -0.028635 -0.051622 0.000000 0.026594 0.998854 -0.039796 9.685800 0.052703 0.038354 0.997873 0.000000 0.000000 0.000000 0.000000 1.000000
0.998364 -0.025633 -0.051116 0.000000 0.023679 0.998979 -0.038473 9.685800 0.052050 0.037200 0.997951 0.000000 0.000000 0.000000 0.000000 1.000000
0.998335 -0.022781 -0.052998 0.000000 0.021069 0.999245 -0.032653 9.685800 0.053702 0.031482 0.998061 0.000000 0.000000 0.000000 0.000000 1.000000
0.998270 -0.019940 -0.055315 -0.000000 0.018524 0.999490 -0.025995 9.685800 0.055805 0.024925 0.998131 0.000000 0.000000 0.000000 0.000000 1.000000
0.998175 -0.017232 -0.057874 -0.000000 0.016121 0.999678 -0.019604 9.685800 0.058193 0.018635 0.998131 0.000000 0.000000 0.000000 0.000000 1.000000
0.997974 -0.015351 -0.061740 0.000000 0.014452 0.999783 -0.014970 9.685800 0.061956 0.014048 0.997980 0.000000 0.000000 0.000000 0.000000 1.000000
0.997717 -0.012264 -0.066409 0.000000 0.011258 0.999816 -0.015508 9.685800 0.066587 0.014725 0.997672 0.000000 0.000000 0.000000 0.000000 1.000000
0.997409 -0.008697 -0.071411 0.000000 0.007473 0.999821 -0.017400 9.685800 0.071549 0.016821 0.997295 -0.000000 0.000000 0.000000 0.000000 1.000000
0.997005 -0.003868 -0.077244 0.000000 0.002253 0.999777 -0.020987 9.685800 0.077308 0.020750 0.996791 -0.000000 0.000000 0.000000 0.000000 1.000000
0.996444 0.002855 -0.084209 -0.000000 -0.005014 0.999664 -0.025440 9.685800 0.084108 0.025772 0.996123 -0.000000 0.000000 0.000000 0.000000 1.000000
0.995607 0.012017 -0.092856 -0.000000 -0.014879 0.999433 -0.030188 9.685800 0.092440 0.031437 0.995222 0.000000 0.000000 0.000000 0.000000 1.000000
0.994497 0.020826 -0.102677 0.000000 -0.024295 0.999172 -0.032644 9.685800 0.101912 0.034959 0.994179 0.000000 0.000000 0.000000 0.000000 1.000000
0.993421 0.024919 -0.111775 0.000000 -0.028559 0.999109 -0.031082 9.685800 0.110901 0.034070 0.993247 -0.000000 0.000000 0.000000 0.000000 1.000000
0.992487 0.027753 -0.119162 0.000000 -0.031450 0.999077 -0.029257 9.685800 0.118240 0.032784 0.992444 -0.000000 0.000000 0.000000 0.000000 1.000000
0.992245 0.029436 -0.120765 0.000000 -0.033008 0.999072 -0.027682 9.685800 0.119839 0.031453 0.992295 0.000000 0.000000 0.000000 0.000000 1.000000
0.992853 0.029149 -0.115728 -0.000000 -0.032225 0.999173 -0.024800 9.685800 0.114910 0.028352 0.992971 0.000000 0.000000 0.000000 0.000000 1.000000
0.993781 0.026019 -0.108271 0.000000 -0.028571 0.999348 -0.022084 9.685800 0.107626 0.025040 0.993876 0.000000 0.000000 0.000000 0.000000 1.000000
0.994455 0.019689 -0.103306 0.000000 -0.021822 0.999571 -0.019554 9.685800 0.102876 0.021700 0.994457 0.000000 0.000000 0.000000 0.000000 1.000000
0.994982 0.012528 -0.099265 0.000000 -0.014194 0.999770 -0.016098 9.685800 0.099041 0.017426 0.994931 0.000000 0.000000 0.000000 0.000000 1.000000
0.995246 0.004489 -0.097287 0.000000 -0.005297 0.999954 -0.008044 9.685800 0.097247 0.008521 0.995224 0.000000 0.000000 0.000000 0.000000 1.000000
0.995330 -0.002745 -0.096489 0.000000 0.003286 0.999980 0.005447 9.685800 0.096472 -0.005739 0.995319 0.000000 0.000000 0.000000 0.000000 1.000000
0.995386 -0.009511 -0.095481 0.000000 0.011365 0.999757 0.018895 9.685800 0.095278 -0.019893 0.995252 -0.000000 0.000000 0.000000 0.000000 1.000000
0.995487 -0.015098 -0.093692 0.000000 0.017663 0.999490 0.026609 9.685800 0.093242 -0.028144 0.995246 0.000000 0.000000 0.000000 0.000000 1.000000
0.995574 -0.020408 -0.091742 0.000000 0.023459 0.999203 0.032302 9.685800 0.091009 -0.034311 0.995259 0.000000 0.000000 0.000000 0.000000 1.000000
0.995656 -0.025412 -0.089575 0.000000 0.028516 0.999030 0.033547 9.685800 0.088635 -0.035956 0.995415 -0.000000 0.000000 0.000000 0.000000 1.000000</float_array>
        <technique_common>
          <accessor source="#mixamorig_Spine1-Matrix-animation-output-transform-array" count="36" stride="16">
            <param type="float4x4"/>
          </accessor>
        </technique_common>
      </source>
      <source id="mixamorig_Spine1-Interpolations">
        <Name_array id="mixamorig_Spine1-Interpolations-array" count="36">
 LINEAR LINEAR LINEAR LINEAR LINEAR LINEAR LINEAR LINEAR LINEAR LINEAR LINEAR
LINEAR LINEAR LINEAR LINEAR LINEAR LINEAR LINEAR LINEAR LINEAR LINEAR LINEAR LINEAR
LINEAR LINEAR LINEAR LINEAR LINEAR LINEAR LINEAR LINEAR LINEAR LINEAR LINEAR LINEAR
LINEAR</Name_array>
        <technique_common>
          <accessor source="#mixamorig_Spine1-Interpolations-array" count="36">
            <param type="name"/>
          </accessor>
        </technique_common>
      </source>
      <sampler id="mixamorig_Spine1-Matrix-animation-transform">
        <input semantic="INPUT" source="#mixamorig_Spine1-Matrix-animation-input"/>
        <input semantic="OUTPUT" source="#mixamorig_Spine1-Matrix-animation-output-transform"/>
        <input semantic="INTERPOLATION" source="#mixamorig_Spine1-Interpolations"/>
      </sampler>
      <channel source="#mixamorig_Spine1-Matrix-animation-transform" target="mixamorig_Spine1/matrix"/>
    </animation>
    <animation id="mixamorig_Spine2-anim" name="mixamorig_Spine2">
      <source id="mixamorig_Spine2-Matrix-animation-input">
        <float_array id="mixamorig_Spine2-Matrix-animation-input-array" count="36">

0.000000 0.033333 0.066667 0.100000 0.133333 0.166667 0.200000 0.233333 0.266667 0.300000 0.333333 0.366667 0.400000 0.433333 0.466667 0.500000
0.533333 0.566667 0.600000 0.633333 0.666667 0.700000 0.733333 0.766667 0.800000 0.833333 0.866667 0.900000 0.933333 0.966667 1.000000 1.033333
1.066667 1.100000 1.133333 1.166667</float_array>
        <technique_common>
          <accessor source="#mixamorig_Spine2-Matrix-animation-input-array" count="36">
            <param name="TIME" type="float"/>
          </accessor>
        </technique_common>
      </source>
      <source id="mixamorig_Spine2-Matrix-animation-output-transform">
        <float_array id="mixamorig_Spine2-Matrix-animation-output-transform-array" count="576">

0.995470 -0.035712 -0.088118 -0.000000 0.039531 0.998336 0.041991 15.875400 0.086472 -0.045284 0.995225 0.000000 0.000000 0.000000 0.000000 1.000000
0.995480 -0.039903 -0.086185 0.000000 0.043131 0.998423 0.035930 15.875400 0.084615 -0.039485 0.995631 0.000000 0.000000 0.000000 0.000000 1.000000
0.995588 -0.041314 -0.084247 -0.000000 0.043907 0.998610 0.029155 15.875400 0.082926 -0.032725 0.996018 -0.000000 0.000000 0.000000 0.000000 1.000000
0.995833 -0.039764 -0.082071 -0.000000 0.041528 0.998939 0.019895 15.875400 0.081193 -0.023220 0.996428 -0.000000 0.000000 0.000000 0.000000 1.000000
0.996134 -0.037574 -0.079408 0.000000 0.038319 0.999234 0.007880 15.875400 0.079051 -0.010892 0.996811 0.000000 0.000000 0.000000 0.000000 1.000000
0.996439 -0.035524 -0.076473 -0.000000 0.035326 0.999368 -0.003939 15.875400 0.076565 0.001224 0.997064 0.000000 0.000000 0.000000 0.000000 1.000000
0.996761 -0.035024 -0.072396 0.000000 0.034246 0.999342 -0.011954 15.875400 0.072767 0.009436 0.997304 -0.000000 0.000000 0.000000 0.000000 1.000000
0.997049 -0.034502 -0.068575 0.000000 0.033300 0.999272 -0.018590 15.875400 0.069166 0.016252 0.997473 0.000000 0.000000 0.000000 0.000000 1.000000
0.997309 -0.033696 -0.065116 0.000000 0.032166 0.999184 -0.024407 15.875400 0.065885 0.022247 0.997579 0.000000 0.000000 0.000000 0.000000 1.000000
0.997567 -0.032377 -0.061734 0.000000 0.030608 0.999100 -0.029379 15.875400 0.062630 0.027418 0.997660 0.000000 0.000000 0.000000 0.000000 1.000000
0.997833 -0.030255 -0.058423 0.000000 0.028354 0.999050 -0.033108 15.875400 0.059369 0.031380 0.997743 0.000000 0.000000 0.000000 0.000000 1.000000
0.998056 -0.027846 -0.055753 0.000000 0.025918 0.999050 -0.035022 15.875400 0.056676 0.033509 0.997830 0.000000 0.000000 0.000000 0.000000 1.000000
0.998180 -0.025501 -0.054649 0.000000 0.023703 0.999164 -0.033309 15.875400 0.055453 0.031953 0.997950 0.000000 0.000000 0.000000 0.000000 1.000000
0.998146 -0.023604 -0.056094 0.000000 0.022106 0.999386 -0.027170 15.875400 0.056701 0.025880 0.998056 0.000000 0.000000 0.000000 0.000000 1.000000
0.998078 -0.021772 -0.058024 0.000000 0.020630 0.999583 -0.020210 15.875400 0.058440 0.018974 0.998111 0.000000 0.000000 0.000000 0.000000 1.000000
0.997976 -0.020003 -0.060357 0.000000 0.019222 0.999724 -0.013493 15.875400 0.060611 0.012305 0.998086 0.000000 0.000000 0.000000 0.000000 1.000000
0.997725 -0.018642 -0.064781 0.000000 0.018138 0.999800 -0.008372 15.875400 0.064924 0.007178 0.997864 0.000000 0.000000 0.000000 0.000000 1.000000
0.997394 -0.015599 -0.070445 -0.000000 0.015075 0.999855 -0.007964 15.875400 0.070559 0.006882 0.997484 0.000000 0.000000 0.000000 0.000000 1.000000
0.996995 -0.011958 -0.076539 0.000000 0.011320 0.999897 -0.008772 15.875400 0.076636 0.007879 0.997028 0.000000 0.000000 0.000000 0.000000 1.000000
0.996481 -0.006971 -0.083534 0.000000 0.006067 0.999920 -0.011067 15.875400 0.083604 0.010521 0.996443 0.000000 0.000000 0.000000 0.000000 1.000000
0.995786 -0.000115 -0.091708 -0.000000 -0.001174 0.999901 -0.014007 15.875400 0.091700 0.014056 0.995687 0.000000 0.000000 0.000000 0.000000 1.000000
0.994791 0.009023 -0.101533 0.000000 -0.010793 0.999799 -0.016896 15.875400 0.101360 0.017904 0.994689 0.000000 0.000000 0.000000 0.000000 1.000000
0.993549 0.017251 -0.112085 0.000000 -0.019295 0.999666 -0.017177 15.875400 0.111751 0.019229 0.993550 0.000000 0.000000 0.000000 0.000000 1.000000
0.992447 0.019939 -0.121041 0.000000 -0.021726 0.999673 -0.013467 15.875400 0.120733 0.015995 0.992556 0.000000 0.000000 0.000000 0.000000 1.000000
0.991521 0.021390 -0.128175 0.000000 -0.022796 0.999695 -0.009507 15.875400 0.127932 0.012348 0.991706 0.000000 0.000000 0.000000 0.000000 1.000000
0.991312 0.022413 -0.129610 -0.000000 -0.023405 0.999707 -0.006134 15.875400 0.129435 0.009114 0.991546 0.000000 0.000000 0.000000 0.000000 1.000000
0.992001 0.022230 -0.124258 0.000000 -0.022717 0.999739 -0.002507 15.875400 0.124170 0.005310 0.992247 0.000000 0.000000 0.000000 0.000000 1.000000
0.993033 0.019415 -0.116229 0.000000 -0.019556 0.999809 -0.000075 15.875400 0.116205 0.002347 0.993222 0.000000 0.000000 0.000000 0.000000 1.000000
0.993817 0.012965 -0.110271 0.000000 -0.012882 0.999916 0.001461 15.875400 0.110281 -0.000031 0.993900 0.000000 0.000000 0.000000 0.000000 1.000000
0.994457 0.005460 -0.105006 0.000000 -0.005099 0.999980 0.003701 15.875400 0.105024 -0.003145 0.994465 -0.000000 0.000000 0.000000 0.000000 1.000000
0.994869 -0.003639 -0.101110 0.000000 0.004683 0.999938 0.010092 15.875400 0.101067 -0.010514 0.994824 0.000000 0.000000 0.000000 0.000000 1.000000
0.995109 -0.012399 -0.098006 0.000000 0.014592 0.999658 0.021692 15.875400 0.097703 -0.023016 0.994949 0.000000 0.000000 0.000000 0.000000 1.000000
0.995255 -0.020329 -0.095156 0.000000 0.023575 0.999174 0.033112 15.875400 0.094405 -0.035198 0.994911 -0.000000 0.000000 0.000000 0.000000 1.000000
0.995363 -0.026151 -0.092569 0.000000 0.029857 0.998798 0.038877 15.875400 0.091441 -0.041461 0.994947 0.000000 0.000000 0.000000 0.000000 1.000000
0.995435 -0.031384 -0.090138 0.000000 0.035341 0.998465 0.042644 15.875400 0.088662 -0.045635 0.995016 0.000000 0.000000 0.000000 0.000000 1.000000
0.995470 -0.035712 -0.088118 0.000000 0.039532 0.998336 0.041991 15.875400 0.086472 -0.045284 0.995225 -0.000000 0.000000 0.000000 0.000000 1.000000</float_array>
        <technique_common>
          <accessor source="#mixamorig_Spine2-Matrix-animation-output-transform-array" count="36" stride="16">
            <param type="float4x4"/>
          </accessor>
        </technique_common>
      </source>
      <source id="mixamorig_Spine2-Interpolations">
        <Name_array id="mixamorig_Spine2-Interpolations-array" count="36">
 LINEAR LINEAR LINEAR LINEAR LINEAR LINEAR LINEAR LINEAR LINEAR LINEAR LINEAR
LINEAR LINEAR LINEAR LINEAR LINEAR LINEAR LINEAR LINEAR LINEAR LINEAR LINEAR LINEAR
LINEAR LINEAR LINEAR LINEAR LINEAR LINEAR LINEAR LINEAR LINEAR LINEAR LINEAR LINEAR
LINEAR</Name_array>
        <technique_common>
          <accessor source="#mixamorig_Spine2-Interpolations-array" count="36">
            <param type="name"/>
          </accessor>
        </technique_common>
      </source>
      <sampler id="mixamorig_Spine2-Matrix-animation-transform">
        <input semantic="INPUT" source="#mixamorig_Spine2-Matrix-animation-input"/>
        <input semantic="OUTPUT" source="#mixamorig_Spine2-Matrix-animation-output-transform"/>
        <input semantic="INTERPOLATION" source="#mixamorig_Spine2-Interpolations"/>
      </sampler>
      <channel source="#mixamorig_Spine2-Matrix-animation-transform" target="mixamorig_Spine2/matrix"/>
    </animation>
    <animation id="mixamorig_Neck-anim" name="mixamorig_Neck">
      <source id="mixamorig_Neck-Matrix-animation-input">
        <float_array id="mixamorig_Neck-Matrix-animation-input-array" count="36">

0.000000 0.033333 0.066667 0.100000 0.133333 0.166667 0.200000 0.233333 0.266667 0.300000 0.333333 0.366667 0.400000 0.433333 0.466667 0.500000
0.533333 0.566667 0.600000 0.633333 0.666667 0.700000 0.733333 0.766667 0.800000 0.833333 0.866667 0.900000 0.933333 0.966667 1.000000 1.033333
1.066667 1.100000 1.133333 1.166667</float_array>
        <technique_common>
          <accessor source="#mixamorig_Neck-Matrix-animation-input-array" count="36">
            <param name="TIME" type="float"/>
          </accessor>
        </technique_common>
      </source>
      <source id="mixamorig_Neck-Matrix-animation-output-transform">
        <float_array id="mixamorig_Neck-Matrix-animation-output-transform-array" count="576">

0.943097 0.012984 0.332264 0.000000 -0.067588 0.985863 0.153317 26.173401 -0.325576 -0.167050 0.930642 -0.161200 0.000000 0.000000 0.000000 1.000000
0.941517 0.031179 0.335520 0.000000 -0.087503 0.984175 0.154089 26.173401 -0.325406 -0.174436 0.929345 -0.161200 0.000000 0.000000 0.000000 1.000000
0.939896 0.041100 0.338978 -0.000000 -0.099116 0.982826 0.155659 26.173401 -0.326758 -0.179901 0.927828 -0.161200 0.000000 0.000000 0.000000 1.000000
0.938274 0.045032 0.342949 0.000000 -0.104325 0.982159 0.156458 26.173401 -0.329785 -0.182579 0.926233 -0.161200 0.000000 0.000000 0.000000 1.000000
0.936508 0.045339 0.347703 0.000000 -0.106313 0.981644 0.158342 26.173401 -0.334142 -0.185254 0.924138 -0.161200 0.000000 0.000000 0.000000 1.000000
0.934829 0.045230 0.352205 0.000000 -0.107072 0.981594 0.158139 26.173401 -0.338570 -0.185544 0.922466 -0.161200 0.000000 0.000000 0.000000 1.000000
0.933803 0.046808 0.354713 0.000000 -0.104937 0.983636 0.146450 26.173401 -0.342053 -0.173978 0.923434 -0.161200 0.000000 0.000000 0.000000 1.000000
0.934094 0.039023 0.354887 -0.000000 -0.092831 0.986367 0.135879 26.173401 -0.344746 -0.159869 0.924982 -0.161200 0.000000 0.000000 0.000000 1.000000
0.935398 0.021615 0.352935 0.000000 -0.071495 0.989076 0.128910 26.173401 -0.346293 -0.145815 0.926725 -0.161200 0.000000 0.000000 0.000000 1.000000
0.937194 -0.003870 0.348788 -0.000000 -0.043511 0.990831 0.127908 26.173401 -0.346085 -0.135050 0.928432 -0.161200 0.000000 0.000000 0.000000 1.000000
0.938678 -0.034210 0.343092 -0.000000 -0.011829 0.991285 0.131205 26.173401 -0.344591 -0.127218 0.930093 -0.161200 0.000000 0.000000 0.000000 1.000000
0.938982 -0.061744 0.338378 0.000000 0.016640 0.990759 0.134610 26.173401 -0.343562 -0.120766 0.931333 -0.161200 0.000000 0.000000 0.000000 1.000000
0.938042 -0.079471 0.337287 -0.000000 0.035174 0.990156 0.135473 26.173401 -0.344733 -0.115215 0.931603 -0.161200 0.000000 0.000000 0.000000 1.000000
0.936711 -0.080975 0.340610 -0.000000 0.037099 0.990365 0.133421 26.173401 -0.348132 -0.112341 0.930690 -0.161200 0.000000 0.000000 0.000000 1.000000
0.935347 -0.079224 0.344746 0.000000 0.035712 0.990767 0.130790 26.173401 -0.351924 -0.110023 0.929540 -0.161200 0.000000 0.000000 0.000000 1.000000
0.934191 -0.074284 0.348955 -0.000000 0.031091 0.991313 0.127794 26.173401 -0.355417 -0.108535 0.928385 -0.161200 0.000000 0.000000 0.000000 1.000000
0.933970 -0.053513 0.353323 0.000000 0.010315 0.992349 0.123032 26.173401 -0.357204 -0.111264 0.927376 -0.161200 0.000000 0.000000 0.000000 1.000000
0.932814 -0.024833 0.359503 -0.000000 -0.017080 0.993455 0.112942 26.173401 -0.359954 -0.111494 0.926284 -0.161200 0.000000 0.000000 0.000000 1.000000
0.930696 0.004866 0.365760 0.000000 -0.045180 0.993784 0.101743 26.173401 -0.362992 -0.111217 0.925131 -0.161200 0.000000 0.000000 0.000000 1.000000
0.927742 0.031637 0.371879 0.000000 -0.070469 0.993327 0.091295 26.173401 -0.366509 -0.110904 0.923781 -0.161200 0.000000 0.000000 0.000000 1.000000
0.926147 0.043608 0.374633 0.000000 -0.083370 0.992393 0.090587 26.173401 -0.367833 -0.115130 0.922737 -0.161200 0.000000 0.000000 0.000000 1.000000
0.927595 0.032942 0.372133 0.000000 -0.077344 0.991457 0.105024 26.173401 -0.365494 -0.126202 0.922219 -0.161200 0.000000 0.000000 0.000000 1.000000
0.930498 0.009760 0.366166 0.000000 -0.061064 0.989790 0.128792 26.173401 -0.361170 -0.142200 0.921594 -0.161200 0.000000 0.000000 0.000000 1.000000
0.932342 -0.004990 0.361543 -0.000000 -0.052908 0.987260 0.150064 26.173401 -0.357685 -0.159040 0.920200 -0.161200 0.000000 0.000000 0.000000 1.000000
0.934510 -0.014663 0.355635 0.000000 -0.047157 0.985243 0.164538 26.173401 -0.352800 -0.170533 0.920028 -0.161200 0.000000 0.000000 0.000000 1.000000
0.936886 -0.012978 0.349395 0.000000 -0.046379 0.985867 0.160984 26.173401 -0.346546 -0.167028 0.923042 -0.161200 0.000000 0.000000 0.000000 1.000000
0.938591 -0.002516 0.345023 0.000000 -0.049666 0.988574 0.142320 26.173401 -0.341438 -0.150717 0.927741 -0.161200 0.000000 0.000000 0.000000 1.000000
0.939230 0.009685 0.343151 -0.000000 -0.054096 0.991288 0.120088 26.173401 -0.338998 -0.131354 0.931572 -0.161200 0.000000 0.000000 0.000000 1.000000
0.939960 0.014395 0.340982 -0.000000 -0.055231 0.992356 0.110359 26.173401 -0.336787 -0.122565 0.933570 -0.161200 0.000000 0.000000 0.000000 1.000000
0.940695 0.016946 0.338830 0.000000 -0.055843 0.992863 0.105383 26.173401 -0.334625 -0.118054 0.934927 -0.161200 0.000000 0.000000 0.000000 1.000000
0.941373 0.016289 0.336975 -0.000000 -0.057139 0.992102 0.111666 26.173401 -0.332494 -0.124374 0.934868 -0.161200 0.000000 0.000000 0.000000 1.000000
0.941367 0.016470 0.336982 0.000000 -0.060893 0.990699 0.121685 26.173401 -0.331843 -0.135071 0.933614 -0.161200 0.000000 0.000000 0.000000 1.000000
0.941600 0.013735 0.336453 0.000000 -0.061728 0.989277 0.132367 26.173401 -0.331027 -0.145405 0.932351 -0.161200 0.000000 0.000000 0.000000 1.000000
0.942271 0.010330 0.334691 0.000000 -0.060880 0.988150 0.140900 26.173401 -0.329269 -0.153142 0.931734 -0.161200 0.000000 0.000000 0.000000 1.000000
0.942933 0.008191 0.332881 0.000000 -0.060983 0.987037 0.148456 26.173401 -0.327350 -0.160284 0.931210 -0.161200 0.000000 0.000000 0.000000 1.000000
0.943105 0.012926 0.332245 0.000000 -0.067527 0.985866 0.153325 26.173401 -0.325567 -0.167037 0.930648 -0.161200 0.000000 0.000000 0.000000 1.000000</float_array>
        <technique_common>
          <accessor source="#mixamorig_Neck-Matrix-animation-output-transform-array" count="36" stride="16">
            <param type="float4x4"/>
          </accessor>
        </technique_common>
      </source>
      <source id="mixamorig_Neck-Interpolations">
        <Name_array id="mixamorig_Neck-Interpolations-array" count="36">
 LINEAR LINEAR LINEAR LINEAR LINEAR LINEAR LINEAR LINEAR LINEAR LINEAR LINEAR
LINEAR LINEAR LINEAR LINEAR LINEAR LINEAR LINEAR LINEAR LINEAR LINEAR LINEAR LINEAR
LINEAR LINEAR LINEAR LINEAR LINEAR LINEAR LINEAR LINEAR LINEAR LINEAR LINEAR LINEAR
LINEAR</Name_array>
        <technique_common>
          <accessor source="#mixamorig_Neck-Interpolations-array" count="36">
            <param type="name"/>
          </accessor>
        </technique_common>
      </source>
      <sampler id="mixamorig_Neck-Matrix-animation-transform">
        <input semantic="INPUT" source="#mixamorig_Neck-Matrix-animation-input"/>
        <input semantic="OUTPUT" source="#mixamorig_Neck-Matrix-animation-output-transform"/>
        <input semantic="INTERPOLATION" source="#mixamorig_Neck-Interpolations"/>
      </sampler>
      <channel source="#mixamorig_Neck-Matrix-animation-transform" target="mixamorig_Neck/matrix"/>
    </animation>
    <animation id="mixamorig_Head-anim" name="mixamorig_Head">
      <source id="mixamorig_Head-Matrix-animation-input">
        <float_array id="mixamorig_Head-Matrix-animation-input-array" count="36">

0.000000 0.033333 0.066667 0.100000 0.133333 0.166667 0.200000 0.233333 0.266667 0.300000 0.333333 0.366667 0.400000 0.433333 0.466667 0.500000
0.533333 0.566667 0.600000 0.633333 0.666667 0.700000 0.733333 0.766667 0.800000 0.833333 0.866667 0.900000 0.933333 0.966667 1.000000 1.033333
1.066667 1.100000 1.133333 1.166667</float_array>
        <technique_common>
          <accessor source="#mixamorig_Head-Matrix-animation-input-array" count="36">
            <param name="TIME" type="float"/>
          </accessor>
        </technique_common>
      </source>
      <source id="mixamorig_Head-Matrix-animation-output-transform">
        <float_array id="mixamorig_Head-Matrix-animation-output-transform-array" count="576">

0.873174 0.033860 0.486230 -0.000000 -0.194467 0.938945 0.283839 14.369300 -0.446933 -0.342396 0.826448 0.127800 0.000000 0.000000 0.000000 1.000000
0.875041 0.030040 0.483115 -0.000000 -0.187997 0.940812 0.282010 14.369300 -0.446049 -0.337594 0.828897 0.127800 0.000000 0.000000 0.000000 1.000000
0.874133 0.030981 0.484697 0.000000 -0.187099 0.942423 0.277186 14.369300 -0.448203 -0.332984 0.829600 0.127800 0.000000 0.000000 0.000000 1.000000
