<?xml version="1.0" encoding="utf-8"?>
<COLLADA xmlns="http://www.collada.org/2005/11/COLLADASchema" version="1.4.1">
  <asset>
    <contributor>
      <author>Mixamo</author>
      <authoring_tool>COLLADA Mixamo exporter</authoring_tool>
      <comments/>
    </contributor>
    <created>2025-11-14T05:17:25Z</created>
    <modified>2025-11-14T05:17:25Z</modified>
    <revision/>
    <title/>
    <unit meter="0.010000"/>
    <up_axis>Y_UP</up_axis>
  </asset>
  <library_animations>
    <animation id="mixamorig_Hips-anim" name="mixamorig_Hips">
      <source id="mixamorig_Hips-Matrix-animation-input">
        <float_array id="mixamorig_Hips-Matrix-animation-input-array" count="51">

0.000000 0.033333 0.066667 0.100000 0.133333 0.166667 0.200000 0.233333 0.266667 0.300000 0.333333 0.366667 0.400000 0.433333 0.466667 0.500000
0.533333 0.566667 0.600000 0.633333 0.666667 0.700000 0.733333 0.766667 0.800000 0.833333 0.866667 0.900000 0.933333 0.966667 1.000000 1.033333
1.066667 1.100000 1.133333 1.166667 1.200000 1.233333 1.266667 1.300000 1.333333 1.366667 1.400000 1.433333 1.466667 1.500000 1.533333 1.566667
1.600000 1.633333 1.666667</float_array>
        <technique_common>
          <accessor source="#mixamorig_Hips-Matrix-animation-input-array" count="51">
            <param name="TIME" type="float"/>
          </accessor>
        </technique_common>
      </source>
      <source id="mixamorig_Hips-Matrix-animation-output-transform">
        <float_array id="mixamorig_Hips-Matrix-animation-output-transform-array" count="816">

0.881903 -0.216770 -0.418637 -0.939046 0.062797 0.934118 -0.351397 63.122444 0.467229 0.283609 0.837414 2.381623 0.000000 0.000000 0.000000 1.000000
0.881175 -0.218477 -0.419284 -0.958801 0.064135 0.933866 -0.351824 63.093258 0.468421 0.283128 0.836911 2.418841 0.000000 0.000000 0.000000 1.000000
0.880407 -0.220745 -0.419710 -0.994399 0.066404 0.933720 -0.351792 63.045006 0.469547 0.281850 0.836711 2.518911 0.000000 0.000000 0.000000 1.000000
0.879308 -0.225181 -0.419656 -1.070652 0.070802 0.933177 -0.352376 63.057674 0.470962 0.280134 0.836493 2.581796 0.000000 0.000000 0.000000 1.000000
0.877368 -0.234060 -0.418857 -1.217331 0.079287 0.931672 -0.354544 63.177349 0.473222 0.277855 0.835977 2.559637 0.000000 0.000000 0.000000 1.000000
0.875048 -0.244599 -0.417688 -1.394788 0.089329 0.929709 -0.357296 63.349491 0.475722 0.275340 0.835390 2.497867 0.000000 0.000000 0.000000 1.000000
0.873078 -0.254086 -0.416144 -1.584688 0.098607 0.927863 -0.359650 63.594513 0.477506 0.272967 0.835151 2.380616 0.000000 0.000000 0.000000 1.000000
0.873657 -0.257559 -0.412779 -1.830687 0.103502 0.927359 -0.359573 64.210747 0.475406 0.271420 0.836851 1.980661 0.000000 0.000000 0.000000 1.000000
0.882231 -0.254197 -0.396299 -2.278306 0.106687 0.927765 -0.357589 65.494179 0.458571 0.273196 0.845622 0.971778 0.000000 0.000000 0.000000 1.000000
0.892069 -0.249415 -0.376837 -2.768846 0.109518 0.928357 -0.355188 66.914246 0.438428 0.275582 0.855474 -0.158451 0.000000 0.000000 0.000000 1.000000
0.904004 -0.242790 -0.351895 -3.341259 0.111995 0.928842 -0.353143 68.518875 0.412594 0.279832 0.866868 -1.403437 0.000000 0.000000 0.000000 1.000000
0.927016 -0.226230 -0.299102 -4.336020 0.112513 0.928591 -0.353636 71.062286 0.357747 0.294174 0.886273 -3.220009 0.000000 0.000000 0.000000 1.000000
0.948633 -0.222184 -0.225231 -5.808423 0.125943 0.918268 -0.375397 73.981354 0.290230 0.327748 0.899082 -5.141432 0.000000 0.000000 0.000000 1.000000
0.964713 -0.214958 -0.152060 -7.238855 0.139209 0.906587 -0.398399 76.819946 0.223495 0.363172 0.904520 -7.062244 0.000000 0.000000 0.000000 1.000000
0.975303 -0.200797 -0.092005 -8.295059 0.144874 0.896003 -0.419749 79.296432 0.166721 0.396054 0.902965 -8.904932 0.000000 0.000000 0.000000 1.000000
0.982146 -0.183253 -0.042521 -9.197050 0.146840 0.888071 -0.435624 81.486633 0.117591 0.421603 0.899124 -10.760202 0.000000 0.000000 0.000000 1.000000
0.985623 -0.167838 -0.019448 -9.959356 0.143728 0.893362 -0.425731 82.920479 0.088828 0.416815 0.904641 -12.792879 0.000000 0.000000 0.000000 1.000000
0.986604 -0.163122 -0.001736 -10.643980 0.147376 0.895830 -0.419248 83.905510 0.069944 0.413376 0.907870 -14.458570 0.000000 0.000000 0.000000 1.000000
0.987615 -0.155964 0.017069 -11.088992 0.148625 0.895149 -0.420259 84.666489 0.050266 0.417591 0.907243 -15.521593 0.000000 0.000000 0.000000 1.000000
0.990143 -0.134526 0.038988 -11.199885 0.138286 0.894779 -0.424556 85.257866 0.022228 0.425762 0.904562 -16.185957 0.000000 0.000000 0.000000 1.000000
0.992283 -0.103630 0.068088 -11.120036 0.122875 0.895491 -0.427782 85.503342 -0.016641 0.432847 0.901314 -16.660324 0.000000 0.000000 0.000000 1.000000
0.992092 -0.066793 0.106266 -10.771872 0.106677 0.894818 -0.433499 85.553978 -0.066134 0.441406 0.894867 -16.878809 0.000000 0.000000 0.000000 1.000000
0.989245 -0.029335 0.143294 -10.230559 0.090169 0.893685 -0.439540 85.537560 -0.115166 0.447734 0.886719 -16.850517 0.000000 0.000000 0.000000 1.000000
0.984171 0.010611 0.176901 -9.432707 0.070806 0.891528 -0.447398 85.411530 -0.162460 0.452841 0.876665 -16.641830 0.000000 0.000000 0.000000 1.000000
0.977671 0.054075 0.203064 -8.382554 0.045084 0.889849 -0.454022 85.144310 -0.205248 0.453040 0.867542 -16.361069 0.000000 0.000000 0.000000 1.000000
0.970079 0.098360 0.221973 -7.125142 0.014419 0.889307 -0.457082 84.776276 -0.242361 0.446607 0.861280 -16.084330 0.000000 0.000000 0.000000 1.000000
0.959909 0.141643 0.241892 -5.676741 -0.016584 0.890126 -0.455413 84.347755 -0.279820 0.433143 0.856789 -15.744545 0.000000 0.000000 0.000000 1.000000
0.945813 0.182227 0.268760 -4.364183 -0.042155 0.889588 -0.454815 84.182892 -0.321965 0.418840 0.849065 -15.288071 0.000000 0.000000 0.000000 1.000000
0.926525 0.220349 0.304955 -3.159135 -0.062903 0.889864 -0.451868 84.350845 -0.370937 0.399484 0.838343 -14.668251 0.000000 0.000000 0.000000 1.000000
0.901271 0.265187 0.342617 -1.874755 -0.092317 0.890180 -0.446158 84.603027 -0.423306 0.370480 0.826775 -13.917306 0.000000 0.000000 0.000000 1.000000
0.870913 0.309924 0.381389 -0.979014 -0.123186 0.888967 -0.441093 84.796104 -0.475747 0.337172 0.812391 -13.207815 0.000000 0.000000 0.000000 1.000000
0.836515 0.350454 0.421217 -0.261736 -0.148873 0.885169 -0.440809 84.972466 -0.527332 0.306036 0.792631 -12.481218 0.000000 0.000000 0.000000 1.000000
0.799800 0.381503 0.463439 -0.048134 -0.156688 0.877975 -0.452337 85.124344 -0.579455 0.289164 0.761981 -11.627641 0.000000 0.000000 0.000000 1.000000
0.762167 0.412765 0.498726 0.092423 -0.166599 0.869485 -0.465017 85.304337 -0.625577 0.271333 0.731459 -10.734455 0.000000 0.000000 0.000000 1.000000
0.722187 0.439057 0.534485 0.229348 -0.174571 0.863394 -0.473366 85.371346 -0.669306 0.248553 0.700179 -9.861057 0.000000 0.000000 0.000000 1.000000
0.678024 0.457162 0.575575 0.390829 -0.171070 0.859695 -0.481310 85.206070 -0.714856 0.227876 0.661100 -8.844410 0.000000 0.000000 0.000000 1.000000
0.634666 0.466649 0.615985 0.480573 -0.157590 0.858499 -0.488000 84.580856 -0.756547 0.212644 0.618400 -7.688306 0.000000 0.000000 0.000000 1.000000
0.590952 0.463491 0.660266 0.354903 -0.142871 0.865665 -0.479803 83.486252 -0.793954 0.189208 0.577786 -6.579229 0.000000 0.000000 0.000000 1.000000
0.549674 0.455437 0.700311 0.093488 -0.121465 0.872979 -0.472392 81.948486 -0.826501 0.174598 0.535174 -5.405086 0.000000 0.000000 0.000000 1.000000
0.523830 0.444150 0.726865 -0.302209 -0.099532 0.879375 -0.465611 80.227150 -0.845988 0.171554 0.504850 -4.323895 0.000000 0.000000 0.000000 1.000000
0.508759 0.430102 0.745773 -0.692720 -0.082217 0.886576 -0.455218 78.520020 -0.856974 0.170281 0.486415 -3.476213 0.000000 0.000000 0.000000 1.000000
0.495628 0.411300 0.764974 -1.068487 -0.059742 0.894822 -0.442408 76.711655 -0.866478 0.173568 0.468071 -2.795307 0.000000 0.000000 0.000000 1.000000
0.492569 0.391138 0.777424 -1.376833 -0.038690 0.902268 -0.429436 74.830505 -0.869413 0.181448 0.459562 -2.181957 0.000000 0.000000 0.000000 1.000000
0.491691 0.374141 0.786294 -1.557608 -0.023155 0.908286 -0.417709 72.995583 -0.870462 0.187177 0.455259 -1.685832 0.000000 0.000000 0.000000 1.000000
0.485785 0.362200 0.795503 -1.575705 -0.009027 0.912135 -0.409791 71.090195 -0.874032 0.191889 0.446370 -1.192197 0.000000 0.000000 0.000000 1.000000
0.478507 0.349740 0.805427 -1.447403 0.005235 0.916103 -0.400909 69.425621 -0.878068 0.196054 0.436530 -0.760846 0.000000 0.000000 0.000000 1.000000
0.471068 0.337948 0.814792 -1.248087 0.018478 0.919716 -0.392150 67.840050 -0.881904 0.199785 0.427003 -0.363674 0.000000 0.000000 0.000000 1.000000
0.465710 0.329756 0.821204 -0.840109 0.028050 0.922012 -0.386143 66.408676 -0.884493 0.202865 0.420140 -0.075111 0.000000 0.000000 0.000000 1.000000
0.464988 0.317947 0.826254 -0.377554 0.036902 0.925514 -0.376910 65.412727 -0.884547 0.205749 0.418620 0.145726 0.000000 0.000000 0.000000 1.000000
0.465007 0.305417 0.830957 0.095235 0.045657 0.929086 -0.367034 64.498413 -0.884129 0.208613 0.418087 0.353865 0.000000 0.000000 0.000000 1.000000
0.464860 0.292848 0.835551 0.568024 0.054426 0.932479 -0.357100 63.584103 -0.883710 0.211477 0.417534 0.562003 0.000000 0.000000 0.000000 1.000000</float_array>
        <technique_common>
          <accessor source="#mixamorig_Hips-Matrix-animation-output-transform-array" count="51" stride="16">
            <param type="float4x4"/>
          </accessor>
        </technique_common>
      </source>
      <source id="mixamorig_Hips-Interpolations">
        <Name_array id="mixamorig_Hips-Interpolations-array" count="51">
 LINEAR LINEAR LINEAR LINEAR LINEAR LINEAR LINEAR LINEAR LINEAR LINEAR LINEAR
LINEAR LINEAR LINEAR LINEAR LINEAR LINEAR LINEAR LINEAR LINEAR LINEAR LINEAR LINEAR
LINEAR LINEAR LINEAR LINEAR LINEAR LINEAR LINEAR LINEAR LINEAR LINEAR LINEAR LINEAR
LINEAR LINEAR LINEAR LINEAR LINEAR LINEAR LINEAR LINEAR LINEAR LINEAR LINEAR LINEAR
LINEAR LINEAR LINEAR LINEAR</Name_array>
        <technique_common>
          <accessor source="#mixamorig_Hips-Interpolations-array" count="51">
            <param type="name"/>
          </accessor>
        </technique_common>
      </source>
      <sampler id="mixamorig_Hips-Matrix-animation-transform">
        <input semantic="INPUT" source="#mixamorig_Hips-Matrix-animation-input"/>
        <input semantic="OUTPUT" source="#mixamorig_Hips-Matrix-animation-output-transform"/>
        <input semantic="INTERPOLATION" source="#mixamorig_Hips-Interpolations"/>
      </sampler>
      <channel source="#mixamorig_Hips-Matrix-animation-transform" target="mixamorig_Hips/matrix"/>
    </animation>
    <animation id="mixamorig_Spine-anim" name="mixamorig_Spine">
      <source id="mixamorig_Spine-Matrix-animation-input">
        <float_array id="mixamorig_Spine-Matrix-animation-input-array" count="51">

0.000000 0.033333 0.066667 0.100000 0.133333 0.166667 0.200000 0.233333 0.266667 0.300000 0.333333 0.366667 0.400000 0.433333 0.466667 0.500000
0.533333 0.566667 0.600000 0.633333 0.666667 0.700000 0.733333 0.766667 0.800000 0.833333 0.866667 0.900000 0.933333 0.966667 1.000000 1.033333
1.066667 1.100000 1.133333 1.166667 1.200000 1.233333 1.266667 1.300000 1.333333 1.366667 1.400000 1.433333 1.466667 1.500000 1.533333 1.566667
1.600000 1.633333 1.666667</float_array>
        <technique_common>
          <accessor source="#mixamorig_Spine-Matrix-animation-input-array" count="51">
            <param name="TIME" type="float"/>
          </accessor>
        </technique_common>
      </source>
      <source id="mixamorig_Spine-Matrix-animation-output-transform">
        <float_array id="mixamorig_Spine-Matrix-animation-output-transform-array" count="816">

0.998713 0.023475 -0.044952 0.000000 -0.029916 0.988465 -0.148465 8.536500 0.040948 0.149619 0.987895 0.187100 0.000000 0.000000 0.000000 1.000000
0.998457 0.031700 -0.045603 -0.000000 -0.038176 0.988101 -0.148990 8.536500 0.040337 0.150501 0.987787 0.187100 0.000000 0.000000 0.000000 1.000000
0.997388 0.053903 -0.048080 -0.000000 -0.060592 0.986717 -0.150723 8.536500 0.039317 0.153243 0.987406 0.187100 0.000000 0.000000 0.000000 1.000000
0.995561 0.079080 -0.051045 -0.000000 -0.086038 0.984498 -0.152846 8.536500 0.038166 0.156559 0.986931 0.187100 0.000000 0.000000 0.000000 1.000000
0.993005 0.104809 -0.054372 0.000000 -0.112089 0.981519 -0.155104 8.536500 0.037111 0.160114 0.986401 0.187100 0.000000 0.000000 0.000000 1.000000
0.989713 0.130830 -0.057899 0.000000 -0.138462 0.977770 -0.157459 8.536500 0.036012 0.163856 0.985827 0.187100 0.000000 0.000000 0.000000 1.000000
0.986208 0.153992 -0.060672 -0.000000 -0.161898 0.973715 -0.160215 8.536500 0.034405 0.167828 0.985216 0.187100 0.000000 0.000000 0.000000 1.000000
0.984986 0.162369 -0.058649 0.000000 -0.169993 0.971442 -0.165536 8.536500 0.030096 0.173021 0.984458 0.187100 0.000000 0.000000 0.000000 1.000000
0.987716 0.147326 -0.052070 0.000000 -0.154286 0.972275 -0.175720 8.536500 0.024738 0.181596 0.983062 0.187100 0.000000 0.000000 0.000000 1.000000
0.990801 0.127874 -0.044279 0.000000 -0.133950 0.973259 -0.186612 8.536500 0.019232 0.190827 0.981435 0.187100 0.000000 0.000000 0.000000 1.000000
0.993605 0.106815 -0.036594 0.000000 -0.111975 0.973803 -0.197913 8.536500 0.014495 0.200745 0.979536 0.187100 0.000000 0.000000 0.000000 1.000000
0.996447 0.078174 -0.031333 0.000000 -0.083063 0.973655 -0.212358 8.536500 0.013907 0.214207 0.976689 0.187100 0.000000 0.000000 0.000000 1.000000
0.998393 0.050048 -0.026579 0.000000 -0.054437 0.977356 -0.204479 8.536500 0.015743 0.205598 0.978510 0.187100 0.000000 0.000000 0.000000 1.000000
0.999430 0.024880 -0.022830 0.000000 -0.028827 0.980754 -0.193109 8.536500 0.017586 0.193656 0.980912 0.187100 0.000000 0.000000 0.000000 1.000000
0.999803 0.005237 -0.019124 -0.000000 -0.008627 0.983303 -0.181773 8.536500 0.017853 0.181902 0.983155 0.187100 0.000000 0.000000 0.000000 1.000000
0.999830 -0.006693 -0.017155 0.000000 0.003527 0.983957 -0.178372 8.536500 0.018074 0.178281 0.983814 0.187100 0.000000 0.000000 0.000000 1.000000
0.999718 0.007430 -0.022559 -0.000000 -0.012114 0.976494 -0.215204 8.536500 0.020430 0.215416 0.976309 0.187100 0.000000 0.000000 0.000000 1.000000
0.998803 0.037172 -0.031791 -0.000000 -0.043642 0.970752 -0.236083 8.536500 0.022086 0.237188 0.971213 0.187100 0.000000 0.000000 0.000000 1.000000
0.997341 0.061232 -0.039527 0.000000 -0.068972 0.968218 -0.240408 8.536500 0.023550 0.242495 0.969867 0.187100 0.000000 0.000000 0.000000 1.000000
0.996855 0.067477 -0.041566 -0.000000 -0.075363 0.969375 -0.233737 8.536500 0.024521 0.236134 0.971411 0.187100 0.000000 0.000000 0.000000 1.000000
0.997036 0.064987 -0.041180 0.000000 -0.072586 0.971997 -0.223500 8.536500 0.025503 0.225827 0.973834 0.187100 0.000000 0.000000 0.000000 1.000000
0.997631 0.056763 -0.038851 -0.000000 -0.063693 0.975589 -0.210164 8.536500 0.025973 0.212141 0.976894 0.187100 0.000000 0.000000 0.000000 1.000000
0.998169 0.048930 -0.035566 0.000000 -0.054897 0.979681 -0.192903 8.536500 0.025404 0.194502 0.980573 0.187100 0.000000 0.000000 0.000000 1.000000
0.998617 0.041719 -0.031978 0.000000 -0.046599 0.984116 -0.171302 8.536500 0.024324 0.172555 0.984700 0.187100 0.000000 0.000000 0.000000 1.000000
0.998976 0.035717 -0.027764 0.000000 -0.039471 0.988025 -0.149162 8.536500 0.022104 0.150106 0.988423 0.187100 0.000000 0.000000 0.000000 1.000000
0.999193 0.032652 -0.023394 -0.000000 -0.035425 0.990874 -0.130052 8.536500 0.018934 0.130776 0.991231 0.187100 0.000000 0.000000 0.000000 1.000000
0.999201 0.034663 -0.019878 -0.000000 -0.036752 0.992487 -0.116699 8.536500 0.015684 0.117336 0.992968 0.187100 0.000000 0.000000 0.000000 1.000000
0.998989 0.041203 -0.017986 0.000000 -0.042926 0.993087 -0.109254 8.536500 0.013361 0.109916 0.993851 0.187100 0.000000 0.000000 0.000000 1.000000
0.998913 0.043329 -0.017170 0.000000 -0.044949 0.993007 -0.109167 8.536500 0.012320 0.109820 0.993875 0.187100 0.000000 0.000000 0.000000 1.000000
0.999382 0.032464 -0.013456 0.000000 -0.033843 0.992240 -0.119644 8.536500 0.009467 0.120026 0.992726 0.187100 0.000000 0.000000 0.000000 1.000000
0.999710 0.021473 -0.010939 0.000000 -0.022689 0.991650 -0.126944 8.536500 0.008122 0.127156 0.991850 0.187100 0.000000 0.000000 0.000000 1.000000
0.999878 0.012226 -0.009726 0.000000 -0.013405 0.991123 -0.132273 8.536500 0.008023 0.132387 0.991166 0.187100 0.000000 0.000000 0.000000 1.000000
0.999828 0.011756 -0.014310 0.000000 -0.013532 0.991283 -0.131054 8.536500 0.012645 0.131226 0.991272 0.187100 0.000000 0.000000 0.000000 1.000000
0.999899 0.002755 -0.013926 0.000000 -0.004552 0.991417 -0.130662 8.536500 0.013446 0.130712 0.991329 0.187100 0.000000 0.000000 0.000000 1.000000
0.999881 -0.011100 -0.010678 0.000000 0.009610 0.991386 -0.130621 8.536500 0.012036 0.130503 0.991375 0.187100 0.000000 0.000000 0.000000 1.000000
0.999861 -0.013246 -0.010086 0.000000 0.011871 0.991963 -0.125972 8.536500 0.011674 0.125835 0.991983 0.187100 0.000000 0.000000 0.000000 1.000000
0.999893 -0.011867 -0.008532 0.000000 0.010806 0.993286 -0.115176 8.536500 0.009842 0.115071 0.993309 0.187100 0.000000 0.000000 0.000000 1.000000
0.999964 -0.003072 -0.007888 0.000000 0.002003 0.991226 -0.132162 8.536500 0.008225 0.132141 0.991197 0.187100 0.000000 0.000000 0.000000 1.000000
0.999883 0.011767 -0.009725 0.000000 -0.013018 0.989972 -0.140664 8.536500 0.007972 0.140774 0.990010 0.187100 0.000000 0.000000 0.000000 1.000000
0.999611 0.026683 -0.008095 0.000000 -0.027561 0.989523 -0.141722 8.536500 0.004229 0.141890 0.989873 0.187100 0.000000 0.000000 0.000000 1.000000
0.999076 0.042402 -0.007087 0.000000 -0.042982 0.988474 -0.145160 8.536500 0.000850 0.145330 0.989383 0.187100 0.000000 0.000000 0.000000 1.000000
0.998393 0.055681 -0.010513 -0.000000 -0.056639 0.986213 -0.155488 8.536500 0.001710 0.155834 0.987782 0.187100 0.000000 0.000000 0.000000 1.000000
0.997724 0.066470 -0.011378 -0.000000 -0.067437 0.983677 -0.166828 8.536500 0.000103 0.167216 0.985920 0.187100 0.000000 0.000000 0.000000 1.000000
0.997679 0.067441 -0.009373 0.000000 -0.068032 0.981726 -0.177726 8.536500 -0.002785 0.177951 0.984035 0.187100 0.000000 0.000000 0.000000 1.000000
0.997823 0.065395 -0.008537 -0.000000 -0.065844 0.980484 -0.185242 8.536500 -0.003744 0.185401 0.982656 0.187100 0.000000 0.000000 0.000000 1.000000
0.998006 0.061797 -0.012868 -0.000000 -0.063118 0.979509 -0.191254 8.536500 0.000785 0.191684 0.981456 0.187100 0.000000 0.000000 0.000000 1.000000
0.998176 0.057683 -0.017837 -0.000000 -0.060065 0.978700 -0.196314 8.536500 0.006133 0.197027 0.980379 0.187100 0.000000 0.000000 0.000000 1.000000
0.998384 0.052809 -0.020990 0.000000 -0.055926 0.978600 -0.198025 8.536500 0.010083 0.198879 0.979972 0.187100 0.000000 0.000000 0.000000 1.000000
0.998521 0.047849 -0.025811 0.000000 -0.051967 0.979515 -0.194549 8.536500 0.015973 0.195602 0.980553 0.187100 0.000000 0.000000 0.000000 1.000000
0.998598 0.042915 -0.030987 0.000000 -0.048041 0.980582 -0.190133 8.536500 0.022226 0.191355 0.981269 0.187100 0.000000 0.000000 0.000000 1.000000
0.998621 0.038025 -0.036208 0.000000 -0.044113 0.981605 -0.185758 8.536500 0.028478 0.187099 0.981928 0.187100 0.000000 0.000000 0.000000 1.000000</float_array>
        <technique_common>
          <accessor source="#mixamorig_Spine-Matrix-animation-output-transform-array" count="51" stride="16">
            <param type="float4x4"/>
          </accessor>
        </technique_common>
      </source>
      <source id="mixamorig_Spine-Interpolations">
        <Name_array id="mixamorig_Spine-Interpolations-array" count="51">
 LINEAR LINEAR LINEAR LINEAR LINEAR LINEAR LINEAR LINEAR LINEAR LINEAR LINEAR
LINEAR LINEAR LINEAR LINEAR LINEAR LINEAR LINEAR LINEAR LINEAR LINEAR LINEAR LINEAR
LINEAR LINEAR LINEAR LINEAR LINEAR LINEAR LINEAR LINEAR LINEAR LINEAR LINEAR LINEAR
LINEAR LINEAR LINEAR LINEAR LINEAR LINEAR LINEAR LINEAR LINEAR LINEAR LINEAR LINEAR
LINEAR LINEAR LINEAR LINEAR</Name_array>
        <technique_common>
          <accessor source="#mixamorig_Spine-Interpolations-array" count="51">
            <param type="name"/>
          </accessor>
        </technique_common>
      </source>
      <sampler id="mixamorig_Spine-Matrix-animation-transform">
        <input semantic="INPUT" source="#mixamorig_Spine-Matrix-animation-input"/>
        <input semantic="OUTPUT" source="#mixamorig_Spine-Matrix-animation-output-transform"/>
        <input semantic="INTERPOLATION" source="#mixamorig_Spine-Interpolations"/>
      </sampler>
      <channel source="#mixamorig_Spine-Matrix-animation-transform" target="mixamorig_Spine/matrix"/>
    </animation>
    <animation id="mixamorig_Spine1-anim" name="mixamorig_Spine1">
      <source id="mixamorig_Spine1-Matrix-animation-input">
        <float_array id="mixamorig_Spine1-Matrix-animation-input-array" count="51">

0.000000 0.033333 0.066667 0.100000 0.133333 0.166667 0.200000 0.233333 0.266667 0.300000 0.333333 0.366667 0.400000 0.433333 0.466667 0.500000
0.533333 0.566667 0.600000 0.633333 0.666667 0.700000 0.733333 0.766667 0.800000 0.833333 0.866667 0.900000 0.933333 0.966667 1.000000 1.033333
1.066667 1.100000 1.133333 1.166667 1.200000 1.233333 1.266667 1.300000 1.333333 1.366667 1.400000 1.433333 1.466667 1.500000 1.533333 1.566667
1.600000 1.633333 1.666667</float_array>
        <technique_common>
          <accessor source="#mixamorig_Spine1-Matrix-animation-input-array" count="51">
            <param name="TIME" type="float"/>
          </accessor>
        </technique_common>
      </source>
      <source id="mixamorig_Spine1-Matrix-animation-output-transform">
        <float_array id="mixamorig_Spine1-Matrix-animation-output-transform-array" count="816">

0.994567 0.050997 -0.090748 0.000000 -0.052784 0.998454 -0.017396 9.685800 0.089721 0.022092 0.995722 -0.000000 0.000000 0.000000 0.000000 1.000000
0.994829 0.047895 -0.089560 -0.000000 -0.049731 0.998593 -0.018381 9.685800 0.088553 0.022740 0.995812 0.000000 0.000000 0.000000 0.000000 1.000000
0.995393 0.041046 -0.086653 0.000000 -0.042959 0.998870 -0.020337 9.685800 0.085720 0.023966 0.996031 0.000000 0.000000 0.000000 0.000000 1.000000
0.995977 0.034016 -0.082899 0.000000 -0.035917 0.999123 -0.021544 9.685800 0.082093 0.024435 0.996325 -0.000000 0.000000 0.000000 0.000000 1.000000
0.996541 0.027963 -0.078257 0.000000 -0.029677 0.999343 -0.020818 9.685800 0.077624 0.023069 0.996716 0.000000 0.000000 0.000000 0.000000 1.000000
0.997067 0.022292 -0.073218 -0.000000 -0.023765 0.999531 -0.019314 9.685800 0.072753 0.020997 0.997129 0.000000 0.000000 0.000000 0.000000 1.000000
0.997513 0.017667 -0.068237 0.000000 -0.018924 0.999662 -0.017817 9.685800 0.067899 0.019064 0.997510 0.000000 0.000000 0.000000 0.000000 1.000000
0.997802 0.018592 -0.063612 -0.000000 -0.019703 0.999663 -0.016892 9.685800 0.063276 0.018109 0.997832 -0.000000 0.000000 0.000000 0.000000 1.000000
0.997567 0.030513 -0.062681 0.000000 -0.031943 0.999249 -0.021952 9.685800 0.061964 0.023901 0.997792 0.000000 0.000000 0.000000 0.000000 1.000000
0.997044 0.044454 -0.062665 -0.000000 -0.046291 0.998531 -0.028162 9.685800 0.061321 0.030980 0.997637 -0.000000 0.000000 0.000000 0.000000 1.000000
0.996302 0.057750 -0.063623 0.000000 -0.060041 0.997592 -0.034704 9.685800 0.061466 0.038396 0.997370 0.000000 0.000000 0.000000 0.000000 1.000000
0.995393 0.066917 -0.068667 0.000000 -0.069939 0.996642 -0.042577 9.685800 0.065587 0.047184 0.996731 0.000000 0.000000 0.000000 0.000000 1.000000
0.994053 0.077850 -0.076142 -0.000000 -0.081893 0.995310 -0.051496 9.685800 0.071776 0.057426 0.995766 -0.000000 0.000000 0.000000 0.000000 1.000000
0.992712 0.087047 -0.083336 -0.000000 -0.092159 0.993960 -0.059581 9.685800 0.077646 0.066827 0.994739 0.000000 0.000000 0.000000 0.000000 1.000000
0.991850 0.091566 -0.088593 -0.000000 -0.097595 0.993016 -0.066294 9.685800 0.081904 0.074400 0.993859 0.000000 0.000000 0.000000 0.000000 1.000000
0.991444 0.092799 -0.091800 -0.000000 -0.099380 0.992590 -0.069919 9.685800 0.084631 0.078443 0.993320 0.000000 0.000000 0.000000 0.000000 1.000000
0.992287 0.086688 -0.088614 -0.000000 -0.092306 0.993837 -0.061387 9.685800 0.082746 0.069093 0.994173 0.000000 0.000000 0.000000 0.000000 1.000000
0.993531 0.077830 -0.082701 0.000000 -0.082367 0.995195 -0.052938 9.685800 0.078184 0.059407 0.995167 0.000000 0.000000 0.000000 0.000000 1.000000
0.994490 0.069636 -0.078358 -0.000000 -0.073402 0.996230 -0.046247 9.685800 0.074842 0.051744 0.995852 0.000000 0.000000 0.000000 0.000000 1.000000
0.995033 0.061987 -0.077886 0.000000 -0.065517 0.996898 -0.043618 9.685800 0.074941 0.048504 0.996008 -0.000000 0.000000 0.000000 0.000000 1.000000
0.995031 0.056369 -0.082069 -0.000000 -0.060049 0.997265 -0.043091 9.685800 0.079415 0.047805 0.995695 0.000000 0.000000 0.000000 0.000000 1.000000
0.994817 0.049893 -0.088596 -0.000000 -0.053886 0.997609 -0.043269 9.685800 0.086225 0.047818 0.995127 0.000000 0.000000 0.000000 0.000000 1.000000
0.994783 0.044305 -0.091886 -0.000000 -0.048686 0.997754 -0.046001 9.685800 0.089641 0.050235 0.994706 0.000000 0.000000 0.000000 0.000000 1.000000
0.994955 0.038342 -0.092711 0.000000 -0.043108 0.997820 -0.049964 9.685800 0.090593 0.053709 0.994439 0.000000 0.000000 0.000000 0.000000 1.000000
0.995625 0.030226 -0.088414 0.000000 -0.035194 0.997855 -0.055189 9.685800 0.086556 0.058059 0.994554 0.000000 0.000000 0.000000 0.000000 1.000000
0.996543 0.020805 -0.080429 -0.000000 -0.025670 0.997871 -0.059947 9.685800 0.079010 0.061804 0.994956 0.000000 0.000000 0.000000 0.000000 1.000000
0.997279 0.009316 -0.073131 -0.000000 -0.013932 0.997925 -0.062864 9.685800 0.072393 0.063711 0.995339 0.000000 0.000000 0.000000 0.000000 1.000000
0.997594 0.000187 -0.069329 0.000000 -0.004550 0.998017 -0.062780 9.685800 0.069180 0.062945 0.995616 0.000000 0.000000 0.000000 0.000000 1.000000
0.997638 -0.009024 -0.068095 0.000000 0.004706 0.997983 -0.063307 9.685800 0.068529 0.062837 0.995668 0.000000 0.000000 0.000000 0.000000 1.000000
0.997450 -0.016816 -0.069353 0.000000 0.012647 0.998112 -0.060109 9.685800 0.070233 0.059079 0.995780 0.000000 0.000000 0.000000 0.000000 1.000000
0.997015 -0.027339 -0.072211 0.000000 0.023092 0.997990 -0.059012 9.685800 0.073679 0.057169 0.995642 -0.000000 0.000000 0.000000 0.000000 1.000000
0.996407 -0.037772 -0.075802 -0.000000 0.033411 0.997758 -0.057992 9.685800 0.077822 0.055251 0.995435 -0.000000 0.000000 0.000000 0.000000 1.000000
0.995662 -0.045044 -0.081418 0.000000 0.040637 0.997659 -0.054996 9.685800 0.083705 0.051449 0.995162 0.000000 0.000000 0.000000 0.000000 1.000000
0.995304 -0.047423 -0.084384 0.000000 0.042990 0.997637 -0.053593 9.685800 0.086726 0.049714 0.994991 -0.000000 0.000000 0.000000 0.000000 1.000000
0.995080 -0.047371 -0.087020 0.000000 0.042659 0.997561 -0.055243 9.685800 0.089425 0.051259 0.994674 0.000000 0.000000 0.000000 0.000000 1.000000
0.995057 -0.049814 -0.085907 -0.000000 0.045217 0.997481 -0.054651 9.685800 0.088413 0.050496 0.994803 0.000000 0.000000 0.000000 0.000000 1.000000
0.995675 -0.044530 -0.081531 -0.000000 0.040248 0.997760 -0.053442 9.685800 0.083728 0.049929 0.995237 0.000000 0.000000 0.000000 0.000000 1.000000
0.996338 -0.042729 -0.074066 -0.000000 0.039628 0.998295 -0.042846 9.685800 0.075770 0.039754 0.996333 0.000000 0.000000 0.000000 0.000000 1.000000
0.997050 -0.038865 -0.066190 0.000000 0.036677 0.998750 -0.033970 9.685800 0.067427 0.031442 0.997229 0.000000 0.000000 0.000000 0.000000 1.000000
0.997840 -0.039294 -0.052642 0.000000 0.037511 0.998702 -0.034455 9.685800 0.053927 0.032406 0.998019 0.000000 0.000000 0.000000 0.000000 1.000000
0.998387 -0.037449 -0.042683 -0.000000 0.035941 0.998720 -0.035577 9.685800 0.043961 0.033985 0.998455 -0.000000 0.000000 0.000000 0.000000 1.000000
0.998803 -0.034719 -0.034453 -0.000000 0.033513 0.998826 -0.034991 9.685800 0.035627 0.033794 0.998794 0.000000 0.000000 0.000000 0.000000 1.000000
0.999330 -0.028713 -0.022715 -0.000000 0.027981 0.999099 -0.031897 9.685800 0.023611 0.031240 0.999233 -0.000000 0.000000 0.000000 0.000000 1.000000
0.999632 -0.020653 -0.017598 0.000000 0.020144 0.999387 -0.028650 9.685800 0.018179 0.028285 0.999435 0.000000 0.000000 0.000000 0.000000 1.000000
0.999686 -0.013173 -0.021335 0.000000 0.012657 0.999629 -0.024130 9.685800 0.021645 0.023852 0.999481 -0.000000 0.000000 0.000000 0.000000 1.000000
0.999557 -0.005941 -0.029157 0.000000 0.005347 0.999777 -0.020427 9.685800 0.029271 0.020262 0.999366 0.000000 0.000000 0.000000 0.000000 1.000000
0.999280 0.001230 -0.037930 0.000000 -0.001864 0.999859 -0.016698 9.685800 0.037904 0.016757 0.999141 0.000000 0.000000 0.000000 0.000000 1.000000
0.998837 0.008164 -0.047515 0.000000 -0.008765 0.999884 -0.012436 9.685800 0.047408 0.012838 0.998793 0.000000 0.000000 0.000000 0.000000 1.000000
0.998341 0.016213 -0.055248 0.000000 -0.016911 0.999783 -0.012196 9.685800 0.055039 0.013110 0.998398 0.000000 0.000000 0.000000 0.000000 1.000000
0.997736 0.024446 -0.062649 -0.000000 -0.025284 0.999601 -0.012609 9.685800 0.062315 0.014165 0.997956 0.000000 0.000000 0.000000 0.000000 1.000000
0.997008 0.032662 -0.070056 -0.000000 -0.033645 0.999351 -0.012900 9.685800 0.069589 0.015218 0.997460 -0.000000 0.000000 0.000000 0.000000 1.000000</float_array>
        <technique_common>
          <accessor source="#mixamorig_Spine1-Matrix-animation-output-transform-array" count="51" stride="16">
            <param type="float4x4"/>
          </accessor>
        </technique_common>
      </source>
      <source id="mixamorig_Spine1-Interpolations">
        <Name_array id="mixamorig_Spine1-Interpolations-array" count="51">
 LINEAR LINEAR LINEAR LINEAR LINEAR LINEAR LINEAR LINEAR LINEAR LINEAR LINEAR
LINEAR LINEAR LINEAR LINEAR LINEAR LINEAR LINEAR LINEAR LINEAR LINEAR LINEAR LINEAR
LINEAR LINEAR LINEAR LINEAR LINEAR LINEAR LINEAR LINEAR LINEAR LINEAR LINEAR LINEAR
LINEAR LINEAR LINEAR LINEAR LINEAR LINEAR LINEAR LINEAR LINEAR LINEAR LINEAR LINEAR
LINEAR LINEAR LINEAR LINEAR</Name_array>
        <technique_common>
          <accessor source="#mixamorig_Spine1-Interpolations-array" count="51">
            <param type="name"/>
          </accessor>
        </technique_common>
      </source>
      <sampler id="mixamorig_Spine1-Matrix-animation-transform">
        <input semantic="INPUT" source="#mixamorig_Spine1-Matrix-animation-input"/>
        <input semantic="OUTPUT" source="#mixamorig_Spine1-Matrix-animation-output-transform"/>
        <input semantic="INTERPOLATION" source="#mixamorig_Spine1-Interpolations"/>
      </sampler>
      <channel source="#mixamorig_Spine1-Matrix-animation-transform" target="mixamorig_Spine1/matrix"/>
    </animation>
    <animation id="mixamorig_Spine2-anim" name="mixamorig_Spine2">
      <source id="mixamorig_Spine2-Matrix-animation-input">
        <float_array id="mixamorig_Spine2-Matrix-animation-input-array" count="51">

0.000000 0.033333 0.066667 0.100000 0.133333 0.166667 0.200000 0.233333 0.266667 0.300000 0.333333 0.366667 0.400000 0.433333 0.466667 0.500000
0.533333 0.566667 0.600000 0.633333 0.666667 0.700000 0.733333 0.766667 0.800000 0.833333 0.866667 0.900000 0.933333 0.966667 1.000000 1.033333
1.066667 1.100000 1.133333 1.166667 1.200000 1.233333 1.266667 1.300000 1.333333 1.366667 1.400000 1.433333 1.466667 1.500000 1.533333 1.566667
1.600000 1.633333 1.666667</float_array>
        <technique_common>
          <accessor source="#mixamorig_Spine2-Matrix-animation-input-array" count="51">
            <param name="TIME" type="float"/>
          </accessor>
        </technique_common>
      </source>
      <source id="mixamorig_Spine2-Matrix-animation-output-transform">
        <float_array id="mixamorig_Spine2-Matrix-animation-output-transform-array" count="816">

0.994568 0.052455 -0.089908 0.000000 -0.052918 0.998595 -0.002773 15.875400 0.089636 0.007515 0.995946 -0.000000 0.000000 0.000000 0.000000 1.000000
0.994711 0.048821 -0.090364 -0.000000 -0.049217 0.998786 -0.002150 15.875400 0.090149 0.006586 0.995906 -0.000000 0.000000 0.000000 0.000000 1.000000
0.995275 0.036411 -0.090015 -0.000000 -0.036821 0.999318 -0.002898 15.875400 0.089848 0.006199 0.995936 -0.000000 0.000000 0.000000 0.000000 1.000000
0.995813 0.023373 -0.088370 0.000000 -0.023789 0.999710 -0.003661 15.875400 0.088259 0.005748 0.996081 -0.000000 0.000000 0.000000 0.000000 1.000000
0.996331 0.012582 -0.084656 0.000000 -0.012950 0.999909 -0.003801 15.875400 0.084600 0.004883 0.996403 0.000000 0.000000 0.000000 0.000000 1.000000
0.996790 0.002574 -0.080021 0.000000 -0.002876 0.999989 -0.003666 15.875400 0.080010 0.003885 0.996786 0.000000 0.000000 0.000000 0.000000 1.000000
0.997170 -0.005936 -0.074941 -0.000000 0.005695 0.999978 -0.003424 15.875400 0.074960 0.002987 0.997182 0.000000 0.000000 0.000000 0.000000 1.000000
0.997680 -0.006673 -0.067749 -0.000000 0.006476 0.999974 -0.003116 15.875400 0.067768 0.002670 0.997698 -0.000000 0.000000 0.000000 0.000000 1.000000
0.997934 0.005342 -0.064028 0.000000 -0.005628 0.999975 -0.004287 15.875400 0.064004 0.004638 0.997939 0.000000 0.000000 0.000000 0.000000 1.000000
0.997937 0.019747 -0.061086 0.000000 -0.020143 0.999780 -0.005866 15.875400 0.060957 0.007084 0.998115 0.000000 0.000000 0.000000 0.000000 1.000000
0.997655 0.033965 -0.059419 0.000000 -0.034514 0.999370 -0.008233 15.875400 0.059102 0.010265 0.998199 0.000000 0.000000 0.000000 0.000000 1.000000
0.996868 0.046300 -0.064109 0.000000 -0.047302 0.998780 -0.014194 15.875400 0.063374 0.017182 0.997842 -0.000000 0.000000 0.000000 0.000000 1.000000
0.995532 0.061845 -0.071352 0.000000 -0.063564 0.997733 -0.022083 15.875400 0.069825 0.026520 0.997207 -0.000000 0.000000 0.000000 0.000000 1.000000
0.994099 0.074986 -0.078392 0.000000 -0.077479 0.996565 -0.029249 15.875400 0.075929 0.035151 0.996493 0.000000 0.000000 0.000000 0.000000 1.000000
0.993203 0.081088 -0.083496 0.000000 -0.084226 0.995840 -0.034769 15.875400 0.080329 0.041566 0.995901 -0.000000 0.000000 0.000000 0.000000 1.000000
0.992829 0.082471 -0.086535 -0.000000 -0.085974 0.995589 -0.037566 15.875400 0.083055 0.044737 0.995540 0.000000 0.000000 0.000000 0.000000 1.000000
0.993807 0.073711 -0.083149 0.000000 -0.076445 0.996617 -0.030188 15.875400 0.080642 0.036357 0.996080 0.000000 0.000000 0.000000 0.000000 1.000000
0.994963 0.063830 -0.077288 0.000000 -0.065813 0.997558 -0.023391 15.875400 0.075607 0.028360 0.996734 0.000000 0.000000 0.000000 0.000000 1.000000
0.995706 0.056158 -0.073598 0.000000 -0.057508 0.998211 -0.016357 15.875400 0.072547 0.020519 0.997154 -0.000000 0.000000 0.000000 0.000000 1.000000
0.996139 0.048832 -0.072955 0.000000 -0.050062 0.998631 -0.015130 15.875400 0.072116 0.018724 0.997220 0.000000 0.000000 0.000000 0.000000 1.000000
0.996100 0.042983 -0.077058 0.000000 -0.044371 0.998881 -0.016384 15.875400 0.076267 0.019739 0.996892 0.000000 0.000000 0.000000 0.000000 1.000000
0.995847 0.036343 -0.083474 0.000000 -0.037855 0.999145 -0.016606 15.875400 0.082800 0.019697 0.996372 -0.000000 0.000000 0.000000 0.000000 1.000000
0.995726 0.031355 -0.086874 0.000000 -0.033091 0.999279 -0.018615 15.875400 0.086227 0.021411 0.996045 0.000000 0.000000 0.000000 0.000000 1.000000
0.995778 0.027031 -0.087723 0.000000 -0.029095 0.999327 -0.022342 15.875400 0.087060 0.024800 0.995894 0.000000 0.000000 0.000000 0.000000 1.000000
0.996334 0.021274 -0.082856 0.000000 -0.023619 0.999345 -0.027424 15.875400 0.082218 0.029280 0.996184 0.000000 0.000000 0.000000 0.000000 1.000000
0.997086 0.014022 -0.074990 -0.000000 -0.016455 0.999355 -0.031925 15.875400 0.074494 0.033066 0.996673 0.000000 0.000000 0.000000 0.000000 1.000000
0.997640 0.003599 -0.068569 0.000000 -0.006059 0.999344 -0.035704 15.875400 0.068396 0.036035 0.997007 -0.000000 0.000000 0.000000 0.000000 1.000000
0.997899 -0.006458 -0.064472 -0.000000 0.004067 0.999301 -0.037152 15.875400 0.064667 0.036811 0.997228 0.000000 0.000000 0.000000 0.000000 1.000000
0.997874 -0.017944 -0.062648 -0.000000 0.015595 0.999164 -0.037784 15.875400 0.063273 0.036727 0.997320 0.000000 0.000000 0.000000 0.000000 1.000000
0.997618 -0.029206 -0.062498 0.000000 0.027184 0.999087 -0.032972 15.875400 0.063404 0.031194 0.997500 0.000000 0.000000 0.000000 0.000000 1.000000
0.997166 -0.038084 -0.064875 0.000000 0.036000 0.998807 -0.033001 15.875400 0.066054 0.030572 0.997348 0.000000 0.000000 0.000000 0.000000 1.000000
0.996607 -0.046009 -0.068242 0.000000 0.043784 0.998470 -0.033760 15.875400 0.069691 0.030657 0.997097 -0.000000 0.000000 0.000000 0.000000 1.000000
0.995913 -0.051547 -0.074159 0.000000 0.049198 0.998239 -0.033153 15.875400 0.075737 0.029369 0.996695 -0.000000 0.000000 0.000000 0.000000 1.000000
0.995572 -0.053333 -0.077406 0.000000 0.050970 0.998181 -0.032198 15.875400 0.078982 0.028110 0.996480 0.000000 0.000000 0.000000 0.000000 1.000000
0.995351 -0.053466 -0.080110 -0.000000 0.050881 0.998127 -0.033975 15.875400 0.081776 0.029741 0.996207 -0.000000 0.000000 0.000000 0.000000 1.000000
0.995246 -0.056993 -0.078972 0.000000 0.054476 0.997947 -0.033664 15.875400 0.080729 0.029202 0.996308 0.000000 0.000000 0.000000 0.000000 1.000000
0.995839 -0.053176 -0.074002 -0.000000 0.050902 0.998182 -0.032285 15.875400 0.075584 0.028383 0.996735 0.000000 0.000000 0.000000 0.000000 1.000000
0.996350 -0.053011 -0.066904 -0.000000 0.051625 0.998418 -0.022288 15.875400 0.067980 0.018753 0.997510 -0.000000 0.000000 0.000000 0.000000 1.000000
0.996972 -0.049947 -0.059593 -0.000000 0.049235 0.998698 -0.013373 15.875400 0.060183 0.010398 0.998133 -0.000000 0.000000 0.000000 0.000000 1.000000
0.997693 -0.050387 -0.045493 0.000000 0.049877 0.998680 -0.012275 15.875400 0.046052 0.009978 0.998889 -0.000000 0.000000 0.000000 0.000000 1.000000
0.998185 -0.048726 -0.035378 -0.000000 0.048338 0.998762 -0.011731 15.875400 0.035906 0.009999 0.999305 -0.000000 0.000000 0.000000 0.000000 1.000000
0.998554 -0.046346 -0.027229 -0.000000 0.046071 0.998882 -0.010611 15.875400 0.027690 0.009342 0.999573 0.000000 0.000000 0.000000 0.000000 1.000000
0.999022 -0.041145 -0.016205 0.000000 0.041049 0.999138 -0.006200 15.875400 0.016446 0.005529 0.999849 0.000000 0.000000 0.000000 0.000000 1.000000
0.999339 -0.034162 -0.012454 0.000000 0.034138 0.999415 -0.002105 15.875400 0.012519 0.001679 0.999920 0.000000 0.000000 0.000000 0.000000 1.000000
0.999480 -0.027307 -0.017123 0.000000 0.027344 0.999624 0.001930 15.875400 0.017064 -0.002397 0.999852 0.000000 0.000000 0.000000 0.000000 1.000000
0.999477 -0.020103 -0.025334 0.000000 0.020208 0.999788 0.003912 15.875400 0.025250 -0.004422 0.999671 0.000000 0.000000 0.000000 0.000000 1.000000
0.999326 -0.012785 -0.034416 0.000000 0.012984 0.999900 0.005584 15.875400 0.034341 -0.006027 0.999392 -0.000000 0.000000 0.000000 0.000000 1.000000
0.999001 -0.005335 -0.044361 -0.000000 0.005666 0.999957 0.007341 15.875400 0.044320 -0.007585 0.998989 0.000000 0.000000 0.000000 0.000000 1.000000
0.998626 0.004649 -0.052195 -0.000000 -0.004379 0.999976 0.005293 15.875400 0.052219 -0.005057 0.998623 0.000000 0.000000 0.000000 0.000000 1.000000
0.998103 0.015059 -0.059691 -0.000000 -0.014926 0.999885 0.002661 15.875400 0.059724 -0.001765 0.998213 -0.000000 0.000000 0.000000 0.000000 1.000000
0.997413 0.025417 -0.067244 -0.000000 -0.025462 0.999676 0.000188 15.875400 0.067227 0.001525 0.997737 0.000000 0.000000 0.000000 0.000000 1.000000</float_array>
        <technique_common>
          <accessor source="#mixamorig_Spine2-Matrix-animation-output-transform-array" count="51" stride="16">
            <param type="float4x4"/>
          </accessor>
        </technique_common>
      </source>
      <source id="mixamorig_Spine2-Interpolations">
        <Name_array id="mixamorig_Spine2-Interpolations-array" count="51">
 LINEAR LINEAR LINEAR LINEAR LINEAR LINEAR LINEAR LINEAR LINEAR LINEAR LINEAR
LINEAR LINEAR LINEAR LINEAR LINEAR LINEAR LINEAR LINEAR LINEAR LINEAR LINEAR LINEAR
LINEAR LINEAR LINEAR LINEAR LINEAR LINEAR LINEAR LINEAR LINEAR LINEAR LINEAR LINEAR
