<?xml version="1.0" encoding="utf-8"?>
<COLLADA xmlns="http://www.collada.org/2005/11/COLLADASchema" version="1.4.1">
  <asset>
    <contributor>
      <author>Mixamo</author>
      <authoring_tool>COLLADA Mixamo exporter</authoring_tool>
      <comments/>
    </contributor>
    <created>2025-11-14T05:17:27Z</created>
    <modified>2025-11-14T05:17:27Z</modified>
    <revision/>
    <title/>
    <unit meter="0.010000"/>
    <up_axis>Y_UP</up_axis>
  </asset>
  <library_animations>
    <animation id="mixamorig_Hips-anim" name="mixamorig_Hips">
      <source id="mixamorig_Hips-Matrix-animation-input">
        <float_array id="mixamorig_Hips-Matrix-animation-input-array" count="35">

0.000000 0.033333 0.066667 0.100000 0.133333 0.166667 0.200000 0.233333 0.266667 0.300000 0.333333 0.366667 0.400000 0.433333 0.466667 0.500000
0.533333 0.566667 0.600000 0.633333 0.666667 0.700000 0.733333 0.766667 0.800000 0.833333 0.866667 0.900000 0.933333 0.966667 1.000000 1.033333
1.066667 1.100000 1.133333</float_array>
        <technique_common>
          <accessor source="#mixamorig_Hips-Matrix-animation-input-array" count="35">
            <param name="TIME" type="float"/>
          </accessor>
        </technique_common>
      </source>
      <source id="mixamorig_Hips-Matrix-animation-output-transform">
        <float_array id="mixamorig_Hips-Matrix-animation-output-transform-array" count="560">

0.827531 -0.195065 -0.526443 -0.470124 -0.027318 0.922598 -0.384795 93.170937 0.560755 0.332811 0.758149 2.077612 0.000000 0.000000 0.000000 1.000000
0.820527 -0.212835 -0.530506 -0.997978 -0.003273 0.926330 -0.376698 91.948761 0.571599 0.310827 0.759382 7.798622 0.000000 0.000000 0.000000 1.000000
0.813292 -0.227600 -0.535494 -1.109631 0.012708 0.927050 -0.374722 90.833061 0.581716 0.297954 0.756855 13.191500 0.000000 0.000000 0.000000 1.000000
0.804918 -0.241153 -0.542174 -1.077871 0.024840 0.926587 -0.375258 89.759995 0.592866 0.288585 0.751817 18.462082 0.000000 0.000000 0.000000 1.000000
0.791922 -0.252301 -0.556060 -0.745249 0.026579 0.924026 -0.381405 88.793564 0.610043 0.287264 0.738463 23.449306 0.000000 0.000000 0.000000 1.000000
0.769697 -0.263656 -0.581423 -0.159957 0.023669 0.921895 -0.386715 87.889771 0.637971 0.283892 0.715820 28.509912 0.000000 0.000000 0.000000 1.000000
0.743431 -0.274967 -0.609675 0.494937 0.019956 0.920292 -0.390723 86.998795 0.668515 0.278308 0.689661 33.715031 0.000000 0.000000 0.000000 1.000000
0.709781 -0.285366 -0.644031 1.245163 0.016300 0.920678 -0.389983 86.109253 0.704233 0.266305 0.658131 39.569321 0.000000 0.000000 0.000000 1.000000
0.682393 -0.292454 -0.669933 1.931563 0.015583 0.922091 -0.386660 85.251617 0.730819 0.253414 0.633786 45.938698 0.000000 0.000000 0.000000 1.000000
0.670499 -0.297948 -0.679454 2.500606 0.022729 0.923636 -0.382595 84.700180 0.741562 0.241087 0.626069 52.448742 0.000000 0.000000 0.000000 1.000000
0.678572 -0.299609 -0.670652 2.995092 0.036165 0.925551 -0.376892 84.793396 0.733643 0.231494 0.638888 58.991081 0.000000 0.000000 0.000000 1.000000
0.693912 -0.280029 -0.663377 3.659234 0.024710 0.929999 -0.366730 85.521225 0.719635 0.238086 0.652257 65.903679 0.000000 0.000000 0.000000 1.000000
0.703099 -0.259768 -0.661946 4.268989 0.005139 0.932718 -0.360569 86.547638 0.711073 0.250114 0.657128 72.751129 0.000000 0.000000 0.000000 1.000000
0.710097 -0.250652 -0.657979 4.626047 -0.005338 0.932548 -0.361007 87.470810 0.704083 0.259862 0.660862 79.251160 0.000000 0.000000 0.000000 1.000000
0.724611 -0.249189 -0.642529 4.795095 -0.003557 0.930975 -0.365067 88.120102 0.689149 0.266817 0.673708 85.636673 0.000000 0.000000 0.000000 1.000000
0.741811 -0.240001 -0.626192 5.008371 -0.008003 0.930531 -0.366126 88.871033 0.670561 0.276608 0.688357 92.231865 0.000000 0.000000 0.000000 1.000000
0.755486 -0.227359 -0.614451 5.175392 -0.018689 0.929995 -0.367096 89.622177 0.654899 0.288819 0.698349 98.995834 0.000000 0.000000 0.000000 1.000000
0.767105 -0.214443 -0.604619 5.268136 -0.029539 0.929670 -0.367208 90.307129 0.640841 0.299547 0.706820 105.872208 0.000000 0.000000 0.000000 1.000000
0.775185 -0.204410 -0.597750 5.257877 -0.036214 0.930270 -0.365084 90.870972 0.630696 0.304655 0.713729 112.882202 0.000000 0.000000 0.000000 1.000000
0.783118 -0.195514 -0.590340 5.190414 -0.041875 0.930559 -0.363740 91.372505 0.620462 0.309572 0.720550 119.919754 0.000000 0.000000 0.000000 1.000000
0.794098 -0.189358 -0.577540 4.939941 -0.046466 0.928534 -0.368328 91.683578 0.606011 0.319324 0.728548 126.961517 0.000000 0.000000 0.000000 1.000000
0.808445 -0.181231 -0.559975 4.599691 -0.053397 0.924906 -0.376428 91.803177 0.586144 0.334223 0.738058 134.093323 0.000000 0.000000 0.000000 1.000000
0.824354 -0.175463 -0.538195 4.100808 -0.055318 0.921228 -0.385071 91.552406 0.563366 0.347207 0.749711 141.315933 0.000000 0.000000 0.000000 1.000000
0.839491 -0.167570 -0.516890 3.622863 -0.057459 0.918551 -0.391104 91.137466 0.540327 0.358029 0.761487 148.690247 0.000000 0.000000 0.000000 1.000000
0.852994 -0.153621 -0.498800 3.289459 -0.062589 0.918697 -0.389973 90.469788 0.518154 0.363864 0.774028 156.406891 0.000000 0.000000 0.000000 1.000000
0.864442 -0.137145 -0.483665 3.011088 -0.070529 0.919473 -0.386776 89.761703 0.497761 0.368457 0.785158 164.278748 0.000000 0.000000 0.000000 1.000000
0.870067 -0.118687 -0.478432 2.761612 -0.086849 0.918488 -0.385795 89.363884 0.485223 0.377219 0.788837 172.260574 0.000000 0.000000 0.000000 1.000000
0.872317 -0.105509 -0.477421 2.345706 -0.103317 0.914615 -0.390902 89.728928 0.477900 0.390316 0.786934 180.204269 0.000000 0.000000 0.000000 1.000000
0.869089 -0.103937 -0.483613 1.902327 -0.113002 0.910106 -0.398671 90.692665 0.481575 0.401130 0.779218 187.480194 0.000000 0.000000 0.000000 1.000000
0.862309 -0.112757 -0.493669 1.450450 -0.114772 0.906004 -0.407412 91.760658 0.493205 0.407974 0.768314 194.035553 0.000000 0.000000 0.000000 1.000000
0.854890 -0.126312 -0.503199 0.995142 -0.109152 0.904411 -0.412464 92.711655 0.507198 0.407537 0.759384 200.209839 0.000000 0.000000 0.000000 1.000000
0.848353 -0.141429 -0.510191 0.575742 -0.096488 0.906218 -0.411653 93.409958 0.520564 0.398454 0.755147 205.976166 0.000000 0.000000 0.000000 1.000000
0.842197 -0.159467 -0.515049 0.190929 -0.074508 0.911674 -0.404102 93.561424 0.533998 0.378709 0.755927 211.448639 0.000000 0.000000 0.000000 1.000000
0.835337 -0.177730 -0.520215 -0.173035 -0.050921 0.917213 -0.395130 93.535721 0.547374 0.356557 0.757132 216.882019 0.000000 0.000000 0.000000 1.000000
0.827497 -0.195072 -0.526494 -0.467340 -0.027370 0.922577 -0.384842 93.171051 0.560803 0.332866 0.758090 222.413803 0.000000 0.000000 0.000000 1.000000</float_array>
        <technique_common>
          <accessor source="#mixamorig_Hips-Matrix-animation-output-transform-array" count="35" stride="16">
            <param type="float4x4"/>
          </accessor>
        </technique_common>
      </source>
      <source id="mixamorig_Hips-Interpolations">
        <Name_array id="mixamorig_Hips-Interpolations-array" count="35">
 LINEAR LINEAR LINEAR LINEAR LINEAR LINEAR LINEAR LINEAR LINEAR LINEAR LINEAR
LINEAR LINEAR LINEAR LINEAR LINEAR LINEAR LINEAR LINEAR LINEAR LINEAR LINEAR LINEAR
LINEAR LINEAR LINEAR LINEAR LINEAR LINEAR LINEAR LINEAR LINEAR LINEAR LINEAR LINEAR</Name_array>
        <technique_common>
          <accessor source="#mixamorig_Hips-Interpolations-array" count="35">
            <param type="name"/>
          </accessor>
        </technique_common>
      </source>
      <sampler id="mixamorig_Hips-Matrix-animation-transform">
        <input semantic="INPUT" source="#mixamorig_Hips-Matrix-animation-input"/>
        <input semantic="OUTPUT" source="#mixamorig_Hips-Matrix-animation-output-transform"/>
        <input semantic="INTERPOLATION" source="#mixamorig_Hips-Interpolations"/>
      </sampler>
      <channel source="#mixamorig_Hips-Matrix-animation-transform" target="mixamorig_Hips/matrix"/>
    </animation>
    <animation id="mixamorig_Spine-anim" name="mixamorig_Spine">
      <source id="mixamorig_Spine-Matrix-animation-input">
        <float_array id="mixamorig_Spine-Matrix-animation-input-array" count="35">

0.000000 0.033333 0.066667 0.100000 0.133333 0.166667 0.200000 0.233333 0.266667 0.300000 0.333333 0.366667 0.400000 0.433333 0.466667 0.500000
0.533333 0.566667 0.600000 0.633333 0.666667 0.700000 0.733333 0.766667 0.800000 0.833333 0.866667 0.900000 0.933333 0.966667 1.000000 1.033333
1.066667 1.100000 1.133333</float_array>
        <technique_common>
          <accessor source="#mixamorig_Spine-Matrix-animation-input-array" count="35">
            <param name="TIME" type="float"/>
          </accessor>
        </technique_common>
      </source>
      <source id="mixamorig_Spine-Matrix-animation-output-transform">
        <float_array id="mixamorig_Spine-Matrix-animation-output-transform-array" count="560">

0.994630 0.102154 -0.016578 -0.000000 -0.095846 0.848839 -0.519891 8.536500 -0.039037 0.518688 0.854072 0.187100 0.000000 0.000000 0.000000 1.000000
0.994273 0.104837 -0.020738 -0.000000 -0.101631 0.867565 -0.486828 8.536500 -0.033046 0.486148 0.873252 0.187100 0.000000 0.000000 0.000000 1.000000
0.995520 0.092278 -0.020602 -0.000000 -0.091775 0.890680 -0.445270 8.536500 -0.022739 0.445166 0.895159 0.187100 0.000000 0.000000 0.000000 1.000000
0.996863 0.076555 -0.020078 0.000000 -0.078177 0.912950 -0.400514 8.536500 -0.012331 0.400827 0.916071 0.187100 0.000000 0.000000 0.000000 1.000000
0.998082 0.059717 -0.016311 -0.000000 -0.061638 0.934208 -0.351364 8.536500 -0.005745 0.351696 0.936097 0.187100 0.000000 0.000000 0.000000 1.000000
0.998158 0.059528 -0.011683 0.000000 -0.060199 0.948140 -0.312101 8.536500 -0.007501 0.312230 0.949977 0.187100 0.000000 0.000000 0.000000 1.000000
0.997748 0.066722 -0.006800 0.000000 -0.065959 0.957846 -0.279607 8.536500 -0.012143 0.279426 0.960090 0.187100 0.000000 0.000000 0.000000 1.000000
0.995444 0.095297 -0.003248 0.000000 -0.092570 0.957661 -0.272610 8.536500 -0.022868 0.271668 0.962119 0.187100 0.000000 0.000000 0.000000 1.000000
0.990627 0.136549 -0.003573 0.000000 -0.131892 0.949379 -0.285104 8.536500 -0.035538 0.282903 0.958490 0.187100 0.000000 0.000000 0.000000 1.000000
0.982209 0.187564 -0.009273 0.000000 -0.180852 0.931453 -0.315734 8.536500 -0.050583 0.311794 0.948802 0.187100 0.000000 0.000000 0.000000 1.000000
0.973360 0.228556 -0.018234 -0.000000 -0.219550 0.906171 -0.361457 8.536500 -0.066089 0.355831 0.932211 0.187100 0.000000 0.000000 0.000000 1.000000
0.976250 0.215833 -0.018736 0.000000 -0.205231 0.893652 -0.399081 8.536500 -0.069391 0.393448 0.916724 0.187100 0.000000 0.000000 0.000000 1.000000
0.979632 0.200111 -0.016626 0.000000 -0.188370 0.887152 -0.421283 8.536500 -0.069554 0.415834 0.906777 0.187100 0.000000 0.000000 0.000000 1.000000
0.980849 0.194064 -0.016561 0.000000 -0.182142 0.883812 -0.430930 8.536500 -0.068991 0.425694 0.902233 0.187100 0.000000 0.000000 0.000000 1.000000
0.983367 0.180841 -0.016931 0.000000 -0.170131 0.884448 -0.434519 8.536500 -0.063604 0.430172 0.900504 0.187100 0.000000 0.000000 0.000000 1.000000
0.988773 0.148826 -0.013346 0.000000 -0.139432 0.886853 -0.440512 8.536500 -0.053724 0.437427 0.897648 0.187100 0.000000 0.000000 0.000000 1.000000
0.993932 0.109647 -0.008798 0.000000 -0.102356 0.892615 -0.439046 8.536500 -0.040287 0.437283 0.898421 0.187100 0.000000 0.000000 0.000000 1.000000
0.997416 0.071660 -0.005201 -0.000000 -0.066737 0.897205 -0.436542 8.536500 -0.026616 0.435761 0.899669 0.187100 0.000000 0.000000 0.000000 1.000000
0.998843 0.047932 -0.003978 0.000000 -0.044836 0.897986 -0.437735 8.536500 -0.017410 0.437407 0.899095 0.187100 0.000000 0.000000 0.000000 1.000000
0.999586 0.028607 -0.003133 0.000000 -0.027093 0.898753 -0.437617 8.536500 -0.009703 0.437520 0.899156 0.187100 0.000000 0.000000 0.000000 1.000000
0.999852 0.017018 -0.002467 -0.000000 -0.016443 0.904158 -0.426881 8.536500 -0.005034 0.426858 0.904304 0.187100 0.000000 0.000000 0.000000 1.000000
0.999985 0.005366 -0.000632 -0.000000 -0.005154 0.912190 -0.409736 8.536500 -0.001622 0.409733 0.912204 0.187100 0.000000 0.000000 0.000000 1.000000
0.999986 -0.005375 -0.000319 0.000000 0.004843 0.923766 -0.382927 8.536500 0.002353 0.382920 0.923779 0.187100 0.000000 0.000000 0.000000 1.000000
0.999784 -0.020758 -0.000470 -0.000000 0.019209 0.933298 -0.358589 8.536500 0.007882 0.358503 0.933495 0.187100 0.000000 0.000000 0.000000 1.000000
0.998773 -0.049526 -0.000438 0.000000 0.046312 0.937024 -0.346182 8.536500 0.017556 0.345737 0.938167 0.187100 0.000000 0.000000 0.000000 1.000000
0.996618 -0.082178 -0.000040 0.000000 0.077253 0.937047 -0.340551 8.536500 0.028024 0.339396 0.940226 0.187100 0.000000 0.000000 0.000000 1.000000
0.993941 -0.109865 0.003331 -0.000000 0.104231 0.932486 -0.345839 8.536500 0.034890 0.344091 0.938288 0.187100 0.000000 0.000000 0.000000 1.000000
0.992556 -0.121481 0.008604 0.000000 0.116265 0.924162 -0.363878 8.536500 0.036253 0.362170 0.931407 0.187100 0.000000 0.000000 0.000000 1.000000
0.993554 -0.112525 0.013696 0.000000 0.108866 0.913549 -0.391888 8.536500 0.031585 0.390853 0.919911 0.187100 0.000000 0.000000 0.000000 1.000000
0.995998 -0.087864 0.016343 0.000000 0.086537 0.902472 -0.421966 8.536500 0.022327 0.421692 0.906464 0.187100 0.000000 0.000000 0.000000 1.000000
0.998521 -0.052302 0.014857 0.000000 0.053370 0.890626 -0.451594 8.536500 0.010387 0.451719 0.892100 0.187100 0.000000 0.000000 0.000000 1.000000
0.999868 -0.013381 0.009267 0.000000 0.016185 0.877790 -0.478772 8.536500 -0.001728 0.478858 0.877891 0.187100 0.000000 0.000000 0.000000 1.000000
0.999663 0.025934 0.000661 0.000000 -0.022196 0.868205 -0.495709 8.536500 -0.013430 0.495528 0.868488 0.187100 0.000000 0.000000 0.000000 1.000000
0.997859 0.064800 -0.008908 0.000000 -0.060283 0.858224 -0.509723 8.536500 -0.025385 0.509168 0.860293 0.187100 0.000000 0.000000 0.000000 1.000000
0.994630 0.102158 -0.016582 0.000000 -0.095852 0.848841 -0.519885 8.536500 -0.039035 0.518683 0.854075 0.187100 0.000000 0.000000 0.000000 1.000000</float_array>
        <technique_common>
          <accessor source="#mixamorig_Spine-Matrix-animation-output-transform-array" count="35" stride="16">
            <param type="float4x4"/>
          </accessor>
        </technique_common>
      </source>
      <source id="mixamorig_Spine-Interpolations">
        <Name_array id="mixamorig_Spine-Interpolations-array" count="35">
 LINEAR LINEAR LINEAR LINEAR LINEAR LINEAR LINEAR LINEAR LINEAR LINEAR LINEAR
LINEAR LINEAR LINEAR LINEAR LINEAR LINEAR LINEAR LINEAR LINEAR LINEAR LINEAR LINEAR
LINEAR LINEAR LINEAR LINEAR LINEAR LINEAR LINEAR LINEAR LINEAR LINEAR LINEAR LINEAR</Name_array>
        <technique_common>
          <accessor source="#mixamorig_Spine-Interpolations-array" count="35">
            <param type="name"/>
          </accessor>
        </technique_common>
      </source>
      <sampler id="mixamorig_Spine-Matrix-animation-transform">
        <input semantic="INPUT" source="#mixamorig_Spine-Matrix-animation-input"/>
        <input semantic="OUTPUT" source="#mixamorig_Spine-Matrix-animation-output-transform"/>
        <input semantic="INTERPOLATION" source="#mixamorig_Spine-Interpolations"/>
      </sampler>
      <channel source="#mixamorig_Spine-Matrix-animation-transform" target="mixamorig_Spine/matrix"/>
    </animation>
    <animation id="mixamorig_Spine1-anim" name="mixamorig_Spine1">
      <source id="mixamorig_Spine1-Matrix-animation-input">
        <float_array id="mixamorig_Spine1-Matrix-animation-input-array" count="35">

0.000000 0.033333 0.066667 0.100000 0.133333 0.166667 0.200000 0.233333 0.266667 0.300000 0.333333 0.366667 0.400000 0.433333 0.466667 0.500000
0.533333 0.566667 0.600000 0.633333 0.666667 0.700000 0.733333 0.766667 0.800000 0.833333 0.866667 0.900000 0.933333 0.966667 1.000000 1.033333
1.066667 1.100000 1.133333</float_array>
        <technique_common>
          <accessor source="#mixamorig_Spine1-Matrix-animation-input-array" count="35">
            <param name="TIME" type="float"/>
          </accessor>
        </technique_common>
      </source>
      <source id="mixamorig_Spine1-Matrix-animation-output-transform">
        <float_array id="mixamorig_Spine1-Matrix-animation-output-transform-array" count="560">

0.995656 -0.025411 -0.089575 -0.000000 0.028516 0.999030 0.033547 9.685800 0.088636 -0.035955 0.995415 -0.000000 0.000000 0.000000 0.000000 1.000000
0.995250 -0.017233 -0.095817 -0.000000 0.019354 0.999587 0.021252 9.685800 0.095411 -0.023006 0.995172 -0.000000 0.000000 0.000000 0.000000 1.000000
0.994968 -0.001667 -0.100178 0.000000 0.002504 0.999963 0.008231 9.685800 0.100161 -0.008440 0.994935 0.000000 0.000000 0.000000 0.000000 1.000000
0.994520 0.015245 -0.103425 -0.000000 -0.015862 0.999861 -0.005148 9.685800 0.103332 0.006760 0.994624 0.000000 0.000000 0.000000 0.000000 1.000000
0.994336 0.031959 -0.101367 0.000000 -0.034176 0.999211 -0.020209 9.685800 0.100641 0.023559 0.994644 -0.000000 0.000000 0.000000 0.000000 1.000000
0.994805 0.040682 -0.093316 0.000000 -0.043905 0.998499 -0.032745 9.685800 0.091844 0.036672 0.995098 0.000000 0.000000 0.000000 0.000000 1.000000
0.995427 0.046390 -0.083508 -0.000000 -0.050066 0.997842 -0.042477 9.685800 0.081357 0.046463 0.995601 -0.000000 0.000000 0.000000 0.000000 1.000000
0.996542 0.044026 -0.070465 0.000000 -0.046930 0.998093 -0.040099 9.685800 0.068565 0.043268 0.996708 0.000000 0.000000 0.000000 0.000000 1.000000
0.997602 0.034614 -0.059941 0.000000 -0.036374 0.998931 -0.028529 9.685800 0.058889 0.030641 0.997794 0.000000 0.000000 0.000000 0.000000 1.000000
0.998426 0.018048 -0.053095 0.000000 -0.018748 0.999743 -0.012708 9.685800 0.052852 0.013683 0.998509 0.000000 0.000000 0.000000 0.000000 1.000000
0.998684 0.000199 -0.051292 -0.000000 -0.000079 0.999997 0.002342 9.685800 0.051293 -0.002335 0.998681 0.000000 0.000000 0.000000 0.000000 1.000000
0.998663 -0.003559 -0.051563 -0.000000 0.003990 0.999958 0.008253 9.685800 0.051531 -0.008448 0.998636 0.000000 0.000000 0.000000 0.000000 1.000000
0.998578 -0.005282 -0.053056 0.000000 0.005704 0.999953 0.007801 9.685800 0.053012 -0.008092 0.998561 -0.000000 0.000000 0.000000 0.000000 1.000000
0.998331 -0.006797 -0.057347 0.000000 0.007144 0.999957 0.005853 9.685800 0.057305 -0.006253 0.998337 0.000000 0.000000 0.000000 0.000000 1.000000
0.997891 -0.006729 -0.064568 0.000000 0.007070 0.999962 0.005066 9.685800 0.064531 -0.005512 0.997900 0.000000 0.000000 0.000000 0.000000 1.000000
0.997453 -0.003504 -0.071243 0.000000 0.003925 0.999976 0.005777 9.685800 0.071221 -0.006042 0.997442 0.000000 0.000000 0.000000 0.000000 1.000000
0.996971 0.003326 -0.077706 0.000000 -0.002801 0.999973 0.006864 9.685800 0.077727 -0.006625 0.996953 -0.000000 0.000000 0.000000 0.000000 1.000000
0.996464 0.010571 -0.083350 0.000000 -0.009891 0.999914 0.008561 9.685800 0.083433 -0.007707 0.996484 -0.000000 0.000000 0.000000 0.000000 1.000000
0.996191 0.014438 -0.085997 0.000000 -0.013534 0.999847 0.011090 9.685800 0.086144 -0.009884 0.996234 -0.000000 0.000000 0.000000 0.000000 1.000000
0.995957 0.016684 -0.088265 -0.000000 -0.015604 0.999795 0.012912 9.685800 0.088462 -0.011483 0.996013 -0.000000 0.000000 0.000000 0.000000 1.000000
0.995688 0.014150 -0.091684 -0.000000 -0.013255 0.999858 0.010359 9.685800 0.091817 -0.009099 0.995734 0.000000 0.000000 0.000000 0.000000 1.000000
0.995415 0.008224 -0.095294 0.000000 -0.007761 0.999956 0.005221 9.685800 0.095333 -0.004458 0.995435 0.000000 0.000000 0.000000 0.000000 1.000000
0.995006 0.003890 -0.099744 0.000000 -0.004376 0.999980 -0.004656 9.685800 0.099724 0.005069 0.995002 0.000000 0.000000 0.000000 0.000000 1.000000
0.994504 0.001851 -0.104678 0.000000 -0.003263 0.999906 -0.013318 9.685800 0.104643 0.013586 0.994417 0.000000 0.000000 0.000000 0.000000 1.000000
0.993819 0.005497 -0.110875 -0.000000 -0.007359 0.999839 -0.016392 9.685800 0.110767 0.017107 0.993699 0.000000 0.000000 0.000000 0.000000 1.000000
0.993092 0.010591 -0.116859 0.000000 -0.012591 0.999786 -0.016390 9.685800 0.116660 0.017748 0.993013 -0.000000 0.000000 0.000000 0.000000 1.000000
0.992767 0.012278 -0.119431 0.000000 -0.013737 0.999841 -0.011406 9.685800 0.119271 0.012964 0.992777 0.000000 0.000000 0.000000 0.000000 1.000000
0.992846 0.010128 -0.118970 0.000000 -0.010489 0.999942 -0.002410 9.685800 0.118938 0.003640 0.992895 0.000000 0.000000 0.000000 0.000000 1.000000
0.993283 0.004723 -0.115616 0.000000 -0.003779 0.999958 0.008380 9.685800 0.115651 -0.007887 0.993259 0.000000 0.000000 0.000000 0.000000 1.000000
0.993954 -0.002227 -0.109773 0.000000 0.004308 0.999815 0.018725 9.685800 0.109711 -0.019085 0.993780 0.000000 0.000000 0.000000 0.000000 1.000000
0.994632 -0.009410 -0.103042 0.000000 0.012358 0.999531 0.028012 9.685800 0.102730 -0.029135 0.994282 0.000000 0.000000 0.000000 0.000000 1.000000
0.995099 -0.016145 -0.097552 0.000000 0.019650 0.999191 0.035076 9.685800 0.096907 -0.036821 0.994612 0.000000 0.000000 0.000000 0.000000 1.000000
0.995332 -0.020092 -0.094393 -0.000000 0.023594 0.999068 0.036138 9.685800 0.093579 -0.038196 0.994879 0.000000 0.000000 0.000000 0.000000 1.000000
0.995508 -0.023266 -0.091773 0.000000 0.026637 0.999009 0.035672 9.685800 0.090852 -0.037956 0.995141 0.000000 0.000000 0.000000 0.000000 1.000000
0.995656 -0.025411 -0.089575 0.000000 0.028515 0.999030 0.033546 9.685800 0.088636 -0.035955 0.995415 0.000000 0.000000 0.000000 0.000000 1.000000</float_array>
        <technique_common>
          <accessor source="#mixamorig_Spine1-Matrix-animation-output-transform-array" count="35" stride="16">
            <param type="float4x4"/>
          </accessor>
        </technique_common>
      </source>
      <source id="mixamorig_Spine1-Interpolations">
        <Name_array id="mixamorig_Spine1-Interpolations-array" count="35">
 LINEAR LINEAR LINEAR LINEAR LINEAR LINEAR LINEAR LINEAR LINEAR LINEAR LINEAR
LINEAR LINEAR LINEAR LINEAR LINEAR LINEAR LINEAR LINEAR LINEAR LINEAR LINEAR LINEAR
LINEAR LINEAR LINEAR LINEAR LINEAR LINEAR LINEAR LINEAR LINEAR LINEAR LINEAR LINEAR</Name_array>
        <technique_common>
          <accessor source="#mixamorig_Spine1-Interpolations-array" count="35">
            <param type="name"/>
          </accessor>
        </technique_common>
      </source>
      <sampler id="mixamorig_Spine1-Matrix-animation-transform">
        <input semantic="INPUT" source="#mixamorig_Spine1-Matrix-animation-input"/>
        <input semantic="OUTPUT" source="#mixamorig_Spine1-Matrix-animation-output-transform"/>
        <input semantic="INTERPOLATION" source="#mixamorig_Spine1-Interpolations"/>
      </sampler>
      <channel source="#mixamorig_Spine1-Matrix-animation-transform" target="mixamorig_Spine1/matrix"/>
    </animation>
    <animation id="mixamorig_Spine2-anim" name="mixamorig_Spine2">
      <source id="mixamorig_Spine2-Matrix-animation-input">
        <float_array id="mixamorig_Spine2-Matrix-animation-input-array" count="35">

0.000000 0.033333 0.066667 0.100000 0.133333 0.166667 0.200000 0.233333 0.266667 0.300000 0.333333 0.366667 0.400000 0.433333 0.466667 0.500000
0.533333 0.566667 0.600000 0.633333 0.666667 0.700000 0.733333 0.766667 0.800000 0.833333 0.866667 0.900000 0.933333 0.966667 1.000000 1.033333
1.066667 1.100000 1.133333</float_array>
        <technique_common>
          <accessor source="#mixamorig_Spine2-Matrix-animation-input-array" count="35">
            <param name="TIME" type="float"/>
          </accessor>
        </technique_common>
      </source>
      <source id="mixamorig_Spine2-Matrix-animation-output-transform">
        <float_array id="mixamorig_Spine2-Matrix-animation-output-transform-array" count="560">

0.995470 -0.035711 -0.088118 -0.000000 0.039531 0.998336 0.041991 15.875400 0.086472 -0.045284 0.995225 0.000000 0.000000 0.000000 0.000000 1.000000
0.995027 -0.026307 -0.096074 -0.000000 0.029248 0.999142 0.029329 15.875400 0.095219 -0.031993 0.994942 0.000000 0.000000 0.000000 0.000000 1.000000
0.994711 -0.008839 -0.102336 0.000000 0.010658 0.999795 0.017240 15.875400 0.102162 -0.018239 0.994601 0.000000 0.000000 0.000000 0.000000 1.000000
0.994164 0.010193 -0.107400 0.000000 -0.009686 0.999939 0.005247 15.875400 0.107447 -0.004176 0.994202 0.000000 0.000000 0.000000 0.000000 1.000000
0.993867 0.029578 -0.106549 0.000000 -0.030581 0.999502 -0.007794 15.875400 0.106265 0.011005 0.994277 0.000000 0.000000 0.000000 0.000000 1.000000
0.994281 0.040261 -0.098912 0.000000 -0.042365 0.998916 -0.019268 15.875400 0.098029 0.023349 0.994910 -0.000000 0.000000 0.000000 0.000000 1.000000
0.994877 0.047430 -0.089279 0.000000 -0.050147 0.998337 -0.028439 15.875400 0.087781 0.032770 0.995601 0.000000 0.000000 0.000000 0.000000 1.000000
0.996109 0.044817 -0.075882 -0.000000 -0.046975 0.998534 -0.026886 15.875400 0.074566 0.030346 0.996754 -0.000000 0.000000 0.000000 0.000000 1.000000
0.997296 0.034436 -0.064924 0.000000 -0.035591 0.999226 -0.016728 15.875400 0.064298 0.018993 0.997750 0.000000 0.000000 0.000000 0.000000 1.000000
0.998203 0.016624 -0.057570 0.000000 -0.016809 0.999855 -0.002734 15.875400 0.057516 0.003697 0.998338 -0.000000 0.000000 0.000000 0.000000 1.000000
0.998476 -0.002677 -0.055127 0.000000 0.003257 0.999940 0.010432 15.875400 0.055096 -0.010596 0.998425 0.000000 0.000000 0.000000 0.000000 1.000000
0.998469 -0.007361 -0.054830 0.000000 0.008262 0.999834 0.016226 15.875400 0.054702 -0.016654 0.998364 0.000000 0.000000 0.000000 0.000000 1.000000
0.998408 -0.009575 -0.055584 0.000000 0.010469 0.999820 0.015814 15.875400 0.055423 -0.016371 0.998329 0.000000 0.000000 0.000000 0.000000 1.000000
0.998173 -0.011584 -0.059306 -0.000000 0.012401 0.999833 0.013422 15.875400 0.059141 -0.014133 0.998150 0.000000 0.000000 0.000000 0.000000 1.000000
0.997719 -0.012144 -0.066397 0.000000 0.012976 0.999843 0.012105 15.875400 0.066239 -0.012939 0.997720 0.000000 0.000000 0.000000 0.000000 1.000000
0.997271 -0.009529 -0.073215 0.000000 0.010523 0.999858 0.013197 15.875400 0.073079 -0.013931 0.997229 0.000000 0.000000 0.000000 0.000000 1.000000
0.996780 -0.003249 -0.080123 -0.000000 0.004487 0.999873 0.015264 15.875400 0.080063 -0.015575 0.996668 -0.000000 0.000000 0.000000 0.000000 1.000000
0.996266 0.003545 -0.086267 -0.000000 -0.001989 0.999834 0.018114 15.875400 0.086317 -0.017875 0.996107 0.000000 0.000000 0.000000 0.000000 1.000000
0.995982 0.007402 -0.089249 0.000000 -0.005490 0.999751 0.021651 15.875400 0.089387 -0.021074 0.995774 -0.000000 0.000000 0.000000 0.000000 1.000000
0.995732 0.009818 -0.091764 0.000000 -0.007610 0.999674 0.024377 15.875400 0.091974 -0.023575 0.995482 0.000000 0.000000 0.000000 0.000000 1.000000
0.995429 0.007907 -0.095176 0.000000 -0.005805 0.999734 0.022342 15.875400 0.095328 -0.021688 0.995210 -0.000000 0.000000 0.000000 0.000000 1.000000
0.995114 0.002856 -0.098687 0.000000 -0.001123 0.999844 0.017614 15.875400 0.098722 -0.017417 0.994963 0.000000 0.000000 0.000000 0.000000 1.000000
0.994651 -0.000372 -0.103288 -0.000000 0.001206 0.999967 0.008017 15.875400 0.103282 -0.008099 0.994619 0.000000 0.000000 0.000000 0.000000 1.000000
0.994113 -0.001808 -0.108336 0.000000 0.001801 0.999998 -0.000166 15.875400 0.108336 -0.000030 0.994114 -0.000000 0.000000 0.000000 0.000000 1.000000
0.993436 0.000996 -0.114384 0.000000 -0.001253 0.999997 -0.002176 15.875400 0.114381 0.002305 0.993434 0.000000 0.000000 0.000000 0.000000 1.000000
0.992759 0.004693 -0.120032 0.000000 -0.004840 0.999988 -0.000929 15.875400 0.120026 0.001503 0.992770 0.000000 0.000000 0.000000 0.000000 1.000000
0.992530 0.004818 -0.121902 0.000000 -0.004213 0.999978 0.005217 15.875400 0.121925 -0.004665 0.992528 0.000000 0.000000 0.000000 0.000000 1.000000
0.992730 0.001171 -0.120354 0.000000 0.000590 0.999893 0.014592 15.875400 0.120358 -0.014557 0.992624 0.000000 0.000000 0.000000 0.000000 1.000000
0.993265 -0.005346 -0.115741 -0.000000 0.008278 0.999657 0.024863 15.875400 0.115568 -0.025653 0.992968 -0.000000 0.000000 0.000000 0.000000 1.000000
0.993982 -0.012840 -0.108791 0.000000 0.016644 0.999279 0.034122 15.875400 0.108275 -0.035728 0.993479 -0.000000 0.000000 0.000000 0.000000 1.000000
0.994659 -0.020259 -0.101205 0.000000 0.024620 0.998813 0.042026 15.875400 0.100233 -0.044293 0.993978 0.000000 0.000000 0.000000 0.000000 1.000000
0.995094 -0.027185 -0.095122 0.000000 0.031825 0.998359 0.047612 15.875400 0.093671 -0.050406 0.994326 0.000000 0.000000 0.000000 0.000000 1.000000
0.995268 -0.030994 -0.092092 0.000000 0.035462 0.998252 0.047275 15.875400 0.090465 -0.050317 0.994628 0.000000 0.000000 0.000000 0.000000 1.000000
0.995383 -0.033935 -0.089784 -0.000000 0.038130 0.998239 0.045433 15.875400 0.088084 -0.048647 0.994924 0.000000 0.000000 0.000000 0.000000 1.000000
0.995470 -0.035711 -0.088118 0.000000 0.039531 0.998336 0.041991 15.875400 0.086472 -0.045284 0.995225 0.000000 0.000000 0.000000 0.000000 1.000000</float_array>
        <technique_common>
          <accessor source="#mixamorig_Spine2-Matrix-animation-output-transform-array" count="35" stride="16">
            <param type="float4x4"/>
          </accessor>
        </technique_common>
      </source>
      <source id="mixamorig_Spine2-Interpolations">
        <Name_array id="mixamorig_Spine2-Interpolations-array" count="35">
 LINEAR LINEAR LINEAR LINEAR LINEAR LINEAR LINEAR LINEAR LINEAR LINEAR LINEAR
LINEAR LINEAR LINEAR LINEAR LINEAR LINEAR LINEAR LINEAR LINEAR LINEAR LINEAR LINEAR
LINEAR LINEAR LINEAR LINEAR LINEAR LINEAR LINEAR LINEAR LINEAR LINEAR LINEAR LINEAR</Name_array>
        <technique_common>
          <accessor source="#mixamorig_Spine2-Interpolations-array" count="35">
            <param type="name"/>
          </accessor>
        </technique_common>
      </source>
      <sampler id="mixamorig_Spine2-Matrix-animation-transform">
        <input semantic="INPUT" source="#mixamorig_Spine2-Matrix-animation-input"/>
        <input semantic="OUTPUT" source="#mixamorig_Spine2-Matrix-animation-output-transform"/>
        <input semantic="INTERPOLATION" source="#mixamorig_Spine2-Interpolations"/>
      </sampler>
      <channel source="#mixamorig_Spine2-Matrix-animation-transform" target="mixamorig_Spine2/matrix"/>
    </animation>
    <animation id="mixamorig_Neck-anim" name="mixamorig_Neck">
      <source id="mixamorig_Neck-Matrix-animation-input">
        <float_array id="mixamorig_Neck-Matrix-animation-input-array" count="35">

0.000000 0.033333 0.066667 0.100000 0.133333 0.166667 0.200000 0.233333 0.266667 0.300000 0.333333 0.366667 0.400000 0.433333 0.466667 0.500000
0.533333 0.566667 0.600000 0.633333 0.666667 0.700000 0.733333 0.766667 0.800000 0.833333 0.866667 0.900000 0.933333 0.966667 1.000000 1.033333
1.066667 1.100000 1.133333</float_array>
        <technique_common>
          <accessor source="#mixamorig_Neck-Matrix-animation-input-array" count="35">
            <param name="TIME" type="float"/>
          </accessor>
        </technique_common>
      </source>
      <source id="mixamorig_Neck-Matrix-animation-output-transform">
        <float_array id="mixamorig_Neck-Matrix-animation-output-transform-array" count="560">

0.943099 0.012972 0.332259 0.000000 -0.067574 0.985864 0.153316 26.173401 -0.325573 -0.167045 0.930644 -0.161200 0.000000 0.000000 0.000000 1.000000
0.935317 0.021054 0.353183 -0.000000 -0.076058 0.986855 0.142592 26.173401 -0.345539 -0.160231 0.924624 -0.161200 0.000000 0.000000 0.000000 1.000000
0.928884 0.025369 0.369501 -0.000000 -0.079499 0.988055 0.132014 26.173401 -0.361738 -0.152000 0.919805 -0.161200 0.000000 0.000000 0.000000 1.000000
0.923058 0.029007 0.383566 0.000000 -0.081854 0.989127 0.122179 26.173401 -0.375851 -0.144175 0.915396 -0.161200 0.000000 0.000000 0.000000 1.000000
0.919673 0.032114 0.391370 0.000000 -0.083961 0.989684 0.116091 26.173401 -0.383604 -0.139625 0.912882 -0.161200 0.000000 0.000000 0.000000 1.000000
0.915950 0.038740 0.399419 0.000000 -0.091913 0.989123 0.114840 26.173401 -0.390626 -0.141899 0.909547 -0.161200 0.000000 0.000000 0.000000 1.000000
0.912081 0.043984 0.407644 0.000000 -0.099562 0.988231 0.116137 26.173401 -0.397738 -0.146512 0.905726 -0.161200 0.000000 0.000000 0.000000 1.000000
0.908331 0.039023 0.416428 0.000000 -0.100137 0.986972 0.125935 26.173401 -0.406088 -0.156091 0.900404 -0.161200 0.000000 0.000000 0.000000 1.000000
0.907927 0.016686 0.418796 -0.000000 -0.083569 0.986351 0.141875 26.173401 -0.410712 -0.163811 0.896929 -0.161200 0.000000 0.000000 0.000000 1.000000
0.913515 -0.012609 0.406608 -0.000000 -0.056389 0.985946 0.157261 26.173401 -0.402877 -0.166589 0.899966 -0.161200 0.000000 0.000000 0.000000 1.000000
0.921573 -0.035544 0.386575 -0.000000 -0.031869 0.985511 0.166589 26.173401 -0.386895 -0.165843 0.907088 -0.161200 0.000000 0.000000 0.000000 1.000000
0.925696 -0.048250 0.375178 0.000000 -0.014572 0.986546 0.162831 26.173401 -0.377987 -0.156199 0.912539 -0.161200 0.000000 0.000000 0.000000 1.000000
0.926311 -0.056241 0.372538 -0.000000 -0.001987 0.988053 0.154103 26.173401 -0.376754 -0.143487 0.915133 -0.161200 0.000000 0.000000 0.000000 1.000000
0.925595 -0.061553 0.373476 0.000000 0.007190 0.989370 0.145239 26.173401 -0.378446 -0.131748 0.916199 -0.161200 0.000000 0.000000 0.000000 1.000000
0.926207 -0.058154 0.372504 0.000000 0.008421 0.990977 0.133769 26.173401 -0.376922 -0.120761 0.918339 -0.161200 0.000000 0.000000 0.000000 1.000000
0.928149 -0.051231 0.368666 -0.000000 0.003804 0.991736 0.128239 26.173401 -0.372189 -0.117623 0.920674 -0.161200 0.000000 0.000000 0.000000 1.000000
0.929956 -0.051576 0.364034 -0.000000 0.006195 0.992170 0.124743 26.173401 -0.367618 -0.113751 0.922994 -0.161200 0.000000 0.000000 0.000000 1.000000
0.931248 -0.051778 0.360687 0.000000 0.010580 0.993278 0.115272 26.173401 -0.364231 -0.103530 0.925536 -0.161200 0.000000 0.000000 0.000000 1.000000
0.931469 -0.047135 0.360754 0.000000 0.013567 0.995383 0.095023 26.173401 -0.363567 -0.083617 0.927808 -0.161200 0.000000 0.000000 0.000000 1.000000
0.931701 -0.039874 0.361031 0.000000 0.014622 0.997268 0.072409 26.173401 -0.362932 -0.062185 0.929738 -0.161200 0.000000 0.000000 0.000000 1.000000
0.933033 -0.024511 0.358955 0.000000 0.007419 0.998775 0.048918 26.173401 -0.359714 -0.042979 0.932072 -0.161200 0.000000 0.000000 0.000000 1.000000
0.934781 -0.002740 0.355215 0.000000 -0.005874 0.999714 0.023170 26.173401 -0.355177 -0.023746 0.934497 -0.161200 0.000000 0.000000 0.000000 1.000000
0.936047 0.012917 0.351639 0.000000 -0.016841 0.999825 0.008102 26.173401 -0.351473 -0.013506 0.936101 -0.161200 0.000000 0.000000 0.000000 1.000000
0.936211 0.028087 0.350314 0.000000 -0.030179 0.999544 0.000515 26.173401 -0.350140 -0.011055 0.936632 -0.161200 0.000000 0.000000 0.000000 1.000000
0.933330 0.046539 0.355990 -0.000000 -0.052165 0.998619 0.006212 26.173401 -0.355209 -0.024368 0.934469 -0.161200 0.000000 0.000000 0.000000 1.000000
0.929433 0.063156 0.363547 -0.000000 -0.074591 0.997061 0.017485 26.173401 -0.361374 -0.043369 0.931412 -0.161200 0.000000 0.000000 0.000000 1.000000
0.928499 0.067808 0.365090 -0.000000 -0.085126 0.995871 0.031529 26.173401 -0.361445 -0.060353 0.930438 -0.161200 0.000000 0.000000 0.000000 1.000000
0.928813 0.067639 0.364323 -0.000000 -0.090543 0.994823 0.046135 26.173401 -0.359317 -0.075838 0.930129 -0.161200 0.000000 0.000000 0.000000 1.000000
0.930105 0.063721 0.361724 0.000000 -0.091857 0.993895 0.061108 26.173401 -0.355622 -0.090064 0.930280 -0.161200 0.000000 0.000000 0.000000 1.000000
0.932106 0.056844 0.357696 0.000000 -0.089905 0.993010 0.076475 26.173401 -0.350849 -0.103442 0.930701 -0.161200 0.000000 0.000000 0.000000 1.000000
0.934493 0.048131 0.352714 0.000000 -0.085779 0.992068 0.091891 26.173401 -0.345493 -0.116127 0.931208 -0.161200 0.000000 0.000000 0.000000 1.000000
0.937006 0.038390 0.347197 0.000000 -0.080415 0.990953 0.107450 26.173401 -0.339931 -0.128601 0.931616 -0.161200 0.000000 0.000000 0.000000 1.000000
0.939328 0.028896 0.341800 0.000000 -0.075148 0.989575 0.122861 26.173401 -0.334686 -0.141092 0.931707 -0.161200 0.000000 0.000000 0.000000 1.000000
0.941469 0.019959 0.336509 0.000000 -0.070325 0.987911 0.138155 26.173401 -0.329684 -0.153734 0.931491 -0.161200 0.000000 0.000000 0.000000 1.000000
0.943080 0.013098 0.332308 0.000000 -0.067702 0.985861 0.153279 26.173401 -0.325602 -0.167052 0.930633 -0.161200 0.000000 0.000000 0.000000 1.000000</float_array>
        <technique_common>
          <accessor source="#mixamorig_Neck-Matrix-animation-output-transform-array" count="35" stride="16">
            <param type="float4x4"/>
          </accessor>
        </technique_common>
      </source>
      <source id="mixamorig_Neck-Interpolations">
        <Name_array id="mixamorig_Neck-Interpolations-array" count="35">
 LINEAR LINEAR LINEAR LINEAR LINEAR LINEAR LINEAR LINEAR LINEAR LINEAR LINEAR
LINEAR LINEAR LINEAR LINEAR LINEAR LINEAR LINEAR LINEAR LINEAR LINEAR LINEAR LINEAR
LINEAR LINEAR LINEAR LINEAR LINEAR LINEAR LINEAR LINEAR LINEAR LINEAR LINEAR LINEAR</Name_array>
        <technique_common>
          <accessor source="#mixamorig_Neck-Interpolations-array" count="35">
            <param type="name"/>
          </accessor>
        </technique_common>
      </source>
      <sampler id="mixamorig_Neck-Matrix-animation-transform">
        <input semantic="INPUT" source="#mixamorig_Neck-Matrix-animation-input"/>
        <input semantic="OUTPUT" source="#mixamorig_Neck-Matrix-animation-output-transform"/>
        <input semantic="INTERPOLATION" source="#mixamorig_Neck-Interpolations"/>
      </sampler>
      <channel source="#mixamorig_Neck-Matrix-animation-transform" target="mixamorig_Neck/matrix"/>
    </animation>
    <animation id="mixamorig_Head-anim" name="mixamorig_Head">
      <source id="mixamorig_Head-Matrix-animation-input">
        <float_array id="mixamorig_Head-Matrix-animation-input-array" count="35">

0.000000 0.033333 0.066667 0.100000 0.133333 0.166667 0.200000 0.233333 0.266667 0.300000 0.333333 0.366667 0.400000 0.433333 0.466667 0.500000
0.533333 0.566667 0.600000 0.633333 0.666667 0.700000 0.733333 0.766667 0.800000 0.833333 0.866667 0.900000 0.933333 0.966667 1.000000 1.033333
1.066667 1.100000 1.133333</float_array>
        <technique_common>
          <accessor source="#mixamorig_Head-Matrix-animation-input-array" count="35">
            <param name="TIME" type="float"/>
          </accessor>
        </technique_common>
      </source>
      <source id="mixamorig_Head-Matrix-animation-output-transform">
        <float_array id="mixamorig_Head-Matrix-animation-output-transform-array" count="560">

0.873167 0.033870 0.486242 -0.000000 -0.194485 0.938941 0.283841 14.369300 -0.446939 -0.342408 0.826440 0.127800 0.000000 0.000000 0.000000 1.000000
0.876485 0.028615 0.480577 -0.000000 -0.182695 0.943332 0.277033 14.369300 -0.445417 -0.330615 0.832045 0.127800 0.000000 0.000000 0.000000 1.000000
0.881259 0.022159 0.472115 0.000000 -0.169316 0.947405 0.271580 14.369300 -0.441266 -0.319269 0.838661 0.127800 0.000000 0.000000 0.000000 1.000000
0.886338 0.014755 0.462804 -0.000000 -0.155145 0.951182 0.266800 14.369300 -0.436274 -0.308276 0.845358 0.127800 0.000000 0.000000 0.000000 1.000000
0.892194 0.004600 0.451629 0.000000 -0.138978 0.954227 0.264831 14.369300 -0.429738 -0.299047 0.851995 0.127800 0.000000 0.000000 0.000000 1.000000
0.895302 -0.000667 0.445458 0.000000 -0.129558 0.956381 0.261822 14.369300 -0.426202 -0.292122 0.856164 0.127800 0.000000 0.000000 0.000000 1.000000
0.896923 -0.002986 0.442176 -0.000000 -0.123477 0.958508 0.256937 14.369300 -0.424596 -0.285052 0.859339 0.127800 0.000000 0.000000 0.000000 1.000000
0.893971 0.004808 0.448098 -0.000000 -0.127388 0.961416 0.243827 14.369300 -0.429637 -0.275056 0.860091 0.127800 0.000000 0.000000 0.000000 1.000000
0.887267 0.023115 0.460677 -0.000000 -0.140974 0.964544 0.223119 14.369300 -0.439186 -0.262909 0.859066 0.127800 0.000000 0.000000 0.000000 1.000000
