<?xml version="1.0" encoding="utf-8"?>
<COLLADA xmlns="http://www.collada.org/2005/11/COLLADASchema" version="1.4.1">
  <asset>
    <contributor>
      <author>Mixamo</author>
      <authoring_tool>COLLADA Mixamo exporter</authoring_tool>
      <comments/>
    </contributor>
    <created>2025-11-14T05:17:25Z</created>
    <modified>2025-11-14T05:17:25Z</modified>
    <revision/>
    <title/>
    <unit meter="0.010000"/>
    <up_axis>Y_UP</up_axis>
  </asset>
  <library_animations>
    <animation id="mixamorig_Hips-anim" name="mixamorig_Hips">
      <source id="mixamorig_Hips-Matrix-animation-input">
        <float_array id="mixamorig_Hips-Matrix-animation-input-array" count="42">

0.000000 0.033333 0.066667 0.100000 0.133333 0.166667 0.200000 0.233333 0.266667 0.300000 0.333333 0.366667 0.400000 0.433333 0.466667 0.500000
0.533333 0.566667 0.600000 0.633333 0.666667 0.700000 0.733333 0.766667 0.800000 0.833333 0.866667 0.900000 0.933333 0.966667 1.000000 1.033333
1.066667 1.100000 1.133333 1.166667 1.200000 1.233333 1.266667 1.300000 1.333333 1.366667</float_array>
        <technique_common>
          <accessor source="#mixamorig_Hips-Matrix-animation-input-array" count="42">
            <param name="TIME" type="float"/>
          </accessor>
        </technique_common>
      </source>
      <source id="mixamorig_Hips-Matrix-animation-output-transform">
        <float_array id="mixamorig_Hips-Matrix-animation-output-transform-array" count="672">

0.881903 -0.216770 -0.418637 -0.939066 0.062797 0.934118 -0.351397 63.122437 0.467229 0.283609 0.837415 2.381632 0.000000 0.000000 0.000000 1.000000
0.881761 -0.216730 -0.418957 -0.933583 0.061916 0.933688 -0.352694 63.347961 0.467615 0.285051 0.836709 2.397716 0.000000 0.000000 0.000000 1.000000
0.881051 -0.216717 -0.420457 -0.914158 0.060049 0.932925 -0.355029 63.670498 0.469195 0.287550 0.834967 2.438256 0.000000 0.000000 0.000000 1.000000
0.880256 -0.216719 -0.422117 -0.893677 0.058049 0.932107 -0.357500 64.005196 0.470935 0.290188 0.833073 2.482044 0.000000 0.000000 0.000000 1.000000
0.879412 -0.216736 -0.423864 -0.870010 0.055990 0.931263 -0.360021 64.349319 0.472758 0.292874 0.831098 2.527729 0.000000 0.000000 0.000000 1.000000
0.878553 -0.216768 -0.425624 -0.841023 0.053945 0.930419 -0.362507 64.700104 0.474588 0.295521 0.829116 2.573961 0.000000 0.000000 0.000000 1.000000
0.877554 -0.216822 -0.427654 -0.771795 0.051815 0.929575 -0.364973 65.113983 0.476670 0.298125 0.826987 2.627995 0.000000 0.000000 0.000000 1.000000
0.876639 -0.216872 -0.429500 -0.684939 0.049976 0.928870 -0.367018 65.574570 0.478546 0.300277 0.825123 2.682421 0.000000 0.000000 0.000000 1.000000
0.875845 -0.216946 -0.431080 -0.579523 0.048525 0.928321 -0.368598 66.093651 0.480147 0.301917 0.823593 2.733066 0.000000 0.000000 0.000000 1.000000
0.875072 -0.216987 -0.432627 -0.472105 0.047284 0.927922 -0.369764 66.462166 0.481678 0.303114 0.822258 2.784121 0.000000 0.000000 0.000000 1.000000
0.874278 -0.216968 -0.434238 -0.366853 0.046189 0.927675 -0.370521 66.605064 0.483223 0.303881 0.821067 2.837970 0.000000 0.000000 0.000000 1.000000
0.873468 -0.216949 -0.435876 -0.259524 0.045094 0.927437 -0.371250 66.736992 0.484790 0.304620 0.819869 2.893371 0.000000 0.000000 0.000000 1.000000
0.872646 -0.216930 -0.437528 -0.151051 0.044004 0.927208 -0.371952 66.857582 0.486367 0.305330 0.818670 2.949694 0.000000 0.000000 0.000000 1.000000
0.871819 -0.216910 -0.439183 -0.042367 0.042924 0.926988 -0.372627 66.966484 0.487944 0.306012 0.817476 3.006308 0.000000 0.000000 0.000000 1.000000
0.870991 -0.216891 -0.440831 0.065594 0.041859 0.926777 -0.373273 67.063309 0.489512 0.306665 0.816293 3.062582 0.000000 0.000000 0.000000 1.000000
0.870169 -0.216872 -0.442461 0.171898 0.040815 0.926574 -0.373891 67.147705 0.491060 0.307290 0.815128 3.117884 0.000000 0.000000 0.000000 1.000000
0.869358 -0.216855 -0.444061 0.275612 0.039796 0.926380 -0.374481 67.219322 0.492578 0.307886 0.813986 3.171585 0.000000 0.000000 0.000000 1.000000
0.868564 -0.216839 -0.445621 0.375804 0.038809 0.926195 -0.375043 67.277763 0.494056 0.308454 0.812874 3.223052 0.000000 0.000000 0.000000 1.000000
0.867792 -0.216825 -0.447129 0.471538 0.037857 0.926018 -0.375577 67.322693 0.495484 0.308995 0.811799 3.271655 0.000000 0.000000 0.000000 1.000000
0.867049 -0.216812 -0.448575 0.561882 0.036947 0.925849 -0.376083 67.353737 0.496852 0.309509 0.810767 3.316762 0.000000 0.000000 0.000000 1.000000
0.866600 -0.216764 -0.449463 0.595635 0.036470 0.925827 -0.376184 67.147484 0.497668 0.309609 0.810227 3.325109 0.000000 0.000000 0.000000 1.000000
0.866539 -0.216692 -0.449615 0.575952 0.036533 0.925957 -0.375857 66.749886 0.497770 0.309269 0.810295 3.301919 0.000000 0.000000 0.000000 1.000000
0.866654 -0.216636 -0.449422 0.549970 0.036806 0.926115 -0.375441 66.365990 0.497551 0.308836 0.810594 3.279080 0.000000 0.000000 0.000000 1.000000
0.866901 -0.216581 -0.448971 0.512179 0.037255 0.926311 -0.374912 65.956871 0.497086 0.308286 0.811089 3.250686 0.000000 0.000000 0.000000 1.000000
0.867277 -0.216533 -0.448268 0.464214 0.037896 0.926554 -0.374247 65.560295 0.496381 0.307588 0.811785 3.217149 0.000000 0.000000 0.000000 1.000000
0.867912 -0.216504 -0.447050 0.395753 0.038913 0.926880 -0.373336 65.200081 0.495191 0.306627 0.812875 3.173633 0.000000 0.000000 0.000000 1.000000
0.868724 -0.216482 -0.445481 0.313409 0.040244 0.927302 -0.372144 64.861374 0.493658 0.305362 0.814282 3.122060 0.000000 0.000000 0.000000 1.000000
0.869657 -0.216436 -0.443680 0.223384 0.042004 0.927947 -0.370338 64.556252 0.491866 0.303431 0.816087 3.060889 0.000000 0.000000 0.000000 1.000000
0.870690 -0.216396 -0.441670 0.125827 0.043708 0.928499 -0.368752 64.290894 0.489887 0.301764 0.817893 3.002743 0.000000 0.000000 0.000000 1.000000
0.871841 -0.216392 -0.439396 0.017198 0.045636 0.929097 -0.367010 64.070496 0.487659 0.299922 0.819900 2.937805 0.000000 0.000000 0.000000 1.000000
0.873004 -0.216406 -0.437072 -0.093313 0.047605 0.929699 -0.365231 63.859947 0.485384 0.298041 0.821933 2.871791 0.000000 0.000000 0.000000 1.000000
0.874144 -0.216422 -0.434780 -0.200735 0.049526 0.930279 -0.363495 63.672203 0.483135 0.296214 0.823916 2.808931 0.000000 0.000000 0.000000 1.000000
0.875300 -0.216438 -0.432441 -0.308371 0.051456 0.930856 -0.361745 63.492115 0.480836 0.294383 0.825915 2.747793 0.000000 0.000000 0.000000 1.000000
0.876486 -0.216461 -0.430020 -0.418866 0.053443 0.931445 -0.359936 63.308067 0.478452 0.292497 0.827967 2.685956 0.000000 0.000000 0.000000 1.000000
0.877634 -0.216495 -0.427655 -0.526263 0.055380 0.932013 -0.358168 63.138309 0.476122 0.290657 0.829956 2.626172 0.000000 0.000000 0.000000 1.000000
0.878676 -0.216536 -0.425488 -0.624604 0.057155 0.932529 -0.356543 63.001087 0.473984 0.288967 0.831767 2.571192 0.000000 0.000000 0.000000 1.000000
0.879549 -0.216581 -0.423657 -0.707931 0.058659 0.932961 -0.355165 62.914635 0.472178 0.287534 0.833290 2.523768 0.000000 0.000000 0.000000 1.000000
0.880209 -0.216625 -0.422262 -0.771827 0.059809 0.933288 -0.354113 62.894405 0.470802 0.286438 0.834445 2.486188 0.000000 0.000000 0.000000 1.000000
0.880704 -0.216662 -0.421209 -0.820264 0.060677 0.933532 -0.353322 62.928234 0.469764 0.285615 0.835312 2.456618 0.000000 0.000000 0.000000 1.000000
0.881105 -0.216697 -0.420352 -0.859867 0.061383 0.933728 -0.352682 62.992954 0.468919 0.284948 0.836014 2.431624 0.000000 0.000000 0.000000 1.000000
0.881482 -0.216731 -0.419544 -0.897262 0.062049 0.933911 -0.352079 63.065395 0.468123 0.284319 0.836674 2.407776 0.000000 0.000000 0.000000 1.000000
0.881903 -0.216770 -0.418637 -0.939074 0.062797 0.934118 -0.351397 63.122395 0.467229 0.283609 0.837414 2.381639 0.000000 0.000000 0.000000 1.000000</float_array>
        <technique_common>
          <accessor source="#mixamorig_Hips-Matrix-animation-output-transform-array" count="42" stride="16">
            <param type="float4x4"/>
          </accessor>
        </technique_common>
      </source>
      <source id="mixamorig_Hips-Interpolations">
        <Name_array id="mixamorig_Hips-Interpolations-array" count="42">
 LINEAR LINEAR LINEAR LINEAR LINEAR LINEAR LINEAR LINEAR LINEAR LINEAR LINEAR
LINEAR LINEAR LINEAR LINEAR LINEAR LINEAR LINEAR LINEAR LINEAR LINEAR LINEAR LINEAR
LINEAR LINEAR LINEAR LINEAR LINEAR LINEAR LINEAR LINEAR LINEAR LINEAR LINEAR LINEAR
LINEAR LINEAR LINEAR LINEAR LINEAR LINEAR LINEAR</Name_array>
        <technique_common>
          <accessor source="#mixamorig_Hips-Interpolations-array" count="42">
            <param type="name"/>
          </accessor>
        </technique_common>
      </source>
      <sampler id="mixamorig_Hips-Matrix-animation-transform">
        <input semantic="INPUT" source="#mixamorig_Hips-Matrix-animation-input"/>
        <input semantic="OUTPUT" source="#mixamorig_Hips-Matrix-animation-output-transform"/>
        <input semantic="INTERPOLATION" source="#mixamorig_Hips-Interpolations"/>
      </sampler>
      <channel source="#mixamorig_Hips-Matrix-animation-transform" target="mixamorig_Hips/matrix"/>
    </animation>
    <animation id="mixamorig_Spine-anim" name="mixamorig_Spine">
      <source id="mixamorig_Spine-Matrix-animation-input">
        <float_array id="mixamorig_Spine-Matrix-animation-input-array" count="42">

0.000000 0.033333 0.066667 0.100000 0.133333 0.166667 0.200000 0.233333 0.266667 0.300000 0.333333 0.366667 0.400000 0.433333 0.466667 0.500000
0.533333 0.566667 0.600000 0.633333 0.666667 0.700000 0.733333 0.766667 0.800000 0.833333 0.866667 0.900000 0.933333 0.966667 1.000000 1.033333
1.066667 1.100000 1.133333 1.166667 1.200000 1.233333 1.266667 1.300000 1.333333 1.366667</float_array>
        <technique_common>
          <accessor source="#mixamorig_Spine-Matrix-animation-input-array" count="42">
            <param name="TIME" type="float"/>
          </accessor>
        </technique_common>
      </source>
      <source id="mixamorig_Spine-Matrix-animation-output-transform">
        <float_array id="mixamorig_Spine-Matrix-animation-output-transform-array" count="672">

0.998713 0.023475 -0.044953 0.000000 -0.029916 0.988465 -0.148466 8.536500 0.040949 0.149619 0.987895 0.187100 0.000000 0.000000 0.000000 1.000000
0.998756 0.020639 -0.045389 0.000000 -0.026984 0.989217 -0.143948 8.536500 0.041928 0.144993 0.988544 0.187100 0.000000 0.000000 0.000000 1.000000
0.998849 0.018152 -0.044407 0.000000 -0.024178 0.989975 -0.139159 8.536500 0.041436 0.140073 0.989274 0.187100 0.000000 0.000000 0.000000 1.000000
0.998940 0.015696 -0.043262 0.000000 -0.021384 0.990707 -0.134323 8.536500 0.040751 0.135105 0.989993 0.187100 0.000000 0.000000 0.000000 1.000000
0.999029 0.013266 -0.042023 0.000000 -0.018611 0.991409 -0.129466 8.536500 0.039944 0.130122 0.990693 0.187100 0.000000 0.000000 0.000000 1.000000
0.999110 0.010858 -0.040760 -0.000000 -0.015865 0.992078 -0.124617 8.536500 0.039084 0.125153 0.991367 0.187100 0.000000 0.000000 0.000000 1.000000
0.999203 0.008731 -0.038941 -0.000000 -0.013345 0.992703 -0.119840 8.536500 0.037611 0.120265 0.992029 0.187100 0.000000 0.000000 0.000000 1.000000
0.999285 0.006422 -0.037252 0.000000 -0.010667 0.993319 -0.114905 8.536500 0.036265 0.115220 0.992678 0.187100 0.000000 0.000000 0.000000 1.000000
0.999375 0.004220 -0.035093 0.000000 -0.008058 0.993903 -0.109959 8.536500 0.034415 0.110173 0.993316 0.187100 0.000000 0.000000 0.000000 1.000000
0.999436 0.002210 -0.033515 0.000000 -0.005765 0.994311 -0.106361 8.536500 0.033089 0.106494 0.993763 0.187100 0.000000 0.000000 0.000000 1.000000
0.999459 0.000407 -0.032888 0.000000 -0.003846 0.994509 -0.104583 8.536500 0.032665 0.104653 0.993972 0.187100 0.000000 0.000000 0.000000 1.000000
0.999476 -0.001440 -0.032331 0.000000 -0.001894 0.994696 -0.102840 8.536500 0.032308 0.102848 0.994172 0.187100 0.000000 0.000000 0.000000 1.000000
0.999488 -0.003305 -0.031837 0.000000 0.000067 0.994870 -0.101161 8.536500 0.032008 0.101107 0.994361 0.187100 0.000000 0.000000 0.000000 1.000000
0.999494 -0.005165 -0.031398 0.000000 0.002015 0.995028 -0.099571 8.536500 0.031756 0.099458 0.994535 0.187100 0.000000 0.000000 0.000000 1.000000
0.999495 -0.006997 -0.031006 0.000000 0.003924 0.995169 -0.098098 8.536500 0.031543 0.097926 0.994694 0.187100 0.000000 0.000000 0.000000 1.000000
0.999491 -0.008776 -0.030655 0.000000 0.005771 0.995290 -0.096767 8.536500 0.031360 0.096541 0.994835 0.187100 0.000000 0.000000 0.000000 1.000000
0.999485 -0.010477 -0.030336 0.000000 0.007533 0.995391 -0.095607 8.536500 0.031198 0.095329 0.994957 0.187100 0.000000 0.000000 0.000000 1.000000
0.999476 -0.012078 -0.030041 0.000000 0.009185 0.995469 -0.094642 8.536500 0.031048 0.094317 0.995058 0.187100 0.000000 0.000000 0.000000 1.000000
0.999465 -0.013554 -0.029760 0.000000 0.010705 0.995524 -0.093901 8.536500 0.030900 0.093532 0.995137 0.187100 0.000000 0.000000 0.000000 1.000000
0.999454 -0.014881 -0.029487 0.000000 0.012068 0.995555 -0.093409 8.536500 0.030746 0.093002 0.995191 0.187100 0.000000 0.000000 0.000000 1.000000
0.999456 -0.014585 -0.029596 -0.000000 0.011667 0.995266 -0.096486 8.536500 0.030863 0.096088 0.994894 0.187100 0.000000 0.000000 0.000000 1.000000
0.999469 -0.012683 -0.030027 0.000000 0.009554 0.994726 -0.102123 8.536500 0.031164 0.101782 0.994318 0.187100 0.000000 0.000000 0.000000 1.000000
0.999483 -0.010425 -0.030423 0.000000 0.007110 0.994222 -0.107106 8.536500 0.031364 0.106834 0.993782 0.187100 0.000000 0.000000 0.000000 1.000000
0.999493 -0.007785 -0.030884 0.000000 0.004270 0.993669 -0.112266 8.536500 0.031563 0.112077 0.993198 0.187100 0.000000 0.000000 0.000000 1.000000
0.999494 -0.005047 -0.031404 0.000000 0.001332 0.993106 -0.117216 8.536500 0.031779 0.117115 0.992610 0.187100 0.000000 0.000000 0.000000 1.000000
0.999485 -0.002160 -0.032005 0.000000 -0.001749 0.992575 -0.121625 8.536500 0.032030 0.121618 0.992060 0.187100 0.000000 0.000000 0.000000 1.000000
0.999466 0.000780 -0.032676 -0.000000 -0.004884 0.992054 -0.125718 8.536500 0.032318 0.125810 0.991528 0.187100 0.000000 0.000000 0.000000 1.000000
0.999436 0.003351 -0.033412 0.000000 -0.007654 0.991553 -0.129477 8.536500 0.032696 0.129660 0.991019 0.187100 0.000000 0.000000 0.000000 1.000000
0.999398 0.005843 -0.034184 0.000000 -0.010348 0.991043 -0.133143 8.536500 0.033100 0.133416 0.990507 0.187100 0.000000 0.000000 0.000000 1.000000
0.999346 0.008583 -0.035130 0.000000 -0.013314 0.990518 -0.136738 8.536500 0.033623 0.137116 0.989984 0.187100 0.000000 0.000000 0.000000 1.000000
0.999283 0.011353 -0.036121 -0.000000 -0.016318 0.989977 -0.140283 8.536500 0.034166 0.140772 0.989452 0.187100 0.000000 0.000000 0.000000 1.000000
0.999217 0.013938 -0.037040 0.000000 -0.019115 0.989492 -0.143317 8.536500 0.034654 0.143913 0.988983 0.187100 0.000000 0.000000 0.000000 1.000000
0.999147 0.016509 -0.037858 0.000000 -0.021875 0.989037 -0.146040 8.536500 0.035032 0.146744 0.988554 0.187100 0.000000 0.000000 0.000000 1.000000
0.999069 0.019194 -0.038640 0.000000 -0.024746 0.988562 -0.148769 8.536500 0.035343 0.149587 0.988117 0.187100 0.000000 0.000000 0.000000 1.000000
0.998987 0.021720 -0.039410 0.000000 -0.027449 0.988120 -0.151216 8.536500 0.035657 0.152145 0.987715 0.187100 0.000000 0.000000 0.000000 1.000000
0.998909 0.023814 -0.040183 -0.000000 -0.029707 0.987764 -0.153097 8.536500 0.036046 0.154124 0.987394 0.187100 0.000000 0.000000 0.000000 1.000000
0.998842 0.025204 -0.040974 0.000000 -0.031241 0.987557 -0.154127 8.536500 0.036579 0.155229 0.987201 0.187100 0.000000 0.000000 0.000000 1.000000
0.998797 0.025683 -0.041773 0.000000 -0.031837 0.987551 -0.154045 8.536500 0.037297 0.155190 0.987180 0.187100 0.000000 0.000000 0.000000 1.000000
0.998770 0.025438 -0.042568 0.000000 -0.031680 0.987712 -0.153043 8.536500 0.038151 0.154203 0.987302 0.187100 0.000000 0.000000 0.000000 1.000000
0.998752 0.024781 -0.043360 0.000000 -0.031092 0.987966 -0.151516 8.536500 0.039084 0.152675 0.987503 0.187100 0.000000 0.000000 0.000000 1.000000
0.998736 0.024024 -0.044155 0.000000 -0.030396 0.988240 -0.149859 8.536500 0.040036 0.151011 0.987721 0.187100 0.000000 0.000000 0.000000 1.000000
0.998713 0.023475 -0.044952 0.000000 -0.029916 0.988465 -0.148464 8.536500 0.040949 0.149618 0.987896 0.187100 0.000000 0.000000 0.000000 1.000000</float_array>
        <technique_common>
          <accessor source="#mixamorig_Spine-Matrix-animation-output-transform-array" count="42" stride="16">
            <param type="float4x4"/>
          </accessor>
        </technique_common>
      </source>
      <source id="mixamorig_Spine-Interpolations">
        <Name_array id="mixamorig_Spine-Interpolations-array" count="42">
 LINEAR LINEAR LINEAR LINEAR LINEAR LINEAR LINEAR LINEAR LINEAR LINEAR LINEAR
LINEAR LINEAR LINEAR LINEAR LINEAR LINEAR LINEAR LINEAR LINEAR LINEAR LINEAR LINEAR
LINEAR LINEAR LINEAR LINEAR LINEAR LINEAR LINEAR LINEAR LINEAR LINEAR LINEAR LINEAR
LINEAR LINEAR LINEAR LINEAR LINEAR LINEAR LINEAR</Name_array>
        <technique_common>
          <accessor source="#mixamorig_Spine-Interpolations-array" count="42">
            <param type="name"/>
          </accessor>
        </technique_common>
      </source>
      <sampler id="mixamorig_Spine-Matrix-animation-transform">
        <input semantic="INPUT" source="#mixamorig_Spine-Matrix-animation-input"/>
        <input semantic="OUTPUT" source="#mixamorig_Spine-Matrix-animation-output-transform"/>
        <input semantic="INTERPOLATION" source="#mixamorig_Spine-Interpolations"/>
      </sampler>
      <channel source="#mixamorig_Spine-Matrix-animation-transform" target="mixamorig_Spine/matrix"/>
    </animation>
    <animation id="mixamorig_Spine1-anim" name="mixamorig_Spine1">
      <source id="mixamorig_Spine1-Matrix-animation-input">
        <float_array id="mixamorig_Spine1-Matrix-animation-input-array" count="42">

0.000000 0.033333 0.066667 0.100000 0.133333 0.166667 0.200000 0.233333 0.266667 0.300000 0.333333 0.366667 0.400000 0.433333 0.466667 0.500000
0.533333 0.566667 0.600000 0.633333 0.666667 0.700000 0.733333 0.766667 0.800000 0.833333 0.866667 0.900000 0.933333 0.966667 1.000000 1.033333
1.066667 1.100000 1.133333 1.166667 1.200000 1.233333 1.266667 1.300000 1.333333 1.366667</float_array>
        <technique_common>
          <accessor source="#mixamorig_Spine1-Matrix-animation-input-array" count="42">
            <param name="TIME" type="float"/>
          </accessor>
        </technique_common>
      </source>
      <source id="mixamorig_Spine1-Matrix-animation-output-transform">
        <float_array id="mixamorig_Spine1-Matrix-animation-output-transform-array" count="672">

0.994567 0.050997 -0.090748 -0.000000 -0.052784 0.998454 -0.017396 9.685800 0.089720 0.022092 0.995722 0.000000 0.000000 0.000000 0.000000 1.000000
0.994438 0.052462 -0.091323 -0.000000 -0.054274 0.998373 -0.017480 9.685800 0.090257 0.022340 0.995668 0.000000 0.000000 0.000000 0.000000 1.000000
0.994330 0.053718 -0.091775 0.000000 -0.055588 0.998292 -0.017946 9.685800 0.090654 0.022946 0.995618 -0.000000 0.000000 0.000000 0.000000 1.000000
0.994222 0.054950 -0.092216 -0.000000 -0.056882 0.998210 -0.018456 9.685800 0.091037 0.023595 0.995568 0.000000 0.000000 0.000000 0.000000 1.000000
0.994115 0.056155 -0.092636 0.000000 -0.058153 0.998127 -0.019010 9.685800 0.091395 0.024286 0.995519 0.000000 0.000000 0.000000 0.000000 1.000000
0.994012 0.057332 -0.093025 0.000000 -0.059400 0.998042 -0.019611 9.685800 0.091718 0.025019 0.995471 -0.000000 0.000000 0.000000 0.000000 1.000000
0.993944 0.058278 -0.093157 -0.000000 -0.060444 0.997959 -0.020607 9.685800 0.091766 0.026113 0.995438 0.000000 0.000000 0.000000 0.000000 1.000000
0.993878 0.058637 -0.093635 -0.000000 -0.060867 0.997922 -0.021142 9.685800 0.092200 0.026712 0.995382 -0.000000 0.000000 0.000000 0.000000 1.000000
0.993768 0.059226 -0.094430 0.000000 -0.061616 0.997844 -0.022599 9.685800 0.092888 0.028277 0.995275 0.000000 0.000000 0.000000 0.000000 1.000000
0.993685 0.059479 -0.095149 0.000000 -0.062001 0.997793 -0.023776 9.685800 0.093525 0.029526 0.995179 0.000000 0.000000 0.000000 0.000000 1.000000
0.993651 0.059193 -0.095677 0.000000 -0.061777 0.997795 -0.024274 9.685800 0.094029 0.030030 0.995116 -0.000000 0.000000 0.000000 0.000000 1.000000
0.993616 0.058874 -0.096229 0.000000 -0.061521 0.997799 -0.024765 9.685800 0.094559 0.030527 0.995051 -0.000000 0.000000 0.000000 0.000000 1.000000
0.993582 0.058526 -0.096791 0.000000 -0.061233 0.997804 -0.025238 9.685800 0.095102 0.031003 0.994985 -0.000000 0.000000 0.000000 0.000000 1.000000
0.993550 0.058149 -0.097348 0.000000 -0.060915 0.997812 -0.025683 9.685800 0.095642 0.031447 0.994919 -0.000000 0.000000 0.000000 0.000000 1.000000
0.993521 0.057746 -0.097885 0.000000 -0.060566 0.997823 -0.026088 9.685800 0.096165 0.031847 0.994856 0.000000 0.000000 0.000000 0.000000 1.000000
0.993496 0.057317 -0.098386 0.000000 -0.060186 0.997837 -0.026442 9.685800 0.096658 0.032191 0.994797 0.000000 0.000000 0.000000 0.000000 1.000000
0.993477 0.056865 -0.098838 0.000000 -0.059775 0.997854 -0.026734 9.685800 0.097105 0.032467 0.994744 -0.000000 0.000000 0.000000 0.000000 1.000000
0.993466 0.056392 -0.099224 0.000000 -0.059334 0.997874 -0.026953 9.685800 0.097493 0.032664 0.994700 0.000000 0.000000 0.000000 0.000000 1.000000
0.993463 0.055899 -0.099531 0.000000 -0.058862 0.997899 -0.027087 9.685800 0.097808 0.032769 0.994666 0.000000 0.000000 0.000000 0.000000 1.000000
0.993470 0.055388 -0.099744 0.000000 -0.058360 0.997927 -0.027126 9.685800 0.098034 0.032770 0.994643 0.000000 0.000000 0.000000 0.000000 1.000000
0.993608 0.054551 -0.098827 0.000000 -0.057359 0.998021 -0.025789 9.685800 0.097225 0.031293 0.994770 -0.000000 0.000000 0.000000 0.000000 1.000000
0.993849 0.053259 -0.097096 0.000000 -0.055796 0.998163 -0.023598 9.685800 0.095660 0.028871 0.994995 -0.000000 0.000000 0.000000 0.000000 1.000000
0.994081 0.051689 -0.095554 0.000000 -0.054005 0.998302 -0.021811 9.685800 0.094265 0.026843 0.995185 -0.000000 0.000000 0.000000 0.000000 1.000000
0.994323 0.049955 -0.093952 0.000000 -0.052055 0.998443 -0.020040 9.685800 0.092804 0.024817 0.995375 0.000000 0.000000 0.000000 0.000000 1.000000
0.994553 0.048247 -0.092398 0.000000 -0.050162 0.998569 -0.018516 9.685800 0.091372 0.023050 0.995550 0.000000 0.000000 0.000000 0.000000 1.000000
0.994763 0.046630 -0.090952 -0.000000 -0.048419 0.998673 -0.017565 9.685800 0.090013 0.021877 0.995700 0.000000 0.000000 0.000000 0.000000 1.000000
0.994954 0.045129 -0.089607 -0.000000 -0.046833 0.998758 -0.017002 9.685800 0.088729 0.021113 0.995832 0.000000 0.000000 0.000000 0.000000 1.000000
0.995100 0.044058 -0.088517 0.000000 -0.045724 0.998811 -0.016886 9.685800 0.087667 0.020851 0.995932 -0.000000 0.000000 0.000000 0.000000 1.000000
0.995227 0.043067 -0.087572 0.000000 -0.044691 0.998862 -0.016669 9.685800 0.086754 0.020503 0.996019 0.000000 0.000000 0.000000 0.000000 1.000000
0.995319 0.042174 -0.086953 0.000000 -0.043766 0.998906 -0.016490 9.685800 0.086163 0.020218 0.996076 0.000000 0.000000 0.000000 0.000000 1.000000
0.995401 0.041329 -0.086419 0.000000 -0.042894 0.998946 -0.016322 9.685800 0.085653 0.019954 0.996125 0.000000 0.000000 0.000000 0.000000 1.000000
0.995432 0.040978 -0.086236 0.000000 -0.042528 0.998964 -0.016221 9.685800 0.085482 0.019814 0.996143 0.000000 0.000000 0.000000 0.000000 1.000000
0.995410 0.041098 -0.086425 0.000000 -0.042649 0.998959 -0.016176 9.685800 0.085670 0.019788 0.996127 0.000000 0.000000 0.000000 0.000000 1.000000
0.995367 0.041385 -0.086782 -0.000000 -0.042941 0.998947 -0.016147 9.685800 0.086022 0.019799 0.996096 0.000000 0.000000 0.000000 0.000000 1.000000
0.995307 0.041854 -0.087244 0.000000 -0.043422 0.998926 -0.016146 9.685800 0.086475 0.019859 0.996056 0.000000 0.000000 0.000000 0.000000 1.000000
0.995235 0.042524 -0.087748 -0.000000 -0.044108 0.998896 -0.016184 9.685800 0.086963 0.019978 0.996011 0.000000 0.000000 0.000000 0.000000 1.000000
0.995154 0.043412 -0.088231 -0.000000 -0.045016 0.998854 -0.016274 9.685800 0.087423 0.020167 0.995967 0.000000 0.000000 0.000000 0.000000 1.000000
0.995059 0.044600 -0.088700 0.000000 -0.046232 0.998796 -0.016432 9.685800 0.087860 0.020451 0.995923 0.000000 0.000000 0.000000 0.000000 1.000000
0.994948 0.046076 -0.089198 0.000000 -0.047744 0.998721 -0.016649 9.685800 0.088316 0.020824 0.995875 0.000000 0.000000 0.000000 0.000000 1.000000
0.994824 0.047717 -0.089713 0.000000 -0.049424 0.998635 -0.016900 9.685800 0.088785 0.021247 0.995824 -0.000000 0.000000 0.000000 0.000000 1.000000
0.994695 0.049399 -0.090235 0.000000 -0.051146 0.998544 -0.017158 9.685800 0.089256 0.021682 0.995773 -0.000000 0.000000 0.000000 0.000000 1.000000
0.994567 0.050997 -0.090748 0.000000 -0.052784 0.998454 -0.017397 9.685800 0.089721 0.022092 0.995722 0.000000 0.000000 0.000000 0.000000 1.000000</float_array>
        <technique_common>
          <accessor source="#mixamorig_Spine1-Matrix-animation-output-transform-array" count="42" stride="16">
            <param type="float4x4"/>
          </accessor>
        </technique_common>
      </source>
      <source id="mixamorig_Spine1-Interpolations">
        <Name_array id="mixamorig_Spine1-Interpolations-array" count="42">
 LINEAR LINEAR LINEAR LINEAR LINEAR LINEAR LINEAR LINEAR LINEAR LINEAR LINEAR
LINEAR LINEAR LINEAR LINEAR LINEAR LINEAR LINEAR LINEAR LINEAR LINEAR LINEAR LINEAR
LINEAR LINEAR LINEAR LINEAR LINEAR LINEAR LINEAR LINEAR LINEAR LINEAR LINEAR LINEAR
LINEAR LINEAR LINEAR LINEAR LINEAR LINEAR LINEAR</Name_array>
        <technique_common>
          <accessor source="#mixamorig_Spine1-Interpolations-array" count="42">
            <param type="name"/>
          </accessor>
        </technique_common>
      </source>
      <sampler id="mixamorig_Spine1-Matrix-animation-transform">
        <input semantic="INPUT" source="#mixamorig_Spine1-Matrix-animation-input"/>
        <input semantic="OUTPUT" source="#mixamorig_Spine1-Matrix-animation-output-transform"/>
        <input semantic="INTERPOLATION" source="#mixamorig_Spine1-Interpolations"/>
      </sampler>
      <channel source="#mixamorig_Spine1-Matrix-animation-transform" target="mixamorig_Spine1/matrix"/>
    </animation>
    <animation id="mixamorig_Spine2-anim" name="mixamorig_Spine2">
      <source id="mixamorig_Spine2-Matrix-animation-input">
        <float_array id="mixamorig_Spine2-Matrix-animation-input-array" count="42">

0.000000 0.033333 0.066667 0.100000 0.133333 0.166667 0.200000 0.233333 0.266667 0.300000 0.333333 0.366667 0.400000 0.433333 0.466667 0.500000
0.533333 0.566667 0.600000 0.633333 0.666667 0.700000 0.733333 0.766667 0.800000 0.833333 0.866667 0.900000 0.933333 0.966667 1.000000 1.033333
1.066667 1.100000 1.133333 1.166667 1.200000 1.233333 1.266667 1.300000 1.333333 1.366667</float_array>
        <technique_common>
          <accessor source="#mixamorig_Spine2-Matrix-animation-input-array" count="42">
            <param name="TIME" type="float"/>
          </accessor>
        </technique_common>
      </source>
      <source id="mixamorig_Spine2-Matrix-animation-output-transform">
        <float_array id="mixamorig_Spine2-Matrix-animation-output-transform-array" count="672">

0.994568 0.052455 -0.089907 -0.000000 -0.052918 0.998595 -0.002772 15.875400 0.089636 0.007515 0.995946 0.000000 0.000000 0.000000 0.000000 1.000000
0.994447 0.054000 -0.090328 -0.000000 -0.054573 0.998502 -0.003881 15.875400 0.089983 0.008788 0.995905 -0.000000 0.000000 0.000000 0.000000 1.000000
0.994321 0.055359 -0.090890 0.000000 -0.056020 0.998418 -0.004729 15.875400 0.090484 0.009794 0.995850 0.000000 0.000000 0.000000 0.000000 1.000000
0.994193 0.056696 -0.091467 0.000000 -0.057442 0.998334 -0.005539 15.875400 0.091001 0.010761 0.995793 0.000000 0.000000 0.000000 0.000000 1.000000
0.994061 0.058009 -0.092072 0.000000 -0.058840 0.998247 -0.006335 15.875400 0.091543 0.011715 0.995732 -0.000000 0.000000 0.000000 0.000000 1.000000
0.993925 0.059299 -0.092719 -0.000000 -0.060218 0.998160 -0.007140 15.875400 0.092125 0.012680 0.995667 0.000000 0.000000 0.000000 0.000000 1.000000
0.993770 0.060400 -0.093666 0.000000 -0.061415 0.998080 -0.007982 15.875400 0.093004 0.013685 0.995572 0.000000 0.000000 0.000000 0.000000 1.000000
0.993621 0.060763 -0.095005 0.000000 -0.061839 0.998051 -0.008424 15.875400 0.094308 0.014245 0.995441 0.000000 0.000000 0.000000 0.000000 1.000000
0.993413 0.061274 -0.096830 0.000000 -0.062507 0.997997 -0.009749 15.875400 0.096038 0.015738 0.995253 0.000000 0.000000 0.000000 0.000000 1.000000
0.993283 0.061460 -0.098038 -0.000000 -0.062823 0.997965 -0.010872 15.875400 0.097171 0.016958 0.995123 0.000000 0.000000 0.000000 0.000000 1.000000
0.993282 0.061161 -0.098233 0.000000 -0.062581 0.997974 -0.011439 15.875400 0.097334 0.017510 0.995098 0.000000 0.000000 0.000000 0.000000 1.000000
0.993289 0.060839 -0.098369 0.000000 -0.062316 0.997984 -0.012012 15.875400 0.097440 0.018061 0.995077 -0.000000 0.000000 0.000000 0.000000 1.000000
0.993302 0.060492 -0.098450 0.000000 -0.062025 0.997995 -0.012577 15.875400 0.097492 0.018599 0.995062 -0.000000 0.000000 0.000000 0.000000 1.000000
0.993321 0.060121 -0.098479 -0.000000 -0.061705 0.998008 -0.013120 15.875400 0.097494 0.019109 0.995053 -0.000000 0.000000 0.000000 0.000000 1.000000
0.993348 0.059724 -0.098457 0.000000 -0.061355 0.998023 -0.013627 15.875400 0.097448 0.019577 0.995048 -0.000000 0.000000 0.000000 0.000000 1.000000
0.993380 0.059300 -0.098386 -0.000000 -0.060973 0.998040 -0.014084 15.875400 0.097358 0.019990 0.995049 0.000000 0.000000 0.000000 0.000000 1.000000
0.993418 0.058848 -0.098271 0.000000 -0.060555 0.998060 -0.014479 15.875400 0.097228 0.020334 0.995054 0.000000 0.000000 0.000000 0.000000 1.000000
0.993462 0.058367 -0.098112 0.000000 -0.060099 0.998083 -0.014796 15.875400 0.097060 0.020596 0.995065 0.000000 0.000000 0.000000 0.000000 1.000000
0.993512 0.057856 -0.097913 0.000000 -0.059604 0.998109 -0.015023 15.875400 0.096859 0.020761 0.995082 0.000000 0.000000 0.000000 0.000000 1.000000
0.993567 0.057313 -0.097676 -0.000000 -0.059066 0.998139 -0.015145 15.875400 0.096627 0.020817 0.995103 0.000000 0.000000 0.000000 0.000000 1.000000
0.993731 0.056213 -0.096639 -0.000000 -0.057816 0.998231 -0.013864 15.875400 0.095689 0.019364 0.995223 0.000000 0.000000 0.000000 0.000000 1.000000
0.993970 0.054750 -0.095007 -0.000000 -0.056105 0.998357 -0.011649 15.875400 0.094213 0.016909 0.995408 0.000000 0.000000 0.000000 0.000000 1.000000
0.994182 0.053455 -0.093510 0.000000 -0.054604 0.998460 -0.009769 15.875400 0.092844 0.014818 0.995570 0.000000 0.000000 0.000000 0.000000 1.000000
0.994395 0.052156 -0.091966 0.000000 -0.053102 0.998558 -0.007862 15.875400 0.091424 0.012702 0.995731 0.000000 0.000000 0.000000 0.000000 1.000000
0.994599 0.050889 -0.090457 -0.000000 -0.051653 0.998646 -0.006129 15.875400 0.090023 0.010768 0.995881 -0.000000 0.000000 0.000000 0.000000 1.000000
0.994789 0.049695 -0.089024 0.000000 -0.050322 0.998722 -0.004804 15.875400 0.088671 0.009259 0.996018 0.000000 0.000000 0.000000 0.000000 1.000000
0.994965 0.048569 -0.087665 -0.000000 -0.049087 0.998787 -0.003766 15.875400 0.087376 0.008051 0.996143 0.000000 0.000000 0.000000 0.000000 1.000000
0.995114 0.047578 -0.086508 -0.000000 -0.048028 0.998841 -0.003119 15.875400 0.086259 0.007258 0.996246 0.000000 0.000000 0.000000 0.000000 1.000000
0.995254 0.046481 -0.085491 -0.000000 -0.046854 0.998899 -0.002363 15.875400 0.085287 0.006357 0.996336 0.000000 0.000000 0.000000 0.000000 1.000000
0.995369 0.045301 -0.084789 -0.000000 -0.045605 0.998958 -0.001645 15.875400 0.084627 0.005505 0.996398 0.000000 0.000000 0.000000 0.000000 1.000000
0.995473 0.044134 -0.084173 -0.000000 -0.044371 0.999015 -0.000944 15.875400 0.084048 0.004675 0.996451 0.000000 0.000000 0.000000 0.000000 1.000000
0.995523 0.043445 -0.083948 0.000000 -0.043634 0.999048 -0.000409 15.875400 0.083851 0.004070 0.996470 0.000000 0.000000 0.000000 0.000000 1.000000
0.995519 0.043182 -0.084121 -0.000000 -0.043335 0.999061 0.000018 15.875400 0.084043 0.003628 0.996456 0.000000 0.000000 0.000000 0.000000 1.000000
0.995497 0.043038 -0.084463 0.000000 -0.043155 0.999068 0.000439 15.875400 0.084404 0.003208 0.996426 -0.000000 0.000000 0.000000 0.000000 1.000000
0.995454 0.043093 -0.084931 -0.000000 -0.043184 0.999067 0.000773 15.875400 0.084885 0.002898 0.996387 -0.000000 0.000000 0.000000 0.000000 1.000000
0.995393 0.043429 -0.085481 0.000000 -0.043508 0.999053 0.000937 15.875400 0.085441 0.002787 0.996339 -0.000000 0.000000 0.000000 0.000000 1.000000
0.995312 0.044125 -0.086069 -0.000000 -0.044216 0.999022 0.000850 15.875400 0.086022 0.002960 0.996289 0.000000 0.000000 0.000000 0.000000 1.000000
0.995202 0.045304 -0.086723 0.000000 -0.045437 0.998967 0.000434 15.875400 0.086653 0.003508 0.996232 -0.000000 0.000000 0.000000 0.000000 1.000000
0.995062 0.046910 -0.087473 0.000000 -0.047113 0.998890 -0.000254 15.875400 0.087364 0.004374 0.996167 0.000000 0.000000 0.000000 0.000000 1.000000
0.994901 0.048760 -0.088281 0.000000 -0.049049 0.998796 -0.001097 15.875400 0.088121 0.005421 0.996095 0.000000 0.000000 0.000000 0.000000 1.000000
0.994732 0.050670 -0.089107 0.000000 -0.051048 0.998694 -0.001976 15.875400 0.088890 0.006514 0.996020 -0.000000 0.000000 0.000000 0.000000 1.000000
0.994568 0.052455 -0.089908 -0.000000 -0.052918 0.998595 -0.002773 15.875400 0.089636 0.007516 0.995946 0.000000 0.000000 0.000000 0.000000 1.000000</float_array>
        <technique_common>
          <accessor source="#mixamorig_Spine2-Matrix-animation-output-transform-array" count="42" stride="16">
            <param type="float4x4"/>
          </accessor>
        </technique_common>
      </source>
      <source id="mixamorig_Spine2-Interpolations">
        <Name_array id="mixamorig_Spine2-Interpolations-array" count="42">
 LINEAR LINEAR LINEAR LINEAR LINEAR LINEAR LINEAR LINEAR LINEAR LINEAR LINEAR
LINEAR LINEAR LINEAR LINEAR LINEAR LINEAR LINEAR LINEAR LINEAR LINEAR LINEAR LINEAR
LINEAR LINEAR LINEAR LINEAR LINEAR LINEAR LINEAR LINEAR LINEAR LINEAR LINEAR LINEAR
LINEAR LINEAR LINEAR LINEAR LINEAR LINEAR LINEAR</Name_array>
        <technique_common>
          <accessor source="#mixamorig_Spine2-Interpolations-array" count="42">
            <param type="name"/>
          </accessor>
        </technique_common>
      </source>
      <sampler id="mixamorig_Spine2-Matrix-animation-transform">
        <input semantic="INPUT" source="#mixamorig_Spine2-Matrix-animation-input"/>
        <input semantic="OUTPUT" source="#mixamorig_Spine2-Matrix-animation-output-transform"/>
        <input semantic="INTERPOLATION" source="#mixamorig_Spine2-Interpolations"/>
      </sampler>
      <channel source="#mixamorig_Spine2-Matrix-animation-transform" target="mixamorig_Spine2/matrix"/>
    </animation>
    <animation id="mixamorig_Neck-anim" name="mixamorig_Neck">
      <source id="mixamorig_Neck-Matrix-animation-input">
        <float_array id="mixamorig_Neck-Matrix-animation-input-array" count="42">

0.000000 0.033333 0.066667 0.100000 0.133333 0.166667 0.200000 0.233333 0.266667 0.300000 0.333333 0.366667 0.400000 0.433333 0.466667 0.500000
0.533333 0.566667 0.600000 0.633333 0.666667 0.700000 0.733333 0.766667 0.800000 0.833333 0.866667 0.900000 0.933333 0.966667 1.000000 1.033333
1.066667 1.100000 1.133333 1.166667 1.200000 1.233333 1.266667 1.300000 1.333333 1.366667</float_array>
        <technique_common>
          <accessor source="#mixamorig_Neck-Matrix-animation-input-array" count="42">
            <param name="TIME" type="float"/>
          </accessor>
        </technique_common>
      </source>
      <source id="mixamorig_Neck-Matrix-animation-output-transform">
        <float_array id="mixamorig_Neck-Matrix-animation-output-transform-array" count="672">

0.944319 -0.179955 0.275458 0.000000 0.177215 0.983549 0.035024 26.173401 -0.277229 0.015741 0.960675 -0.161200 0.000000 0.000000 0.000000 1.000000
0.943758 -0.178153 0.278537 0.000000 0.175994 0.983840 0.032950 26.173401 -0.279906 0.017924 0.959860 -0.161200 0.000000 0.000000 0.000000 1.000000
0.944027 -0.175763 0.279141 0.000000 0.174341 0.984225 0.030119 26.173401 -0.280032 0.020232 0.959778 -0.161200 0.000000 0.000000 0.000000 1.000000
0.944419 -0.173251 0.279388 0.000000 0.172592 0.984619 0.027155 26.173401 -0.279796 0.022575 0.959794 -0.161200 0.000000 0.000000 0.000000 1.000000
0.944836 -0.170812 0.279480 0.000000 0.170907 0.984989 0.024219 26.173401 -0.279422 0.024882 0.959846 -0.161200 0.000000 0.000000 0.000000 1.000000
0.945184 -0.168640 0.279622 0.000000 0.169445 0.985306 0.021474 26.173401 -0.279135 0.027084 0.959870 -0.161200 0.000000 0.000000 0.000000 1.000000
0.945192 -0.168287 0.279806 0.000000 0.169519 0.985324 0.019976 26.173401 -0.279062 0.028551 0.959849 -0.161200 0.000000 0.000000 0.000000 1.000000
0.944651 -0.168914 0.281253 -0.000000 0.170319 0.985193 0.019630 26.173401 -0.280404 0.029359 0.959433 -0.161200 0.000000 0.000000 0.000000 1.000000
0.943933 -0.169960 0.283028 0.000000 0.171036 0.985039 0.021097 26.173401 -0.282379 0.028494 0.958880 -0.161200 0.000000 0.000000 0.000000 1.000000
0.943199 -0.171451 0.284571 -0.000000 0.172228 0.984800 0.022487 26.173401 -0.284101 0.027801 0.958391 -0.161200 0.000000 0.000000 0.000000 1.000000
0.942493 -0.173428 0.285710 -0.000000 0.174132 0.984450 0.023145 26.173401 -0.285281 0.027938 0.958037 -0.161200 0.000000 0.000000 0.000000 1.000000
0.941765 -0.175473 0.286858 0.000000 0.176121 0.984082 0.023757 26.173401 -0.286461 0.028148 0.957678 -0.161200 0.000000 0.000000 0.000000 1.000000
0.941023 -0.177568 0.288004 -0.000000 0.178173 0.983698 0.024333 26.173401 -0.287629 0.028416 0.957320 -0.161200 0.000000 0.000000 0.000000 1.000000
0.940273 -0.179693 0.289131 -0.000000 0.180266 0.983303 0.024882 26.173401 -0.288775 0.028724 0.956966 -0.161200 0.000000 0.000000 0.000000 1.000000
0.939524 -0.181832 0.290227 0.000000 0.182377 0.982900 0.025412 26.173401 -0.289885 0.029056 0.956620 -0.161200 0.000000 0.000000 0.000000 1.000000
0.938784 -0.183965 0.291277 0.000000 0.184485 0.982493 0.025930 26.173401 -0.290948 0.029393 0.956287 -0.161200 0.000000 0.000000 0.000000 1.000000
0.938060 -0.186073 0.292268 -0.000000 0.186567 0.982086 0.026445 26.173401 -0.291953 0.029721 0.955971 -0.161200 0.000000 0.000000 0.000000 1.000000
0.937361 -0.188140 0.293184 0.000000 0.188602 0.981683 0.026964 26.173401 -0.292887 0.030020 0.955676 -0.161200 0.000000 0.000000 0.000000 1.000000
0.936697 -0.190147 0.294012 0.000000 0.190569 0.981289 0.027494 26.173401 -0.293739 0.030276 0.955406 -0.161200 0.000000 0.000000 0.000000 1.000000
0.936075 -0.192076 0.294738 -0.000000 0.192445 0.980907 0.028044 26.173401 -0.294497 0.030470 0.955167 -0.161200 0.000000 0.000000 0.000000 1.000000
0.935936 -0.193466 0.294270 -0.000000 0.193738 0.980639 0.028524 26.173401 -0.294091 0.030315 0.955296 -0.161200 0.000000 0.000000 0.000000 1.000000
0.936299 -0.194128 0.292675 0.000000 0.194238 0.980526 0.028987 26.173401 -0.292602 0.029708 0.955773 -0.161200 0.000000 0.000000 0.000000 1.000000
0.936794 -0.194422 0.290889 -0.000000 0.194319 0.980493 0.029540 26.173401 -0.290958 0.028853 0.956301 -0.161200 0.000000 0.000000 0.000000 1.000000
0.937418 -0.194447 0.288856 0.000000 0.194106 0.980518 0.030120 26.173401 -0.289086 0.027834 0.956899 -0.161200 0.000000 0.000000 0.000000 1.000000
0.938100 -0.194203 0.286799 0.000000 0.193617 0.980597 0.030691 26.173401 -0.287195 0.026738 0.957499 -0.161200 0.000000 0.000000 0.000000 1.000000
0.938886 -0.193461 0.284722 0.000000 0.192616 0.980776 0.031249 26.173401 -0.285294 0.025503 0.958101 -0.161200 0.000000 0.000000 0.000000 1.000000
0.939744 -0.192245 0.282708 0.000000 0.191138 0.981049 0.031768 26.173401 -0.283457 0.024182 0.958680 -0.161200 0.000000 0.000000 0.000000 1.000000
0.940606 -0.190235 0.281197 -0.000000 0.188899 0.981471 0.032113 26.173401 -0.282096 0.022912 0.959113 -0.161200 0.000000 0.000000 0.000000 1.000000
