<?xml version="1.0" encoding="utf-8"?>
<COLLADA xmlns="http://www.collada.org/2005/11/COLLADASchema" version="1.4.1">
  <asset>
    <contributor>
      <author>Mixamo</author>
      <authoring_tool>COLLADA Mixamo exporter</authoring_tool>
      <comments/>
    </contributor>
    <created>2025-11-14T05:17:26Z</created>
    <modified>2025-11-14T05:17:26Z</modified>
    <revision/>
    <title/>
    <unit meter="0.010000"/>
    <up_axis>Y_UP</up_axis>
  </asset>
  <library_animations>
    <animation id="mixamorig_Hips-anim" name="mixamorig_Hips">
      <source id="mixamorig_Hips-Matrix-animation-input">
        <float_array id="mixamorig_Hips-Matrix-animation-input-array" count="37">

0.000000 0.033333 0.066667 0.100000 0.133333 0.166667 0.200000 0.233333 0.266667 0.300000 0.333333 0.366667 0.400000 0.433333 0.466667 0.500000
0.533333 0.566667 0.600000 0.633333 0.666667 0.700000 0.733333 0.766667 0.800000 0.833333 0.866667 0.900000 0.933333 0.966667 1.000000 1.033333
1.066667 1.100000 1.133333 1.166667 1.200000</float_array>
        <technique_common>
          <accessor source="#mixamorig_Hips-Matrix-animation-input-array" count="37">
            <param name="TIME" type="float"/>
          </accessor>
        </technique_common>
      </source>
      <source id="mixamorig_Hips-Matrix-animation-output-transform">
        <float_array id="mixamorig_Hips-Matrix-animation-output-transform-array" count="592">

0.827531 -0.195064 -0.526443 -0.471784 -0.027319 0.922598 -0.384795 93.170616 0.560754 0.332812 0.758150 2.077015 0.000000 0.000000 0.000000 1.000000
0.827595 -0.185706 -0.529716 -0.341803 -0.041779 0.920693 -0.388045 94.095306 0.559768 0.343275 0.754203 -2.078734 0.000000 0.000000 0.000000 1.000000
0.828696 -0.176577 -0.531116 -0.066748 -0.055061 0.918608 -0.391314 94.754364 0.556984 0.353524 0.751525 -5.856924 0.000000 0.000000 0.000000 1.000000
0.831234 -0.167751 -0.530009 0.396488 -0.067829 0.915659 -0.396192 95.079193 0.551769 0.365278 0.749749 -9.451813 0.000000 0.000000 0.000000 1.000000
0.832224 -0.161164 -0.530500 1.014698 -0.077525 0.913596 -0.399165 94.985367 0.548994 0.373321 0.747822 -12.941210 0.000000 0.000000 0.000000 1.000000
0.831962 -0.156503 -0.532302 1.698215 -0.085392 0.911844 -0.401557 94.581100 0.548222 0.379535 0.745256 -16.612511 0.000000 0.000000 0.000000 1.000000
0.832146 -0.153997 -0.532746 2.355146 -0.088223 0.911673 -0.401333 94.053391 0.547495 0.380968 0.745059 -20.471495 0.000000 0.000000 0.000000 1.000000
0.833409 -0.156562 -0.530017 3.129800 -0.084741 0.911492 -0.402495 93.531029 0.546122 0.380357 0.746378 -24.635399 0.000000 0.000000 0.000000 1.000000
0.834393 -0.153382 -0.529398 4.087537 -0.087341 0.911567 -0.401768 93.332153 0.544205 0.381470 0.747209 -29.357796 0.000000 0.000000 0.000000 1.000000
0.836239 -0.150226 -0.527387 5.011778 -0.091399 0.910107 -0.404168 93.060303 0.540695 0.386184 0.747336 -34.475910 0.000000 0.000000 0.000000 1.000000
0.839176 -0.143720 -0.524527 5.934019 -0.096618 0.909715 -0.403836 93.245529 0.535209 0.389568 0.749525 -39.993832 0.000000 0.000000 0.000000 1.000000
0.837108 -0.137641 -0.529439 6.699331 -0.101026 0.912283 -0.396906 93.382584 0.537629 0.385740 0.749773 -45.441452 0.000000 0.000000 0.000000 1.000000
0.835786 -0.137109 -0.531661 7.169258 -0.097860 0.915615 -0.389964 93.424232 0.540264 0.377955 0.751841 -50.300671 0.000000 0.000000 0.000000 1.000000
0.835530 -0.137514 -0.531958 7.548330 -0.093302 0.918602 -0.384011 93.367966 0.541465 0.370485 0.754689 -55.007656 0.000000 0.000000 0.000000 1.000000
0.839944 -0.137175 -0.525050 7.768510 -0.089261 0.919424 -0.383004 92.917503 0.535282 0.368568 0.760020 -59.541912 0.000000 0.000000 0.000000 1.000000
0.845390 -0.140372 -0.515375 7.961867 -0.082558 0.918920 -0.385707 92.555336 0.527731 0.368621 0.765257 -63.896183 0.000000 0.000000 0.000000 1.000000
0.847564 -0.145390 -0.510389 8.027105 -0.076191 0.918440 -0.388153 92.410881 0.525195 0.367872 0.767359 -68.252045 0.000000 0.000000 0.000000 1.000000
0.850957 -0.146417 -0.504415 8.122314 -0.071932 0.918824 -0.388058 92.551064 0.520287 0.366504 0.771347 -72.783295 0.000000 0.000000 0.000000 1.000000
0.851874 -0.143330 -0.503754 8.193711 -0.072620 0.920212 -0.384626 92.727875 0.518689 0.364235 0.773495 -77.155716 0.000000 0.000000 0.000000 1.000000
0.847529 -0.143576 -0.510961 8.070058 -0.074182 0.921221 -0.381902 92.647537 0.525540 0.361577 0.770111 -81.596298 0.000000 0.000000 0.000000 1.000000
0.842468 -0.144009 -0.519142 7.931151 -0.075977 0.922224 -0.379118 92.542191 0.533362 0.358838 0.766003 -86.039642 0.000000 0.000000 0.000000 1.000000
0.836760 -0.145252 -0.527953 7.748964 -0.077418 0.923107 -0.376669 92.392723 0.542070 0.356054 0.761174 -90.504898 0.000000 0.000000 0.000000 1.000000
0.830474 -0.147936 -0.537054 7.495465 -0.077935 0.923755 -0.374971 92.180008 0.551578 0.353259 0.755625 -95.011230 0.000000 0.000000 0.000000 1.000000
0.822082 -0.155631 -0.547686 7.023905 -0.075630 0.923545 -0.375958 91.781593 0.564323 0.350490 0.747460 -99.629578 0.000000 0.000000 0.000000 1.000000
0.812777 -0.165234 -0.558651 6.402730 -0.072135 0.923011 -0.377951 91.223602 0.578092 0.347488 0.738283 -104.355270 0.000000 0.000000 0.000000 1.000000
0.805976 -0.170248 -0.566937 5.702281 -0.070269 0.923460 -0.377206 90.470398 0.587762 0.343857 0.732324 -109.254990 0.000000 0.000000 0.000000 1.000000
0.800387 -0.176107 -0.573033 4.898289 -0.068384 0.922817 -0.379121 89.578644 0.595571 0.342630 0.726568 -114.375412 0.000000 0.000000 0.000000 1.000000
0.799897 -0.176583 -0.573570 4.005586 -0.066254 0.923907 -0.376837 88.696449 0.596469 0.339432 0.727331 -119.767517 0.000000 0.000000 0.000000 1.000000
0.805800 -0.167066 -0.568133 3.089894 -0.068190 0.926822 -0.369258 88.078445 0.588249 0.336289 0.735440 -125.328903 0.000000 0.000000 0.000000 1.000000
0.810859 -0.166480 -0.561063 2.160765 -0.060280 0.929830 -0.363018 87.707336 0.582129 0.328178 0.743926 -130.793396 0.000000 0.000000 0.000000 1.000000
0.817722 -0.177059 -0.547704 1.270852 -0.046334 0.928181 -0.369234 87.396935 0.573745 0.327309 0.750790 -135.975479 0.000000 0.000000 0.000000 1.000000
0.826713 -0.185238 -0.531256 0.537470 -0.031618 0.927458 -0.372587 87.335251 0.561735 0.324820 0.760885 -141.113419 0.000000 0.000000 0.000000 1.000000
0.832469 -0.190824 -0.520175 0.044778 -0.018944 0.928471 -0.370922 87.744469 0.553748 0.318635 0.769308 -146.459015 0.000000 0.000000 0.000000 1.000000
0.829774 -0.193028 -0.523655 -0.214779 -0.014520 0.930499 -0.366006 88.451103 0.557910 0.311306 0.769302 -151.953949 0.000000 0.000000 0.000000 1.000000
0.826076 -0.192369 -0.529711 -0.286627 -0.013022 0.933171 -0.359196 89.787643 0.563409 0.303621 0.768365 -157.621094 0.000000 0.000000 0.000000 1.000000
0.825525 -0.199007 -0.528114 -0.369205 -0.009217 0.930887 -0.365190 90.989723 0.564290 0.306341 0.766636 -162.792587 0.000000 0.000000 0.000000 1.000000
0.827664 -0.199953 -0.524395 -0.429621 -0.014657 0.926359 -0.376356 92.054199 0.561032 0.319183 0.763784 -167.576462 0.000000 0.000000 0.000000 1.000000</float_array>
        <technique_common>
          <accessor source="#mixamorig_Hips-Matrix-animation-output-transform-array" count="37" stride="16">
            <param type="float4x4"/>
          </accessor>
        </technique_common>
      </source>
      <source id="mixamorig_Hips-Interpolations">
        <Name_array id="mixamorig_Hips-Interpolations-array" count="37">
 LINEAR LINEAR LINEAR LINEAR LINEAR LINEAR LINEAR LINEAR LINEAR LINEAR LINEAR
LINEAR LINEAR LINEAR LINEAR LINEAR LINEAR LINEAR LINEAR LINEAR LINEAR LINEAR LINEAR
LINEAR LINEAR LINEAR LINEAR LINEAR LINEAR LINEAR LINEAR LINEAR LINEAR LINEAR LINEAR
LINEAR LINEAR</Name_array>
        <technique_common>
          <accessor source="#mixamorig_Hips-Interpolations-array" count="37">
            <param type="name"/>
          </accessor>
        </technique_common>
      </source>
      <sampler id="mixamorig_Hips-Matrix-animation-transform">
        <input semantic="INPUT" source="#mixamorig_Hips-Matrix-animation-input"/>
        <input semantic="OUTPUT" source="#mixamorig_Hips-Matrix-animation-output-transform"/>
        <input semantic="INTERPOLATION" source="#mixamorig_Hips-Interpolations"/>
      </sampler>
      <channel source="#mixamorig_Hips-Matrix-animation-transform" target="mixamorig_Hips/matrix"/>
    </animation>
    <animation id="mixamorig_Spine-anim" name="mixamorig_Spine">
      <source id="mixamorig_Spine-Matrix-animation-input">
        <float_array id="mixamorig_Spine-Matrix-animation-input-array" count="37">

0.000000 0.033333 0.066667 0.100000 0.133333 0.166667 0.200000 0.233333 0.266667 0.300000 0.333333 0.366667 0.400000 0.433333 0.466667 0.500000
0.533333 0.566667 0.600000 0.633333 0.666667 0.700000 0.733333 0.766667 0.800000 0.833333 0.866667 0.900000 0.933333 0.966667 1.000000 1.033333
1.066667 1.100000 1.133333 1.166667 1.200000</float_array>
        <technique_common>
          <accessor source="#mixamorig_Spine-Matrix-animation-input-array" count="37">
            <param name="TIME" type="float"/>
          </accessor>
        </technique_common>
      </source>
      <source id="mixamorig_Spine-Matrix-animation-output-transform">
        <float_array id="mixamorig_Spine-Matrix-animation-output-transform-array" count="592">

0.994630 0.102159 -0.016572 0.000000 -0.095846 0.848838 -0.519892 8.536500 -0.039045 0.518689 0.854071 0.187100 0.000000 0.000000 0.000000 1.000000
0.996487 0.082619 -0.013688 0.000000 -0.077415 0.846426 -0.526849 8.536500 -0.031942 0.526057 0.849849 0.187100 0.000000 0.000000 0.000000 1.000000
0.998565 0.053185 -0.006321 -0.000000 -0.048618 0.850593 -0.523573 8.536500 -0.022470 0.523128 0.851958 0.187100 0.000000 0.000000 0.000000 1.000000
0.999908 0.013265 0.002654 0.000000 -0.010036 0.858949 -0.511962 8.536500 -0.009070 0.511889 0.859004 0.187100 0.000000 0.000000 0.000000 1.000000
0.999600 -0.026326 0.010343 0.000000 0.028012 0.870676 -0.491059 8.536500 0.003922 0.491152 0.871065 0.187100 0.000000 0.000000 0.000000 1.000000
0.997896 -0.062546 0.017097 -0.000000 0.063367 0.884810 -0.461623 8.536500 0.013745 0.461735 0.886911 0.187100 0.000000 0.000000 0.000000 1.000000
0.996226 -0.084364 0.020391 -0.000000 0.084807 0.896189 -0.435492 8.536500 0.018465 0.435578 0.899962 0.187100 0.000000 0.000000 0.000000 1.000000
0.994741 -0.100205 0.021192 0.000000 0.099961 0.904746 -0.414057 8.536500 0.022318 0.413998 0.910004 0.187100 0.000000 0.000000 0.000000 1.000000
0.993953 -0.107333 0.023168 0.000000 0.107216 0.903128 -0.415770 8.536500 0.023702 0.415740 0.909174 0.187100 0.000000 0.000000 0.000000 1.000000
0.994111 -0.105931 0.022829 0.000000 0.105729 0.902014 -0.418559 8.536500 0.023746 0.418508 0.907903 0.187100 0.000000 0.000000 0.000000 1.000000
0.994907 -0.098219 0.022650 0.000000 0.098096 0.891806 -0.441656 8.536500 0.023180 0.441629 0.896899 0.187100 0.000000 0.000000 0.000000 1.000000
0.996385 -0.081938 0.022424 -0.000000 0.082991 0.882508 -0.462917 8.536500 0.018141 0.463105 0.886118 0.187100 0.000000 0.000000 0.000000 1.000000
0.998017 -0.059617 0.020182 0.000000 0.062068 0.878983 -0.472797 8.536500 0.010448 0.473112 0.880940 0.187100 0.000000 0.000000 0.000000 1.000000
0.999125 -0.037913 0.017669 0.000000 0.041747 0.877642 -0.477496 8.536500 0.002596 0.477815 0.878456 0.187100 0.000000 0.000000 0.000000 1.000000
0.999532 -0.025293 0.017203 0.000000 0.030401 0.883596 -0.467262 8.536500 -0.003382 0.467566 0.883952 0.187100 0.000000 0.000000 0.000000 1.000000
0.999715 -0.017216 0.016539 0.000000 0.022879 0.888753 -0.457816 8.536500 -0.006817 0.458063 0.888893 0.187100 0.000000 0.000000 0.000000 1.000000
0.999866 -0.001173 0.016344 -0.000000 0.008402 0.893005 -0.449968 8.536500 -0.014068 0.450045 0.892895 0.187100 0.000000 0.000000 0.000000 1.000000
0.999813 0.010955 0.015907 0.000000 -0.002550 0.891241 -0.453522 8.536500 -0.019146 0.453397 0.891103 0.187100 0.000000 0.000000 0.000000 1.000000
0.999689 0.018436 0.016819 0.000000 -0.008796 0.891037 -0.453845 8.536500 -0.023354 0.453556 0.890922 0.187100 0.000000 0.000000 0.000000 1.000000
0.999358 0.031015 0.017935 0.000000 -0.019799 0.895300 -0.445023 8.536500 -0.029859 0.444382 0.895340 0.187100 0.000000 0.000000 0.000000 1.000000
0.998831 0.044246 0.019467 0.000000 -0.031377 0.899789 -0.435195 8.536500 -0.036772 0.434076 0.900126 0.187100 0.000000 0.000000 0.000000 1.000000
0.998105 0.057817 0.021074 0.000000 -0.043440 0.904523 -0.424206 8.536500 -0.043588 0.422487 0.905320 0.187100 0.000000 0.000000 0.000000 1.000000
0.997193 0.071436 0.022408 -0.000000 -0.055900 0.909525 -0.411874 8.536500 -0.049803 0.409466 0.910965 0.187100 0.000000 0.000000 0.000000 1.000000
0.996030 0.086185 0.022285 -0.000000 -0.070441 0.916125 -0.394657 8.536500 -0.054430 0.391520 0.918558 0.187100 0.000000 0.000000 0.000000 1.000000
0.994731 0.100134 0.021993 0.000000 -0.084642 0.923179 -0.374935 8.536500 -0.057847 0.371098 0.926790 0.187100 0.000000 0.000000 0.000000 1.000000
0.993981 0.107093 0.023093 0.000000 -0.091800 0.929221 -0.357940 8.536500 -0.059791 0.353665 0.933459 0.187100 0.000000 0.000000 0.000000 1.000000
0.993682 0.109552 0.024376 0.000000 -0.095084 0.937152 -0.335715 8.536500 -0.059622 0.331276 0.941648 0.187100 0.000000 0.000000 0.000000 1.000000
0.994237 0.104527 0.023809 0.000000 -0.091235 0.941622 -0.324075 8.536500 -0.056294 0.320035 0.945732 0.187100 0.000000 0.000000 0.000000 1.000000
0.996155 0.084662 0.022514 0.000000 -0.072927 0.943803 -0.322364 8.536500 -0.048541 0.319482 0.946348 0.187100 0.000000 0.000000 0.000000 1.000000
0.997038 0.074434 0.019356 0.000000 -0.064190 0.943990 -0.323670 8.536500 -0.042364 0.321469 0.945972 0.187100 0.000000 0.000000 0.000000 1.000000
0.997682 0.065999 0.016589 -0.000000 -0.057609 0.948863 -0.310387 8.536500 -0.036226 0.308711 0.950466 0.187100 0.000000 0.000000 0.000000 1.000000
0.998118 0.059981 0.012721 0.000000 -0.053090 0.949214 -0.310119 8.536500 -0.030676 0.308860 0.950613 0.187100 0.000000 0.000000 0.000000 1.000000
0.997600 0.068708 0.008571 0.000000 -0.061829 0.939682 -0.336415 8.536500 -0.031168 0.335078 0.941675 0.187100 0.000000 0.000000 0.000000 1.000000
0.996179 0.087235 0.004075 -0.000000 -0.079102 0.921116 -0.381166 8.536500 -0.037004 0.379387 0.924498 0.187100 0.000000 0.000000 0.000000 1.000000
0.994393 0.105637 -0.004757 0.000000 -0.096894 0.892232 -0.441060 8.536500 -0.042348 0.439048 0.897465 0.187100 0.000000 0.000000 0.000000 1.000000
0.993001 0.117367 -0.013220 0.000000 -0.109260 0.870320 -0.480214 8.536500 -0.044855 0.478297 0.877052 0.187100 0.000000 0.000000 0.000000 1.000000
0.993538 0.112327 -0.016259 0.000000 -0.105234 0.858039 -0.502688 8.536500 -0.042514 0.501150 0.864315 0.187100 0.000000 0.000000 0.000000 1.000000</float_array>
        <technique_common>
          <accessor source="#mixamorig_Spine-Matrix-animation-output-transform-array" count="37" stride="16">
            <param type="float4x4"/>
          </accessor>
        </technique_common>
      </source>
      <source id="mixamorig_Spine-Interpolations">
        <Name_array id="mixamorig_Spine-Interpolations-array" count="37">
 LINEAR LINEAR LINEAR LINEAR LINEAR LINEAR LINEAR LINEAR LINEAR LINEAR LINEAR
LINEAR LINEAR LINEAR LINEAR LINEAR LINEAR LINEAR LINEAR LINEAR LINEAR LINEAR LINEAR
LINEAR LINEAR LINEAR LINEAR LINEAR LINEAR LINEAR LINEAR LINEAR LINEAR LINEAR LINEAR
LINEAR LINEAR</Name_array>
        <technique_common>
          <accessor source="#mixamorig_Spine-Interpolations-array" count="37">
            <param type="name"/>
          </accessor>
        </technique_common>
      </source>
      <sampler id="mixamorig_Spine-Matrix-animation-transform">
        <input semantic="INPUT" source="#mixamorig_Spine-Matrix-animation-input"/>
        <input semantic="OUTPUT" source="#mixamorig_Spine-Matrix-animation-output-transform"/>
        <input semantic="INTERPOLATION" source="#mixamorig_Spine-Interpolations"/>
      </sampler>
      <channel source="#mixamorig_Spine-Matrix-animation-transform" target="mixamorig_Spine/matrix"/>
    </animation>
    <animation id="mixamorig_Spine1-anim" name="mixamorig_Spine1">
      <source id="mixamorig_Spine1-Matrix-animation-input">
        <float_array id="mixamorig_Spine1-Matrix-animation-input-array" count="37">

0.000000 0.033333 0.066667 0.100000 0.133333 0.166667 0.200000 0.233333 0.266667 0.300000 0.333333 0.366667 0.400000 0.433333 0.466667 0.500000
0.533333 0.566667 0.600000 0.633333 0.666667 0.700000 0.733333 0.766667 0.800000 0.833333 0.866667 0.900000 0.933333 0.966667 1.000000 1.033333
1.066667 1.100000 1.133333 1.166667 1.200000</float_array>
        <technique_common>
          <accessor source="#mixamorig_Spine1-Matrix-animation-input-array" count="37">
            <param name="TIME" type="float"/>
          </accessor>
        </technique_common>
      </source>
      <source id="mixamorig_Spine1-Matrix-animation-output-transform">
        <float_array id="mixamorig_Spine1-Matrix-animation-output-transform-array" count="592">

0.995656 -0.025411 -0.089575 0.000000 0.028516 0.999030 0.033546 9.685800 0.088635 -0.035955 0.995415 0.000000 0.000000 0.000000 0.000000 1.000000
0.995643 -0.025831 -0.089600 -0.000000 0.029590 0.998726 0.040877 9.685800 0.088430 -0.043350 0.995139 0.000000 0.000000 0.000000 0.000000 1.000000
0.995670 -0.022152 -0.090278 0.000000 0.026262 0.998660 0.044594 9.685800 0.089169 -0.046772 0.994918 0.000000 0.000000 0.000000 0.000000 1.000000
0.995524 -0.013225 -0.093574 0.000000 0.017525 0.998820 0.045283 9.685800 0.092865 -0.046720 0.994582 -0.000000 0.000000 0.000000 0.000000 1.000000
0.995274 -0.001378 -0.097100 0.000000 0.005341 0.999162 0.040572 9.685800 0.096963 -0.040899 0.994447 -0.000000 0.000000 0.000000 0.000000 1.000000
0.995050 0.009143 -0.098958 0.000000 -0.006016 0.999475 0.031845 9.685800 0.099197 -0.031092 0.994582 0.000000 0.000000 0.000000 0.000000 1.000000
0.994888 0.016374 -0.099647 0.000000 -0.014237 0.999654 0.022123 9.685800 0.099974 -0.020591 0.994777 0.000000 0.000000 0.000000 0.000000 1.000000
0.994637 0.023857 -0.100638 0.000000 -0.022446 0.999634 0.015127 9.685800 0.100962 -0.012787 0.994808 0.000000 0.000000 0.000000 0.000000 1.000000
0.994849 0.023001 -0.098728 0.000000 -0.021517 0.999639 0.016069 9.685800 0.099062 -0.013862 0.994985 0.000000 0.000000 0.000000 0.000000 1.000000
0.994800 0.021223 -0.099614 0.000000 -0.019932 0.999704 0.013941 9.685800 0.099880 -0.011884 0.994929 0.000000 0.000000 0.000000 0.000000 1.000000
0.994954 0.016482 -0.098966 0.000000 -0.014821 0.999737 0.017496 9.685800 0.099229 -0.015941 0.994937 -0.000000 0.000000 0.000000 0.000000 1.000000
0.995477 0.013020 -0.094105 0.000000 -0.011520 0.999798 0.016461 9.685800 0.094300 -0.015302 0.995426 0.000000 0.000000 0.000000 0.000000 1.000000
0.995714 0.008339 -0.092112 0.000000 -0.007042 0.999872 0.014399 9.685800 0.092220 -0.013689 0.995645 -0.000000 0.000000 0.000000 0.000000 1.000000
0.995840 0.003213 -0.091058 0.000000 -0.002207 0.999935 0.011144 9.685800 0.091088 -0.010897 0.995783 -0.000000 0.000000 0.000000 0.000000 1.000000
0.995768 -0.002949 -0.091859 -0.000000 0.003230 0.999991 0.002908 9.685800 0.091849 -0.003193 0.995768 0.000000 0.000000 0.000000 0.000000 1.000000
0.995652 -0.006830 -0.092896 0.000000 0.006727 0.999976 -0.001418 9.685800 0.092904 0.000787 0.995675 0.000000 0.000000 0.000000 0.000000 1.000000
0.995793 -0.011672 -0.090883 0.000000 0.011212 0.999922 -0.005569 9.685800 0.090941 0.004526 0.995846 -0.000000 0.000000 0.000000 0.000000 1.000000
0.995769 -0.017196 -0.090268 0.000000 0.016732 0.999843 -0.005888 9.685800 0.090355 0.004353 0.995900 0.000000 0.000000 0.000000 0.000000 1.000000
0.995920 -0.018578 -0.088306 -0.000000 0.017710 0.999787 -0.010602 9.685800 0.088484 0.008995 0.996037 0.000000 0.000000 0.000000 0.000000 1.000000
0.996256 -0.018904 -0.084359 -0.000000 0.017648 0.999722 -0.015613 9.685800 0.084631 0.014065 0.996313 0.000000 0.000000 0.000000 0.000000 1.000000
0.996608 -0.019089 -0.080045 0.000000 0.017479 0.999632 -0.020755 9.685800 0.080411 0.019286 0.996575 -0.000000 0.000000 0.000000 0.000000 1.000000
0.996937 -0.019048 -0.075853 0.000000 0.017144 0.999523 -0.025682 9.685800 0.076306 0.024303 0.996788 -0.000000 0.000000 0.000000 0.000000 1.000000
0.997209 -0.018716 -0.072276 0.000000 0.016579 0.999411 -0.030048 9.685800 0.072796 0.028766 0.996932 0.000000 0.000000 0.000000 0.000000 1.000000
0.997364 -0.017406 -0.070441 0.000000 0.015143 0.999356 -0.032541 9.685800 0.070962 0.031388 0.996985 -0.000000 0.000000 0.000000 0.000000 1.000000
0.997443 -0.015894 -0.069681 -0.000000 0.013520 0.999316 -0.034410 9.685800 0.070181 0.033380 0.996976 0.000000 0.000000 0.000000 0.000000 1.000000
0.997461 -0.016000 -0.069396 0.000000 0.013370 0.999180 -0.038207 9.685800 0.069951 0.037182 0.996857 0.000000 0.000000 0.000000 0.000000 1.000000
0.997419 -0.013013 -0.070611 0.000000 0.009909 0.998976 -0.044139 9.685800 0.071113 0.043325 0.996527 0.000000 0.000000 0.000000 0.000000 1.000000
0.997255 -0.007371 -0.073681 0.000000 0.003905 0.998884 -0.047069 9.685800 0.073946 0.046652 0.996170 -0.000000 0.000000 0.000000 0.000000 1.000000
0.996905 0.000669 -0.078611 0.000000 -0.004587 0.998755 -0.049671 9.685800 0.078480 0.049878 0.995667 -0.000000 0.000000 0.000000 0.000000 1.000000
0.996365 0.008402 -0.084766 0.000000 -0.012781 0.998604 -0.051261 9.685800 0.084217 0.052158 0.995081 -0.000000 0.000000 0.000000 0.000000 1.000000
0.995596 0.013973 -0.092695 0.000000 -0.019150 0.998292 -0.055190 9.685800 0.091766 0.056722 0.994164 0.000000 0.000000 0.000000 0.000000 1.000000
0.994870 0.016467 -0.099817 0.000000 -0.022195 0.998153 -0.056551 9.685800 0.098701 0.058476 0.993397 0.000000 0.000000 0.000000 0.000000 1.000000
0.994821 0.011023 -0.101040 -0.000000 -0.016014 0.998684 -0.048717 9.685800 0.100370 0.050082 0.993689 -0.000000 0.000000 0.000000 0.000000 1.000000
0.995425 0.002171 -0.095516 -0.000000 -0.005326 0.999448 -0.032789 9.685800 0.095393 0.033148 0.994888 0.000000 0.000000 0.000000 0.000000 1.000000
0.995728 -0.007606 -0.092018 0.000000 0.006658 0.999922 -0.010608 9.685800 0.092091 0.009950 0.995701 0.000000 0.000000 0.000000 0.000000 1.000000
0.995571 -0.016650 -0.092532 0.000000 0.017525 0.999809 0.008649 9.685800 0.092370 -0.010233 0.995672 0.000000 0.000000 0.000000 0.000000 1.000000
0.995498 -0.022044 -0.092179 0.000000 0.024205 0.999456 0.022396 9.685800 0.091635 -0.024526 0.995491 -0.000000 0.000000 0.000000 0.000000 1.000000</float_array>
        <technique_common>
          <accessor source="#mixamorig_Spine1-Matrix-animation-output-transform-array" count="37" stride="16">
            <param type="float4x4"/>
          </accessor>
        </technique_common>
      </source>
      <source id="mixamorig_Spine1-Interpolations">
        <Name_array id="mixamorig_Spine1-Interpolations-array" count="37">
 LINEAR LINEAR LINEAR LINEAR LINEAR LINEAR LINEAR LINEAR LINEAR LINEAR LINEAR
LINEAR LINEAR LINEAR LINEAR LINEAR LINEAR LINEAR LINEAR LINEAR LINEAR LINEAR LINEAR
LINEAR LINEAR LINEAR LINEAR LINEAR LINEAR LINEAR LINEAR LINEAR LINEAR LINEAR LINEAR
LINEAR LINEAR</Name_array>
        <technique_common>
          <accessor source="#mixamorig_Spine1-Interpolations-array" count="37">
            <param type="name"/>
          </accessor>
        </technique_common>
      </source>
      <sampler id="mixamorig_Spine1-Matrix-animation-transform">
        <input semantic="INPUT" source="#mixamorig_Spine1-Matrix-animation-input"/>
        <input semantic="OUTPUT" source="#mixamorig_Spine1-Matrix-animation-output-transform"/>
        <input semantic="INTERPOLATION" source="#mixamorig_Spine1-Interpolations"/>
      </sampler>
      <channel source="#mixamorig_Spine1-Matrix-animation-transform" target="mixamorig_Spine1/matrix"/>
    </animation>
    <animation id="mixamorig_Spine2-anim" name="mixamorig_Spine2">
      <source id="mixamorig_Spine2-Matrix-animation-input">
        <float_array id="mixamorig_Spine2-Matrix-animation-input-array" count="37">

0.000000 0.033333 0.066667 0.100000 0.133333 0.166667 0.200000 0.233333 0.266667 0.300000 0.333333 0.366667 0.400000 0.433333 0.466667 0.500000
0.533333 0.566667 0.600000 0.633333 0.666667 0.700000 0.733333 0.766667 0.800000 0.833333 0.866667 0.900000 0.933333 0.966667 1.000000 1.033333
1.066667 1.100000 1.133333 1.166667 1.200000</float_array>
        <technique_common>
          <accessor source="#mixamorig_Spine2-Matrix-animation-input-array" count="37">
            <param name="TIME" type="float"/>
          </accessor>
        </technique_common>
      </source>
      <source id="mixamorig_Spine2-Matrix-animation-output-transform">
        <float_array id="mixamorig_Spine2-Matrix-animation-output-transform-array" count="592">

0.995470 -0.035711 -0.088118 -0.000000 0.039531 0.998336 0.041991 15.875400 0.086472 -0.045284 0.995225 0.000000 0.000000 0.000000 0.000000 1.000000
0.995443 -0.036984 -0.087891 0.000000 0.041478 0.997895 0.049860 15.875400 0.085862 -0.053278 0.994882 0.000000 0.000000 0.000000 0.000000 1.000000
0.995504 -0.033844 -0.088472 0.000000 0.038768 0.997759 0.054543 15.875400 0.086427 -0.057727 0.994584 0.000000 0.000000 0.000000 0.000000 1.000000
0.995426 -0.025415 -0.092098 -0.000000 0.030706 0.997930 0.056499 15.875400 0.090471 -0.059068 0.994146 -0.000000 0.000000 0.000000 0.000000 1.000000
0.995265 -0.013582 -0.096245 -0.000000 0.018771 0.998406 0.053222 15.875400 0.095368 -0.054776 0.993934 0.000000 0.000000 0.000000 0.000000 1.000000
0.995118 -0.002183 -0.098668 -0.000000 0.006759 0.998915 0.046070 15.875400 0.098460 -0.046512 0.994053 0.000000 0.000000 0.000000 0.000000 1.000000
0.994989 0.006098 -0.099801 0.000000 -0.002375 0.999298 0.037375 15.875400 0.099959 -0.036951 0.994305 -0.000000 0.000000 0.000000 0.000000 1.000000
0.994740 0.014414 -0.101410 0.000000 -0.011308 0.999451 0.031141 15.875400 0.101804 -0.029830 0.994357 0.000000 0.000000 0.000000 0.000000 1.000000
0.994953 0.013883 -0.099378 -0.000000 -0.010711 0.999418 0.032375 15.875400 0.099770 -0.031147 0.994523 0.000000 0.000000 0.000000 0.000000 1.000000
0.994892 0.012853 -0.100120 0.000000 -0.009859 0.999491 0.030349 15.875400 0.100459 -0.029207 0.994512 -0.000000 0.000000 0.000000 0.000000 1.000000
0.995038 0.008391 -0.099144 0.000000 -0.005067 0.999418 0.033736 15.875400 0.099369 -0.033066 0.994501 -0.000000 0.000000 0.000000 0.000000 1.000000
0.995541 0.005740 -0.094159 0.000000 -0.002697 0.999471 0.032422 15.875400 0.094295 -0.032023 0.995029 0.000000 0.000000 0.000000 0.000000 1.000000
0.995759 0.001328 -0.091994 0.000000 0.001395 0.999563 0.029534 15.875400 0.091993 -0.029537 0.995321 0.000000 0.000000 0.000000 0.000000 1.000000
0.995873 -0.003605 -0.090688 0.000000 0.005930 0.999660 0.025381 15.875400 0.090565 -0.025814 0.995556 0.000000 0.000000 0.000000 0.000000 1.000000
0.995815 -0.009415 -0.090911 0.000000 0.010951 0.999805 0.016421 15.875400 0.090738 -0.017348 0.995724 0.000000 0.000000 0.000000 0.000000 1.000000
0.995708 -0.013200 -0.091604 -0.000000 0.014301 0.999833 0.011384 15.875400 0.091438 -0.012645 0.995730 0.000000 0.000000 0.000000 0.000000 1.000000
0.995860 -0.017645 -0.089174 0.000000 0.018290 0.999812 0.006427 15.875400 0.089043 -0.008031 0.995995 0.000000 0.000000 0.000000 0.000000 1.000000
0.995842 -0.023397 -0.088042 0.000000 0.023951 0.999699 0.005251 15.875400 0.087892 -0.007337 0.996103 0.000000 0.000000 0.000000 0.000000 1.000000
0.996016 -0.024621 -0.085704 0.000000 0.024731 0.999694 0.000232 15.875400 0.085672 -0.002350 0.996321 -0.000000 0.000000 0.000000 0.000000 1.000000
0.996380 -0.024571 -0.081380 0.000000 0.024249 0.999694 -0.004939 15.875400 0.081476 0.002948 0.996671 0.000000 0.000000 0.000000 0.000000 1.000000
0.996759 -0.024353 -0.076675 -0.000000 0.023637 0.999668 -0.010227 15.875400 0.076899 0.008382 0.997004 0.000000 0.000000 0.000000 0.000000 1.000000
0.997109 -0.023869 -0.072140 0.000000 0.022823 0.999623 -0.015290 15.875400 0.072477 0.013600 0.997277 0.000000 0.000000 0.000000 0.000000 1.000000
0.997397 -0.023039 -0.068325 0.000000 0.021734 0.999568 -0.019786 15.875400 0.068752 0.018250 0.997467 -0.000000 0.000000 0.000000 0.000000 1.000000
0.997558 -0.021070 -0.066586 -0.000000 0.019618 0.999557 -0.022388 15.875400 0.067029 0.021027 0.997529 0.000000 0.000000 0.000000 0.000000 1.000000
0.997638 -0.018806 -0.066064 0.000000 0.017232 0.999556 -0.024314 15.875400 0.066492 0.023118 0.997519 0.000000 0.000000 0.000000 0.000000 1.000000
0.997667 -0.018177 -0.065801 -0.000000 0.016362 0.999473 -0.028018 15.875400 0.066276 0.026876 0.997439 0.000000 0.000000 0.000000 0.000000 1.000000
0.997639 -0.014426 -0.067148 -0.000000 0.012180 0.999357 -0.033733 15.875400 0.067592 0.032835 0.997173 0.000000 0.000000 0.000000 0.000000 1.000000
0.997465 -0.008664 -0.070625 0.000000 0.006110 0.999322 -0.036299 15.875400 0.070891 0.035776 0.996842 0.000000 0.000000 0.000000 0.000000 1.000000
0.997082 -0.000881 -0.076334 -0.000000 -0.002031 0.999273 -0.038069 15.875400 0.076312 0.038113 0.996355 0.000000 0.000000 0.000000 0.000000 1.000000
0.996512 0.006661 -0.083184 0.000000 -0.009941 0.999187 -0.039080 15.875400 0.082856 0.039771 0.995768 0.000000 0.000000 0.000000 0.000000 1.000000
0.995713 0.013082 -0.091569 0.000000 -0.017026 0.998955 -0.042423 15.875400 0.090918 0.043800 0.994895 0.000000 0.000000 0.000000 0.000000 1.000000
0.994959 0.016098 -0.098981 0.000000 -0.020474 0.998850 -0.043354 15.875400 0.098169 0.045162 0.994144 0.000000 0.000000 0.000000 0.000000 1.000000
0.994923 0.009835 -0.100160 0.000000 -0.013506 0.999259 -0.036047 15.875400 0.099731 0.037217 0.994318 0.000000 0.000000 0.000000 0.000000 1.000000
0.995531 -0.000994 -0.094433 0.000000 -0.001013 0.999775 -0.021210 15.875400 0.094433 0.021211 0.995305 -0.000000 0.000000 0.000000 0.000000 1.000000
0.995781 -0.013352 -0.090785 0.000000 0.013378 0.999910 -0.000314 15.875400 0.090781 -0.000902 0.995871 0.000000 0.000000 0.000000 0.000000 1.000000
0.995534 -0.024512 -0.091166 0.000000 0.026220 0.999502 0.017580 15.875400 0.090689 -0.019892 0.995681 0.000000 0.000000 0.000000 0.000000 1.000000
0.995377 -0.031374 -0.090773 0.000000 0.034295 0.998937 0.030808 15.875400 0.089710 -0.033778 0.995395 0.000000 0.000000 0.000000 0.000000 1.000000</float_array>
        <technique_common>
          <accessor source="#mixamorig_Spine2-Matrix-animation-output-transform-array" count="37" stride="16">
            <param type="float4x4"/>
          </accessor>
        </technique_common>
      </source>
      <source id="mixamorig_Spine2-Interpolations">
        <Name_array id="mixamorig_Spine2-Interpolations-array" count="37">
 LINEAR LINEAR LINEAR LINEAR LINEAR LINEAR LINEAR LINEAR LINEAR LINEAR LINEAR
LINEAR LINEAR LINEAR LINEAR LINEAR LINEAR LINEAR LINEAR LINEAR LINEAR LINEAR LINEAR
LINEAR LINEAR LINEAR LINEAR LINEAR LINEAR LINEAR LINEAR LINEAR LINEAR LINEAR LINEAR
LINEAR LINEAR</Name_array>
        <technique_common>
          <accessor source="#mixamorig_Spine2-Interpolations-array" count="37">
            <param type="name"/>
          </accessor>
        </technique_common>
      </source>
      <sampler id="mixamorig_Spine2-Matrix-animation-transform">
        <input semantic="INPUT" source="#mixamorig_Spine2-Matrix-animation-input"/>
        <input semantic="OUTPUT" source="#mixamorig_Spine2-Matrix-animation-output-transform"/>
        <input semantic="INTERPOLATION" source="#mixamorig_Spine2-Interpolations"/>
      </sampler>
      <channel source="#mixamorig_Spine2-Matrix-animation-transform" target="mixamorig_Spine2/matrix"/>
    </animation>
    <animation id="mixamorig_Neck-anim" name="mixamorig_Neck">
      <source id="mixamorig_Neck-Matrix-animation-input">
        <float_array id="mixamorig_Neck-Matrix-animation-input-array" count="37">

0.000000 0.033333 0.066667 0.100000 0.133333 0.166667 0.200000 0.233333 0.266667 0.300000 0.333333 0.366667 0.400000 0.433333 0.466667 0.500000
0.533333 0.566667 0.600000 0.633333 0.666667 0.700000 0.733333 0.766667 0.800000 0.833333 0.866667 0.900000 0.933333 0.966667 1.000000 1.033333
1.066667 1.100000 1.133333 1.166667 1.200000</float_array>
        <technique_common>
          <accessor source="#mixamorig_Neck-Matrix-animation-input-array" count="37">
            <param name="TIME" type="float"/>
          </accessor>
        </technique_common>
      </source>
      <source id="mixamorig_Neck-Matrix-animation-output-transform">
        <float_array id="mixamorig_Neck-Matrix-animation-output-transform-array" count="592">

0.943104 0.012934 0.332247 0.000000 -0.067547 0.985860 0.153356 26.173401 -0.325566 -0.167073 0.930642 -0.161200 0.000000 0.000000 0.000000 1.000000
0.947282 0.008031 0.320301 0.000000 -0.058127 0.987404 0.147152 26.173401 -0.315085 -0.158013 0.935817 -0.161200 0.000000 0.000000 0.000000 1.000000
0.950988 0.012127 0.308989 0.000000 -0.055402 0.989745 0.131667 26.173401 -0.304223 -0.142333 0.941907 -0.161200 0.000000 0.000000 0.000000 1.000000
0.954869 0.011363 0.296811 0.000000 -0.049220 0.991506 0.120387 26.173401 -0.292922 -0.129563 0.947317 -0.161200 0.000000 0.000000 0.000000 1.000000
0.957196 0.009510 0.289286 -0.000000 -0.044215 0.992534 0.113672 26.173401 -0.286045 -0.121597 0.950470 -0.161200 0.000000 0.000000 0.000000 1.000000
0.958971 0.011309 0.283280 -0.000000 -0.042720 0.993559 0.104953 26.173401 -0.280269 -0.112748 0.953277 -0.161200 0.000000 0.000000 0.000000 1.000000
0.959187 0.005878 0.282713 0.000000 -0.036545 0.993976 0.103323 26.173401 -0.280403 -0.109437 0.953624 -0.161200 0.000000 0.000000 0.000000 1.000000
0.958405 -0.000008 0.285413 0.000000 -0.030931 0.994108 0.103892 26.173401 -0.283732 -0.108398 0.952757 -0.161200 0.000000 0.000000 0.000000 1.000000
0.956975 -0.006128 0.290105 0.000000 -0.025785 0.994026 0.106051 26.173401 -0.289022 -0.108969 0.951100 -0.161200 0.000000 0.000000 0.000000 1.000000
0.955168 -0.012385 0.295804 0.000000 -0.020978 0.993782 0.109348 26.173401 -0.295319 -0.110651 0.948969 -0.161200 0.000000 0.000000 0.000000 1.000000
0.953276 -0.018642 0.301524 0.000000 -0.016463 0.993405 0.113468 26.173401 -0.301651 -0.113130 0.946683 -0.161200 0.000000 0.000000 0.000000 1.000000
0.951613 -0.024754 0.306301 -0.000000 -0.012133 0.992946 0.117941 26.173401 -0.307060 -0.115951 0.944600 -0.161200 0.000000 0.000000 0.000000 1.000000
0.950970 -0.030561 0.307768 -0.000000 -0.007548 0.992516 0.121878 26.173401 -0.309190 -0.118226 0.943623 -0.161200 0.000000 0.000000 0.000000 1.000000
0.950671 -0.035839 0.308123 0.000000 -0.003679 0.991931 0.126727 26.173401 -0.310178 -0.121610 0.942868 -0.161200 0.000000 0.000000 0.000000 1.000000
0.951139 -0.038766 0.306320 0.000000 -0.003634 0.990612 0.136652 26.173401 -0.308741 -0.131088 0.942069 -0.161200 0.000000 0.000000 0.000000 1.000000
0.950690 -0.044170 0.306983 0.000000 -0.002153 0.988843 0.148945 26.173401 -0.310137 -0.142261 0.939988 -0.161200 0.000000 0.000000 0.000000 1.000000
0.950255 -0.053634 0.306820 0.000000 0.004468 0.987309 0.158748 26.173401 -0.311441 -0.149481 0.938435 -0.161200 0.000000 0.000000 0.000000 1.000000
0.949758 -0.060551 0.307072 0.000000 0.008215 0.985592 0.168940 26.173401 -0.312877 -0.157930 0.936572 -0.161200 0.000000 0.000000 0.000000 1.000000
0.950393 -0.075514 0.301747 0.000000 0.021255 0.983582 0.179203 26.173401 -0.310326 -0.163899 0.936395 -0.161200 0.000000 0.000000 0.000000 1.000000
0.949905 -0.082356 0.301493 0.000000 0.024796 0.981476 0.189974 26.173401 -0.311554 -0.172982 0.934351 -0.161200 0.000000 0.000000 0.000000 1.000000
0.949280 -0.088398 0.301752 0.000000 0.027215 0.979166 0.201230 26.173401 -0.313253 -0.182812 0.931908 -0.161200 0.000000 0.000000 0.000000 1.000000
0.948556 -0.093159 0.302595 0.000000 0.028516 0.976985 0.211392 26.173401 -0.315324 -0.191889 0.929381 -0.161200 0.000000 0.000000 0.000000 1.000000
0.947768 -0.096149 0.304123 0.000000 0.028706 0.975327 0.218892 26.173401 -0.317666 -0.198729 0.927144 -0.161200 0.000000 0.000000 0.000000 1.000000
0.946793 -0.094574 0.307635 0.000000 0.026379 0.975438 0.218689 26.173401 -0.320761 -0.198938 0.926033 -0.161200 0.000000 0.000000 0.000000 1.000000
0.945523 -0.086960 0.313725 0.000000 0.019123 0.976836 0.213132 26.173401 -0.324992 -0.195522 0.925285 -0.161200 0.000000 0.000000 0.000000 1.000000
0.943343 -0.065770 0.325236 0.000000 -0.001923 0.979059 0.203566 26.173401 -0.331814 -0.192658 0.923462 -0.161200 0.000000 0.000000 0.000000 1.000000
0.941054 -0.053567 0.333988 -0.000000 -0.015077 0.979757 0.199621 26.173401 -0.337920 -0.192889 0.921197 -0.161200 0.000000 0.000000 0.000000 1.000000
0.939828 -0.042282 0.339022 0.000000 -0.026968 0.980035 0.196989 26.173401 -0.340583 -0.194279 0.919924 -0.161200 0.000000 0.000000 0.000000 1.000000
0.940310 -0.031314 0.338874 0.000000 -0.035254 0.981438 0.188514 26.173401 -0.338487 -0.189208 0.921752 -0.161200 0.000000 0.000000 0.000000 1.000000
0.940026 -0.014163 0.340809 -0.000000 -0.049817 0.982724 0.178246 26.173401 -0.337446 -0.184534 0.923081 -0.161200 0.000000 0.000000 0.000000 1.000000
0.939008 0.005204 0.343855 0.000000 -0.065330 0.984376 0.163509 26.173401 -0.337632 -0.176000 0.924678 -0.161200 0.000000 0.000000 0.000000 1.000000
0.940000 0.016258 0.340787 -0.000000 -0.073175 0.985226 0.154837 26.173401 -0.333235 -0.170484 0.927302 -0.161200 0.000000 0.000000 0.000000 1.000000
0.942664 0.015661 0.333374 -0.000000 -0.069585 0.986168 0.150434 26.173401 -0.326407 -0.165006 0.930715 -0.161200 0.000000 0.000000 0.000000 1.000000
0.945669 0.009793 0.324983 -0.000000 -0.062214 0.986527 0.151307 26.173401 -0.319123 -0.163305 0.933538 -0.161200 0.000000 0.000000 0.000000 1.000000
0.946562 0.009507 0.322381 0.000000 -0.059456 0.987578 0.145448 26.173401 -0.316994 -0.156843 0.935369 -0.161200 0.000000 0.000000 0.000000 1.000000
0.945838 0.008333 0.324533 0.000000 -0.059052 0.987409 0.146751 26.173401 -0.319224 -0.157967 0.934421 -0.161200 0.000000 0.000000 0.000000 1.000000
0.944239 0.011484 0.329059 0.000000 -0.064961 0.986246 0.151985 26.173401 -0.322788 -0.164886 0.931998 -0.161200 0.000000 0.000000 0.000000 1.000000</float_array>
        <technique_common>
          <accessor source="#mixamorig_Neck-Matrix-animation-output-transform-array" count="37" stride="16">
            <param type="float4x4"/>
          </accessor>
        </technique_common>
      </source>
      <source id="mixamorig_Neck-Interpolations">
        <Name_array id="mixamorig_Neck-Interpolations-array" count="37">
 LINEAR LINEAR LINEAR LINEAR LINEAR LINEAR LINEAR LINEAR LINEAR LINEAR LINEAR
LINEAR LINEAR LINEAR LINEAR LINEAR LINEAR LINEAR LINEAR LINEAR LINEAR LINEAR LINEAR
LINEAR LINEAR LINEAR LINEAR LINEAR LINEAR LINEAR LINEAR LINEAR LINEAR LINEAR LINEAR
LINEAR LINEAR</Name_array>
        <technique_common>
          <accessor source="#mixamorig_Neck-Interpolations-array" count="37">
            <param type="name"/>
          </accessor>
        </technique_common>
      </source>
      <sampler id="mixamorig_Neck-Matrix-animation-transform">
        <input semantic="INPUT" source="#mixamorig_Neck-Matrix-animation-input"/>
        <input semantic="OUTPUT" source="#mixamorig_Neck-Matrix-animation-output-transform"/>
        <input semantic="INTERPOLATION" source="#mixamorig_Neck-Interpolations"/>
      </sampler>
      <channel source="#mixamorig_Neck-Matrix-animation-transform" target="mixamorig_Neck/matrix"/>
    </animation>
    <animation id="mixamorig_Head-anim" name="mixamorig_Head">
      <source id="mixamorig_Head-Matrix-animation-input">
        <float_array id="mixamorig_Head-Matrix-animation-input-array" count="37">

0.000000 0.033333 0.066667 0.100000 0.133333 0.166667 0.200000 0.233333 0.266667 0.300000 0.333333 0.366667 0.400000 0.433333 0.466667 0.500000
0.533333 0.566667 0.600000 0.633333 0.666667 0.700000 0.733333 0.766667 0.800000 0.833333 0.866667 0.900000 0.933333 0.966667 1.000000 1.033333
1.066667 1.100000 1.133333 1.166667 1.200000</float_array>
        <technique_common>
