<?xml version="1.0" encoding="utf-8"?>
<COLLADA xmlns="http://www.collada.org/2005/11/COLLADASchema" version="1.4.1">
  <asset>
    <contributor>
      <author>Mixamo</author>
      <authoring_tool>COLLADA Mixamo exporter</authoring_tool>
      <comments/>
    </contributor>
    <created>2025-11-14T05:17:27Z</created>
    <modified>2025-11-14T05:17:27Z</modified>
    <revision/>
    <title/>
    <unit meter="0.010000"/>
    <up_axis>Y_UP</up_axis>
  </asset>
  <library_animations>
    <animation id="mixamorig_Hips-anim" name="mixamorig_Hips">
      <source id="mixamorig_Hips-Matrix-animation-input">
        <float_array id="mixamorig_Hips-Matrix-animation-input-array" count="39">

0.000000 0.033333 0.066667 0.100000 0.133333 0.166667 0.200000 0.233333 0.266667 0.300000 0.333333 0.366667 0.400000 0.433333 0.466667 0.500000
0.533333 0.566667 0.600000 0.633333 0.666667 0.700000 0.733333 0.766667 0.800000 0.833333 0.866667 0.900000 0.933333 0.966667 1.000000 1.033333
1.066667 1.100000 1.133333 1.166667 1.200000 1.233333 1.266667</float_array>
        <technique_common>
          <accessor source="#mixamorig_Hips-Matrix-animation-input-array" count="39">
            <param name="TIME" type="float"/>
          </accessor>
        </technique_common>
      </source>
      <source id="mixamorig_Hips-Matrix-animation-output-transform">
        <float_array id="mixamorig_Hips-Matrix-animation-output-transform-array" count="624">

0.827531 -0.195064 -0.526443 -0.471754 -0.027319 0.922597 -0.384796 93.170486 0.560754 0.332812 0.758149 2.077040 0.000000 0.000000 0.000000 1.000000
0.830791 -0.192253 -0.522327 -4.210152 -0.026335 0.923821 -0.381918 93.151184 0.555961 0.331050 0.762439 2.695515 0.000000 0.000000 0.000000 1.000000
0.832868 -0.190651 -0.519598 -7.847291 -0.027349 0.923476 -0.382680 93.005836 0.552795 0.332932 0.763920 3.490398 0.000000 0.000000 0.000000 1.000000
0.832349 -0.191140 -0.520251 -11.392516 -0.032579 0.920159 -0.390188 92.593872 0.553294 0.341722 0.759666 4.500617 0.000000 0.000000 0.000000 1.000000
0.827217 -0.194881 -0.527004 -14.897733 -0.041946 0.913890 -0.403789 91.934647 0.560315 0.356127 0.747811 5.698768 0.000000 0.000000 0.000000 1.000000
0.817409 -0.202039 -0.539464 -18.440926 -0.048910 0.908754 -0.414455 91.259560 0.573977 0.365165 0.732943 6.859488 0.000000 0.000000 0.000000 1.000000
0.800933 -0.217628 -0.557803 -22.213549 -0.048259 0.905112 -0.422425 90.698341 0.596806 0.365253 0.714432 7.883641 0.000000 0.000000 0.000000 1.000000
0.776785 -0.241555 -0.581597 -26.435087 -0.041844 0.901677 -0.430381 90.284698 0.628374 0.358650 0.690302 8.784533 0.000000 0.000000 0.000000 1.000000
0.750541 -0.267255 -0.604370 -30.852814 -0.034536 0.897457 -0.439747 89.916557 0.659921 0.350921 0.664348 9.654058 0.000000 0.000000 0.000000 1.000000
0.726582 -0.294550 -0.620740 -35.802574 -0.027322 0.890347 -0.454463 89.628227 0.686536 0.347165 0.638862 10.490021 0.000000 0.000000 0.000000 1.000000
0.709926 -0.319170 -0.627802 -41.158005 -0.020164 0.881838 -0.471122 89.399826 0.703987 0.347121 0.619604 11.347795 0.000000 0.000000 0.000000 1.000000
0.702768 -0.337714 -0.626153 -46.782028 -0.011833 0.874475 -0.484926 89.330093 0.711321 0.348200 0.610556 12.273287 0.000000 0.000000 0.000000 1.000000
0.706882 -0.343065 -0.618566 -52.453529 -0.004144 0.872483 -0.488626 89.504425 0.707319 0.347964 0.615321 13.184816 0.000000 0.000000 0.000000 1.000000
0.713291 -0.339560 -0.613120 -57.799702 -0.000838 0.874386 -0.485230 89.646706 0.700868 0.346624 0.623407 14.041084 0.000000 0.000000 0.000000 1.000000
0.719950 -0.332568 -0.609155 -62.654556 -0.000135 0.877646 -0.479310 89.677963 0.694026 0.345161 0.631817 14.728189 0.000000 0.000000 0.000000 1.000000
0.729148 -0.322442 -0.603634 -67.424614 -0.001003 0.881543 -0.472103 89.991531 0.684356 0.344839 0.642451 15.256621 0.000000 0.000000 0.000000 1.000000
0.738780 -0.310468 -0.598176 -72.075264 -0.002395 0.886355 -0.462999 90.556564 0.673943 0.343487 0.654078 15.756790 0.000000 0.000000 0.000000 1.000000
0.746745 -0.298929 -0.594149 -76.565308 -0.007590 0.889421 -0.457026 91.147369 0.665067 0.345792 0.661902 16.176155 0.000000 0.000000 0.000000 1.000000
0.753912 -0.286379 -0.591274 -80.939659 -0.015431 0.892026 -0.451722 91.749184 0.656795 0.349682 0.668089 16.501423 0.000000 0.000000 0.000000 1.000000
0.759863 -0.270827 -0.590983 -85.094475 -0.028034 0.894591 -0.446005 92.379349 0.649478 0.355471 0.672175 16.640160 0.000000 0.000000 0.000000 1.000000
0.765324 -0.254383 -0.591243 -89.169785 -0.042698 0.896496 -0.440989 92.988129 0.642227 0.362744 0.675249 16.663761 0.000000 0.000000 0.000000 1.000000
0.771671 -0.239168 -0.589341 -93.283516 -0.057597 0.896519 -0.439245 93.444458 0.633409 0.372897 0.678042 16.490850 0.000000 0.000000 0.000000 1.000000
0.779880 -0.225182 -0.584021 -97.479408 -0.071563 0.894850 -0.440592 93.763062 0.621825 0.385403 0.681761 16.141254 0.000000 0.000000 0.000000 1.000000
0.789894 -0.217267 -0.573466 -101.861252 -0.080647 0.890210 -0.448355 93.849510 0.607917 0.400401 0.685650 15.543183 0.000000 0.000000 0.000000 1.000000
0.799712 -0.209700 -0.562572 -106.244041 -0.089617 0.884830 -0.457215 93.926559 0.593658 0.416056 0.688816 14.926245 0.000000 0.000000 0.000000 1.000000
0.809728 -0.202530 -0.550747 -110.704033 -0.097293 0.879224 -0.466367 93.928947 0.578683 0.431215 0.692228 14.252680 0.000000 0.000000 0.000000 1.000000
0.820350 -0.195835 -0.537285 -115.317482 -0.102444 0.874011 -0.474984 93.791412 0.562611 0.444695 0.696933 13.484724 0.000000 0.000000 0.000000 1.000000
0.833795 -0.191950 -0.517630 -120.408401 -0.099082 0.870357 -0.482350 93.215805 0.543111 0.453469 0.706680 12.421839 0.000000 0.000000 0.000000 1.000000
0.847963 -0.189291 -0.495104 -125.773026 -0.090638 0.868522 -0.487293 92.387589 0.522249 0.458081 0.719317 11.174828 0.000000 0.000000 0.000000 1.000000
0.859144 -0.184233 -0.477419 -131.106537 -0.083352 0.870106 -0.485766 91.588028 0.504900 0.457137 0.732190 9.896755 0.000000 0.000000 0.000000 1.000000
0.862947 -0.172426 -0.474965 -136.297287 -0.085147 0.876914 -0.473046 91.138947 0.498068 0.448656 0.742049 8.631776 0.000000 0.000000 0.000000 1.000000
0.865282 -0.159577 -0.475207 -141.456497 -0.088530 0.884431 -0.458197 90.764328 0.493405 0.438540 0.751155 7.371748 0.000000 0.000000 0.000000 1.000000
0.866139 -0.150294 -0.476671 -146.539459 -0.089425 0.891727 -0.443651 90.529869 0.491738 0.426890 0.758919 6.151676 0.000000 0.000000 0.000000 1.000000
0.859533 -0.160090 -0.485360 -151.226151 -0.076552 0.898634 -0.431969 91.018051 0.505315 0.408446 0.760150 5.143050 0.000000 0.000000 0.000000 1.000000
0.849872 -0.171310 -0.498368 -155.561020 -0.065949 0.903681 -0.423098 91.612183 0.522846 0.392446 0.756715 4.276562 0.000000 0.000000 0.000000 1.000000
0.839271 -0.180849 -0.512755 -159.615051 -0.054744 0.910163 -0.410618 92.208923 0.540951 0.372690 0.753973 3.484771 0.000000 0.000000 0.000000 1.000000
0.830536 -0.189795 -0.523630 -163.613815 -0.042058 0.916093 -0.398755 92.673904 0.555375 0.353203 0.752865 2.810309 0.000000 0.000000 0.000000 1.000000
0.827018 -0.194176 -0.527576 -167.306305 -0.032863 0.920152 -0.390179 92.993515 0.561214 0.340023 0.754601 2.333771 0.000000 0.000000 0.000000 1.000000
0.827531 -0.195064 -0.526443 -170.688004 -0.027318 0.922597 -0.384795 93.170410 0.560754 0.332812 0.758150 2.077064 0.000000 0.000000 0.000000 1.000000</float_array>
        <technique_common>
          <accessor source="#mixamorig_Hips-Matrix-animation-output-transform-array" count="39" stride="16">
            <param type="float4x4"/>
          </accessor>
        </technique_common>
      </source>
      <source id="mixamorig_Hips-Interpolations">
        <Name_array id="mixamorig_Hips-Interpolations-array" count="39">
 LINEAR LINEAR LINEAR LINEAR LINEAR LINEAR LINEAR LINEAR LINEAR LINEAR LINEAR
LINEAR LINEAR LINEAR LINEAR LINEAR LINEAR LINEAR LINEAR LINEAR LINEAR LINEAR LINEAR
LINEAR LINEAR LINEAR LINEAR LINEAR LINEAR LINEAR LINEAR LINEAR LINEAR LINEAR LINEAR
LINEAR LINEAR LINEAR LINEAR</Name_array>
        <technique_common>
          <accessor source="#mixamorig_Hips-Interpolations-array" count="39">
            <param type="name"/>
          </accessor>
        </technique_common>
      </source>
      <sampler id="mixamorig_Hips-Matrix-animation-transform">
        <input semantic="INPUT" source="#mixamorig_Hips-Matrix-animation-input"/>
        <input semantic="OUTPUT" source="#mixamorig_Hips-Matrix-animation-output-transform"/>
        <input semantic="INTERPOLATION" source="#mixamorig_Hips-Interpolations"/>
      </sampler>
      <channel source="#mixamorig_Hips-Matrix-animation-transform" target="mixamorig_Hips/matrix"/>
    </animation>
    <animation id="mixamorig_Spine-anim" name="mixamorig_Spine">
      <source id="mixamorig_Spine-Matrix-animation-input">
        <float_array id="mixamorig_Spine-Matrix-animation-input-array" count="39">

0.000000 0.033333 0.066667 0.100000 0.133333 0.166667 0.200000 0.233333 0.266667 0.300000 0.333333 0.366667 0.400000 0.433333 0.466667 0.500000
0.533333 0.566667 0.600000 0.633333 0.666667 0.700000 0.733333 0.766667 0.800000 0.833333 0.866667 0.900000 0.933333 0.966667 1.000000 1.033333
1.066667 1.100000 1.133333 1.166667 1.200000 1.233333 1.266667</float_array>
        <technique_common>
          <accessor source="#mixamorig_Spine-Matrix-animation-input-array" count="39">
            <param name="TIME" type="float"/>
          </accessor>
        </technique_common>
      </source>
      <source id="mixamorig_Spine-Matrix-animation-output-transform">
        <float_array id="mixamorig_Spine-Matrix-animation-output-transform-array" count="624">

0.994630 0.102156 -0.016619 -0.000000 -0.095869 0.848838 -0.519888 8.536500 -0.039003 0.518689 0.854073 0.187100 0.000000 0.000000 0.000000 1.000000
0.996557 0.081854 -0.013157 0.000000 -0.076739 0.850698 -0.520024 8.536500 -0.031373 0.519243 0.854050 0.187100 0.000000 0.000000 0.000000 1.000000
0.998108 0.061090 -0.006998 -0.000000 -0.056042 0.856938 -0.512364 8.536500 -0.025303 0.511786 0.858740 0.187100 0.000000 0.000000 0.000000 1.000000
0.999214 0.039386 0.004571 0.000000 -0.032083 0.870864 -0.490476 8.536500 -0.023299 0.489944 0.871443 0.187100 0.000000 0.000000 0.000000 1.000000
0.999612 0.018536 0.020813 -0.000000 -0.007109 0.891653 -0.452663 8.536500 -0.026948 0.452339 0.891439 0.187100 0.000000 0.000000 0.000000 1.000000
0.999368 0.008212 0.034590 0.000000 0.006916 0.909463 -0.415728 8.536500 -0.034873 0.415704 0.908831 0.187100 0.000000 0.000000 0.000000 1.000000
0.998913 0.018785 0.042661 0.000000 -0.000943 0.923153 -0.384432 8.536500 -0.046604 0.383974 0.922167 0.187100 0.000000 0.000000 0.000000 1.000000
0.997896 0.044906 0.046758 0.000000 -0.025129 0.932784 -0.359558 8.536500 -0.059762 0.357627 0.931950 0.187100 0.000000 0.000000 0.000000 1.000000
0.995987 0.073577 0.050945 0.000000 -0.052270 0.940341 -0.336194 8.536500 -0.072642 0.332182 0.940414 0.187100 0.000000 0.000000 0.000000 1.000000
0.993507 0.099939 0.054376 0.000000 -0.078088 0.946557 -0.312940 8.536500 -0.082744 0.306662 0.948215 0.187100 0.000000 0.000000 0.000000 1.000000
0.990836 0.122799 0.056259 0.000000 -0.101276 0.951005 -0.292119 8.536500 -0.089375 0.283744 0.954726 0.187100 0.000000 0.000000 0.000000 1.000000
0.987966 0.144759 0.054470 0.000000 -0.123887 0.951490 -0.281636 8.536500 -0.092597 0.271499 0.957974 0.187100 0.000000 0.000000 0.000000 1.000000
0.985821 0.160889 0.047658 -0.000000 -0.140280 0.946055 -0.292063 8.536500 -0.092077 0.281237 0.955211 0.187100 0.000000 0.000000 0.000000 1.000000
0.985003 0.167613 0.040933 -0.000000 -0.147053 0.939632 -0.308978 8.536500 -0.090251 0.298325 0.950188 0.187100 0.000000 0.000000 0.000000 1.000000
0.985099 0.168369 0.035109 0.000000 -0.148161 0.934411 -0.323920 8.536500 -0.087344 0.313891 0.945433 0.187100 0.000000 0.000000 0.000000 1.000000
0.985615 0.166472 0.029163 0.000000 -0.146770 0.928650 -0.340687 8.536500 -0.083797 0.331506 0.939724 0.187100 0.000000 0.000000 0.000000 1.000000
0.985836 0.166153 0.022807 0.000000 -0.146684 0.920154 -0.363044 8.536500 -0.081306 0.354557 0.931493 0.187100 0.000000 0.000000 0.000000 1.000000
0.985866 0.166309 0.020260 -0.000000 -0.146399 0.913952 -0.378495 8.536500 -0.081463 0.370179 0.925382 0.187100 0.000000 0.000000 0.000000 1.000000
0.986070 0.165269 0.018785 0.000000 -0.144687 0.907967 -0.393271 8.536500 -0.082052 0.385075 0.919230 0.187100 0.000000 0.000000 0.000000 1.000000
0.986801 0.160925 0.018086 -0.000000 -0.139418 0.901071 -0.410651 8.536500 -0.082381 0.402710 0.911613 0.187100 0.000000 0.000000 0.000000 1.000000
0.987753 0.154978 0.018048 0.000000 -0.132474 0.894139 -0.427745 8.536500 -0.082429 0.420116 0.903719 0.187100 0.000000 0.000000 0.000000 1.000000
0.988954 0.147069 0.018485 -0.000000 -0.124000 0.889183 -0.440429 8.536500 -0.081210 0.433272 0.897597 0.187100 0.000000 0.000000 0.000000 1.000000
0.990383 0.137024 0.019133 0.000000 -0.113760 0.885212 -0.451064 8.536500 -0.078743 0.444550 0.892286 0.187100 0.000000 0.000000 0.000000 1.000000
0.991349 0.129580 0.020899 0.000000 -0.106428 0.886763 -0.449804 8.536500 -0.076818 0.443689 0.892883 0.187100 0.000000 0.000000 0.000000 1.000000
0.992248 0.122157 0.022845 0.000000 -0.099135 0.888891 -0.447264 8.536500 -0.074943 0.441532 0.894110 0.187100 0.000000 0.000000 0.000000 1.000000
0.992978 0.115725 0.024563 0.000000 -0.092964 0.891698 -0.442981 8.536500 -0.073167 0.437587 0.896194 0.187100 0.000000 0.000000 0.000000 1.000000
0.993459 0.111265 0.025657 0.000000 -0.088999 0.895296 -0.436490 8.536500 -0.071537 0.431352 0.899343 0.187100 0.000000 0.000000 0.000000 1.000000
0.993174 0.113926 0.025015 0.000000 -0.092804 0.901741 -0.422198 8.536500 -0.070657 0.416995 0.906158 0.187100 0.000000 0.000000 0.000000 1.000000
0.992677 0.118436 0.023772 0.000000 -0.098799 0.909249 -0.404357 8.536500 -0.069505 0.399047 0.914292 0.187100 0.000000 0.000000 0.000000 1.000000
0.993368 0.112649 0.023048 0.000000 -0.094647 0.914907 -0.392411 8.536500 -0.065291 0.387627 0.919501 0.187100 0.000000 0.000000 0.000000 1.000000
0.994828 0.098893 0.023200 0.000000 -0.081817 0.915470 -0.393981 8.536500 -0.060200 0.390045 0.918826 0.187100 0.000000 0.000000 0.000000 1.000000
0.996204 0.083793 0.023603 0.000000 -0.067508 0.914774 -0.398286 8.536500 -0.054965 0.395181 0.916957 0.187100 0.000000 0.000000 0.000000 1.000000
0.997176 0.071429 0.023182 0.000000 -0.055961 0.912643 -0.404909 8.536500 -0.050079 0.402468 0.914063 0.187100 0.000000 0.000000 0.000000 1.000000
0.997101 0.074050 0.017488 -0.000000 -0.059749 0.904340 -0.422609 8.536500 -0.047109 0.420339 0.906143 0.187100 0.000000 0.000000 0.000000 1.000000
0.996839 0.078606 0.011519 -0.000000 -0.065451 0.894744 -0.441757 8.536500 -0.045032 0.439607 0.897061 0.187100 0.000000 0.000000 0.000000 1.000000
0.996472 0.083885 0.002780 0.000000 -0.072712 0.879347 -0.470597 8.536500 -0.041921 0.468735 0.882344 0.187100 0.000000 0.000000 0.000000 1.000000
0.995945 0.089751 -0.006185 0.000000 -0.080991 0.864558 -0.495963 8.536500 -0.039165 0.494453 0.868322 0.187100 0.000000 0.000000 0.000000 1.000000
0.995294 0.096075 -0.012642 0.000000 -0.088996 0.854652 -0.511518 8.536500 -0.038339 0.510235 0.859180 0.187100 0.000000 0.000000 0.000000 1.000000
0.994630 0.102163 -0.016565 0.000000 -0.095847 0.848838 -0.519891 8.536500 -0.039053 0.518687 0.854072 0.187100 0.000000 0.000000 0.000000 1.000000</float_array>
        <technique_common>
          <accessor source="#mixamorig_Spine-Matrix-animation-output-transform-array" count="39" stride="16">
            <param type="float4x4"/>
          </accessor>
        </technique_common>
      </source>
      <source id="mixamorig_Spine-Interpolations">
        <Name_array id="mixamorig_Spine-Interpolations-array" count="39">
 LINEAR LINEAR LINEAR LINEAR LINEAR LINEAR LINEAR LINEAR LINEAR LINEAR LINEAR
LINEAR LINEAR LINEAR LINEAR LINEAR LINEAR LINEAR LINEAR LINEAR LINEAR LINEAR LINEAR
LINEAR LINEAR LINEAR LINEAR LINEAR LINEAR LINEAR LINEAR LINEAR LINEAR LINEAR LINEAR
LINEAR LINEAR LINEAR LINEAR</Name_array>
        <technique_common>
          <accessor source="#mixamorig_Spine-Interpolations-array" count="39">
            <param type="name"/>
          </accessor>
        </technique_common>
      </source>
      <sampler id="mixamorig_Spine-Matrix-animation-transform">
        <input semantic="INPUT" source="#mixamorig_Spine-Matrix-animation-input"/>
        <input semantic="OUTPUT" source="#mixamorig_Spine-Matrix-animation-output-transform"/>
        <input semantic="INTERPOLATION" source="#mixamorig_Spine-Interpolations"/>
      </sampler>
      <channel source="#mixamorig_Spine-Matrix-animation-transform" target="mixamorig_Spine/matrix"/>
    </animation>
    <animation id="mixamorig_Spine1-anim" name="mixamorig_Spine1">
      <source id="mixamorig_Spine1-Matrix-animation-input">
        <float_array id="mixamorig_Spine1-Matrix-animation-input-array" count="39">

0.000000 0.033333 0.066667 0.100000 0.133333 0.166667 0.200000 0.233333 0.266667 0.300000 0.333333 0.366667 0.400000 0.433333 0.466667 0.500000
0.533333 0.566667 0.600000 0.633333 0.666667 0.700000 0.733333 0.766667 0.800000 0.833333 0.866667 0.900000 0.933333 0.966667 1.000000 1.033333
1.066667 1.100000 1.133333 1.166667 1.200000 1.233333 1.266667</float_array>
        <technique_common>
          <accessor source="#mixamorig_Spine1-Matrix-animation-input-array" count="39">
            <param name="TIME" type="float"/>
          </accessor>
        </technique_common>
      </source>
      <source id="mixamorig_Spine1-Matrix-animation-output-transform">
        <float_array id="mixamorig_Spine1-Matrix-animation-output-transform-array" count="624">

0.995656 -0.025413 -0.089577 0.000000 0.028517 0.999030 0.033547 9.685800 0.088638 -0.035956 0.995415 0.000000 0.000000 0.000000 0.000000 1.000000
0.995687 -0.017562 -0.091098 0.000000 0.020643 0.999243 0.032981 9.685800 0.090449 -0.034719 0.995296 0.000000 0.000000 0.000000 0.000000 1.000000
0.995775 -0.008673 -0.091411 0.000000 0.011415 0.999499 0.029509 9.685800 0.091110 -0.030428 0.995376 0.000000 0.000000 0.000000 0.000000 1.000000
0.995989 0.001777 -0.089454 0.000000 0.000120 0.999776 0.021186 9.685800 0.089471 -0.021112 0.995766 0.000000 0.000000 0.000000 0.000000 1.000000
0.996348 0.013050 -0.084387 -0.000000 -0.012469 0.999895 0.007409 9.685800 0.084474 -0.006330 0.996406 0.000000 0.000000 0.000000 0.000000 1.000000
0.996760 0.022147 -0.077323 0.000000 -0.022740 0.999718 -0.006800 9.685800 0.077151 0.008536 0.996983 0.000000 0.000000 0.000000 0.000000 1.000000
0.997334 0.027643 -0.067535 0.000000 -0.028981 0.999401 -0.018914 9.685800 0.066971 0.020821 0.997538 0.000000 0.000000 0.000000 0.000000 1.000000
0.997988 0.030487 -0.055593 0.000000 -0.031998 0.999137 -0.026479 9.685800 0.054737 0.028204 0.998102 0.000000 0.000000 0.000000 0.000000 1.000000
0.998507 0.032709 -0.043743 0.000000 -0.034129 0.998901 -0.032120 9.685800 0.042644 0.033565 0.998526 0.000000 0.000000 0.000000 0.000000 1.000000
0.998828 0.033949 -0.034484 0.000000 -0.035073 0.998855 -0.032532 9.685800 0.033340 0.033703 0.998876 -0.000000 0.000000 0.000000 0.000000 1.000000
0.999033 0.033357 -0.028648 0.000000 -0.034183 0.999000 -0.028834 9.685800 0.027658 0.029786 0.999174 0.000000 0.000000 0.000000 0.000000 1.000000
0.999239 0.028807 -0.026287 0.000000 -0.029367 0.999345 -0.021156 9.685800 0.025660 0.021912 0.999431 0.000000 0.000000 0.000000 0.000000 1.000000
0.999344 0.022853 -0.028112 0.000000 -0.023192 0.999661 -0.011814 9.685800 0.027833 0.012458 0.999535 0.000000 0.000000 0.000000 0.000000 1.000000
0.999299 0.020171 -0.031553 0.000000 -0.020358 0.999777 -0.005612 9.685800 0.031433 0.006251 0.999486 0.000000 0.000000 0.000000 0.000000 1.000000
0.999198 0.018797 -0.035344 0.000000 -0.018932 0.999815 -0.003486 9.685800 0.035272 0.004152 0.999369 -0.000000 0.000000 0.000000 0.000000 1.000000
0.999139 0.014485 -0.038876 0.000000 -0.014568 0.999892 -0.001873 9.685800 0.038845 0.002438 0.999242 0.000000 0.000000 0.000000 0.000000 1.000000
0.999123 0.006720 -0.041329 -0.000000 -0.006680 0.999977 0.001100 9.685800 0.041335 -0.000823 0.999145 -0.000000 0.000000 0.000000 0.000000 1.000000
0.999102 -0.001912 -0.042317 0.000000 0.001914 0.999998 0.000021 9.685800 0.042317 -0.000102 0.999104 0.000000 0.000000 0.000000 0.000000 1.000000
0.999039 -0.010466 -0.042551 0.000000 0.010417 0.999945 -0.001379 9.685800 0.042563 0.000935 0.999093 -0.000000 0.000000 0.000000 0.000000 1.000000
0.998959 -0.018436 -0.041727 0.000000 0.018397 0.999830 -0.001331 9.685800 0.041745 0.000562 0.999128 -0.000000 0.000000 0.000000 0.000000 1.000000
0.998848 -0.025909 -0.040392 0.000000 0.025900 0.999664 -0.000749 9.685800 0.040398 -0.000298 0.999184 0.000000 0.000000 0.000000 0.000000 1.000000
0.998739 -0.031957 -0.038719 0.000000 0.031995 0.999488 0.000362 9.685800 0.038688 -0.001600 0.999250 -0.000000 0.000000 0.000000 0.000000 1.000000
0.998615 -0.036537 -0.037848 0.000000 0.036669 0.999324 0.002809 9.685800 0.037720 -0.004193 0.999280 0.000000 0.000000 0.000000 0.000000 1.000000
0.998406 -0.039919 -0.039911 -0.000000 0.040107 0.999188 0.003936 9.685800 0.039721 -0.005530 0.999196 0.000000 0.000000 0.000000 0.000000 1.000000
0.998171 -0.043145 -0.042343 0.000000 0.043394 0.999046 0.004995 9.685800 0.042087 -0.006824 0.999091 -0.000000 0.000000 0.000000 0.000000 1.000000
0.997913 -0.046248 -0.045068 0.000000 0.046547 0.998900 0.005609 9.685800 0.044759 -0.007695 0.998968 0.000000 0.000000 0.000000 0.000000 1.000000
0.997631 -0.049267 -0.048003 0.000000 0.049583 0.998755 0.005398 9.685800 0.047677 -0.007766 0.998833 -0.000000 0.000000 0.000000 0.000000 1.000000
0.997294 -0.052338 -0.051638 0.000000 0.052545 0.998615 0.002671 9.685800 0.051426 -0.005377 0.998662 -0.000000 0.000000 0.000000 0.000000 1.000000
0.996947 -0.054575 -0.055842 -0.000000 0.054572 0.998509 -0.001587 9.685800 0.055845 -0.001465 0.998438 -0.000000 0.000000 0.000000 0.000000 1.000000
0.996749 -0.053182 -0.060531 -0.000000 0.052918 0.998581 -0.005967 9.685800 0.060762 0.002745 0.998148 0.000000 0.000000 0.000000 0.000000 1.000000
0.996607 -0.050135 -0.065276 -0.000000 0.049591 0.998720 -0.009923 9.685800 0.065690 0.006653 0.997818 -0.000000 0.000000 0.000000 0.000000 1.000000
0.996445 -0.046798 -0.070049 -0.000000 0.045952 0.998851 -0.013639 9.685800 0.070607 0.010372 0.997450 0.000000 0.000000 0.000000 0.000000 1.000000
0.996258 -0.043348 -0.074768 0.000000 0.042324 0.998988 -0.015230 9.685800 0.075353 0.012009 0.997085 -0.000000 0.000000 0.000000 0.000000 1.000000
0.996101 -0.039190 -0.079031 0.000000 0.038860 0.999228 -0.005711 9.685800 0.079194 0.002618 0.996856 0.000000 0.000000 0.000000 0.000000 1.000000
0.995949 -0.035095 -0.082783 0.000000 0.035581 0.999357 0.004408 9.685800 0.082575 -0.007336 0.996558 -0.000000 0.000000 0.000000 0.000000 1.000000
0.995813 -0.031367 -0.085862 0.000000 0.032821 0.999340 0.015578 9.685800 0.085317 -0.018331 0.996185 -0.000000 0.000000 0.000000 0.000000 1.000000
0.995709 -0.028310 -0.088106 -0.000000 0.030635 0.999214 0.025148 9.685800 0.087325 -0.027739 0.995794 0.000000 0.000000 0.000000 0.000000 1.000000
0.995668 -0.026379 -0.089162 0.000000 0.029215 0.999103 0.030651 9.685800 0.088273 -0.033123 0.995545 -0.000000 0.000000 0.000000 0.000000 1.000000
0.995673 -0.025386 -0.089387 0.000000 0.028483 0.999031 0.033553 9.685800 0.088449 -0.035954 0.995432 0.000000 0.000000 0.000000 0.000000 1.000000</float_array>
        <technique_common>
          <accessor source="#mixamorig_Spine1-Matrix-animation-output-transform-array" count="39" stride="16">
            <param type="float4x4"/>
          </accessor>
        </technique_common>
      </source>
      <source id="mixamorig_Spine1-Interpolations">
        <Name_array id="mixamorig_Spine1-Interpolations-array" count="39">
 LINEAR LINEAR LINEAR LINEAR LINEAR LINEAR LINEAR LINEAR LINEAR LINEAR LINEAR
LINEAR LINEAR LINEAR LINEAR LINEAR LINEAR LINEAR LINEAR LINEAR LINEAR LINEAR LINEAR
LINEAR LINEAR LINEAR LINEAR LINEAR LINEAR LINEAR LINEAR LINEAR LINEAR LINEAR LINEAR
LINEAR LINEAR LINEAR LINEAR</Name_array>
        <technique_common>
          <accessor source="#mixamorig_Spine1-Interpolations-array" count="39">
            <param type="name"/>
          </accessor>
        </technique_common>
      </source>
      <sampler id="mixamorig_Spine1-Matrix-animation-transform">
        <input semantic="INPUT" source="#mixamorig_Spine1-Matrix-animation-input"/>
        <input semantic="OUTPUT" source="#mixamorig_Spine1-Matrix-animation-output-transform"/>
        <input semantic="INTERPOLATION" source="#mixamorig_Spine1-Interpolations"/>
      </sampler>
      <channel source="#mixamorig_Spine1-Matrix-animation-transform" target="mixamorig_Spine1/matrix"/>
    </animation>
    <animation id="mixamorig_Spine2-anim" name="mixamorig_Spine2">
      <source id="mixamorig_Spine2-Matrix-animation-input">
        <float_array id="mixamorig_Spine2-Matrix-animation-input-array" count="39">

0.000000 0.033333 0.066667 0.100000 0.133333 0.166667 0.200000 0.233333 0.266667 0.300000 0.333333 0.366667 0.400000 0.433333 0.466667 0.500000
0.533333 0.566667 0.600000 0.633333 0.666667 0.700000 0.733333 0.766667 0.800000 0.833333 0.866667 0.900000 0.933333 0.966667 1.000000 1.033333
1.066667 1.100000 1.133333 1.166667 1.200000 1.233333 1.266667</float_array>
        <technique_common>
          <accessor source="#mixamorig_Spine2-Matrix-animation-input-array" count="39">
            <param name="TIME" type="float"/>
          </accessor>
        </technique_common>
      </source>
      <source id="mixamorig_Spine2-Matrix-animation-output-transform">
        <float_array id="mixamorig_Spine2-Matrix-animation-output-transform-array" count="624">

0.995470 -0.035711 -0.088117 0.000000 0.039531 0.998336 0.041993 15.875400 0.086471 -0.045286 0.995225 0.000000 0.000000 0.000000 0.000000 1.000000
0.994795 -0.030515 -0.097224 0.000000 0.034846 0.998460 0.043168 15.875400 0.095757 -0.046332 0.994326 0.000000 0.000000 0.000000 0.000000 1.000000
0.994242 -0.023655 -0.104512 0.000000 0.028152 0.998731 0.041756 15.875400 0.103392 -0.044458 0.993647 0.000000 0.000000 0.000000 0.000000 1.000000
0.994004 -0.014222 -0.108412 0.000000 0.018219 0.999187 0.035962 15.875400 0.107812 -0.037721 0.993455 -0.000000 0.000000 0.000000 0.000000 1.000000
0.994294 -0.002576 -0.106641 -0.000000 0.005253 0.999678 0.024828 15.875400 0.106542 -0.025247 0.993988 0.000000 0.000000 0.000000 0.000000 1.000000
0.994935 0.007533 -0.100239 -0.000000 -0.006316 0.999903 0.012453 15.875400 0.100323 -0.011757 0.994885 0.000000 0.000000 0.000000 0.000000 1.000000
0.995802 0.013706 -0.090506 -0.000000 -0.013634 0.999906 0.001416 15.875400 0.090517 -0.000176 0.995895 0.000000 0.000000 0.000000 0.000000 1.000000
0.996801 0.016937 -0.078110 0.000000 -0.017423 0.999833 -0.005547 15.875400 0.078003 0.006890 0.996929 -0.000000 0.000000 0.000000 0.000000 1.000000
0.997653 0.019495 -0.065640 0.000000 -0.020241 0.999738 -0.010728 15.875400 0.065413 0.012031 0.997786 0.000000 0.000000 0.000000 0.000000 1.000000
0.998239 0.021097 -0.055442 0.000000 -0.021730 0.999705 -0.010851 15.875400 0.055196 0.012036 0.998403 0.000000 0.000000 0.000000 0.000000 1.000000
0.998596 0.020967 -0.048645 0.000000 -0.021339 0.999747 -0.007148 15.875400 0.048482 0.008176 0.998791 -0.000000 0.000000 0.000000 0.000000 1.000000
0.998821 0.016954 -0.045489 0.000000 -0.016970 0.999856 0.000028 15.875400 0.045483 0.000744 0.998965 -0.000000 0.000000 0.000000 0.000000 1.000000
0.998845 0.011568 -0.046633 0.000000 -0.011190 0.999902 0.008357 15.875400 0.046725 -0.007825 0.998877 0.000000 0.000000 0.000000 0.000000 1.000000
0.998756 0.009543 -0.048935 0.000000 -0.008890 0.999869 0.013552 15.875400 0.049058 -0.013100 0.998710 0.000000 0.000000 0.000000 0.000000 1.000000
0.998661 0.008924 -0.050950 0.000000 -0.008183 0.999858 0.014748 15.875400 0.051074 -0.014311 0.998592 -0.000000 0.000000 0.000000 0.000000 1.000000
0.998608 0.005326 -0.052476 0.000000 -0.004528 0.999872 0.015323 15.875400 0.052551 -0.015065 0.998505 -0.000000 0.000000 0.000000 0.000000 1.000000
0.998598 -0.001813 -0.052912 -0.000000 0.002725 0.999849 0.017164 15.875400 0.052873 -0.017284 0.998452 0.000000 0.000000 0.000000 0.000000 1.000000
0.998640 -0.009588 -0.051256 0.000000 0.010377 0.999831 0.015146 15.875400 0.051102 -0.015657 0.998571 0.000000 0.000000 0.000000 0.000000 1.000000
0.998658 -0.017266 -0.048819 0.000000 0.017919 0.999755 0.012982 15.875400 0.048583 -0.013839 0.998723 0.000000 0.000000 0.000000 0.000000 1.000000
0.998661 -0.024471 -0.045589 0.000000 0.025067 0.999607 0.012548 15.875400 0.045264 -0.013674 0.998881 0.000000 0.000000 0.000000 0.000000 1.000000
0.998629 -0.031217 -0.042012 -0.000000 0.031781 0.999413 0.012818 15.875400 0.041587 -0.014136 0.999035 0.000000 0.000000 0.000000 0.000000 1.000000
0.998589 -0.036554 -0.038510 0.000000 0.037111 0.999215 0.013836 15.875400 0.037974 -0.015246 0.999162 -0.000000 0.000000 0.000000 0.000000 1.000000
0.998514 -0.040567 -0.036380 0.000000 0.041179 0.999020 0.016223 15.875400 0.035686 -0.017697 0.999206 -0.000000 0.000000 0.000000 0.000000 1.000000
0.998354 -0.043564 -0.037310 0.000000 0.044230 0.998873 0.017213 15.875400 0.036518 -0.018835 0.999155 -0.000000 0.000000 0.000000 0.000000 1.000000
0.998179 -0.046416 -0.038518 -0.000000 0.047141 0.998723 0.018156 15.875400 0.037627 -0.019938 0.999093 0.000000 0.000000 0.000000 0.000000 1.000000
0.997975 -0.049204 -0.040314 0.000000 0.049984 0.998577 0.018593 15.875400 0.039341 -0.020570 0.999014 -0.000000 0.000000 0.000000 0.000000 1.000000
0.997720 -0.052014 -0.042999 0.000000 0.052830 0.998440 0.018062 15.875400 0.041993 -0.020293 0.998912 -0.000000 0.000000 0.000000 0.000000 1.000000
0.997281 -0.055535 -0.048450 0.000000 0.056296 0.998309 0.014490 15.875400 0.047563 -0.017178 0.998721 0.000000 0.000000 0.000000 0.000000 1.000000
0.996774 -0.057797 -0.055690 -0.000000 0.058398 0.998251 0.009218 15.875400 0.055060 -0.012441 0.998406 0.000000 0.000000 0.000000 0.000000 1.000000
0.996575 -0.052877 -0.063573 0.000000 0.053273 0.998570 0.004552 15.875400 0.063242 -0.007924 0.997967 0.000000 0.000000 0.000000 0.000000 1.000000
0.996436 -0.047205 -0.069910 0.000000 0.047364 0.998878 0.000618 15.875400 0.069802 -0.003927 0.997553 -0.000000 0.000000 0.000000 0.000000 1.000000
0.996248 -0.041476 -0.075953 -0.000000 0.041367 0.999139 -0.003011 15.875400 0.076013 -0.000142 0.997107 -0.000000 0.000000 0.000000 0.000000 1.000000
0.996010 -0.036575 -0.081401 0.000000 0.036301 0.999329 -0.004843 15.875400 0.081523 0.001869 0.996670 0.000000 0.000000 0.000000 0.000000 1.000000
0.995855 -0.035882 -0.083574 -0.000000 0.036216 0.999341 0.002481 15.875400 0.083430 -0.005498 0.996499 -0.000000 0.000000 0.000000 0.000000 1.000000
0.995722 -0.035550 -0.085287 0.000000 0.036614 0.999270 0.010947 15.875400 0.084835 -0.014023 0.996296 0.000000 0.000000 0.000000 0.000000 1.000000
0.995614 -0.035482 -0.086567 0.000000 0.037478 0.999065 0.021542 15.875400 0.085722 -0.024692 0.996013 0.000000 0.000000 0.000000 0.000000 1.000000
0.995539 -0.035436 -0.087441 -0.000000 0.038305 0.998774 0.031361 15.875400 0.086223 -0.034571 0.995676 0.000000 0.000000 0.000000 0.000000 1.000000
0.995500 -0.035412 -0.087899 0.000000 0.038858 0.998529 0.037816 15.875400 0.086430 -0.041062 0.995411 -0.000000 0.000000 0.000000 0.000000 1.000000
0.995484 -0.035402 -0.088078 0.000000 0.039221 0.998347 0.042019 15.875400 0.086444 -0.045284 0.995227 -0.000000 0.000000 0.000000 0.000000 1.000000</float_array>
        <technique_common>
          <accessor source="#mixamorig_Spine2-Matrix-animation-output-transform-array" count="39" stride="16">
            <param type="float4x4"/>
          </accessor>
        </technique_common>
      </source>
      <source id="mixamorig_Spine2-Interpolations">
        <Name_array id="mixamorig_Spine2-Interpolations-array" count="39">
 LINEAR LINEAR LINEAR LINEAR LINEAR LINEAR LINEAR LINEAR LINEAR LINEAR LINEAR
LINEAR LINEAR LINEAR LINEAR LINEAR LINEAR LINEAR LINEAR LINEAR LINEAR LINEAR LINEAR
LINEAR LINEAR LINEAR LINEAR LINEAR LINEAR LINEAR LINEAR LINEAR LINEAR LINEAR LINEAR
LINEAR LINEAR LINEAR LINEAR</Name_array>
        <technique_common>
          <accessor source="#mixamorig_Spine2-Interpolations-array" count="39">
            <param type="name"/>
          </accessor>
        </technique_common>
      </source>
      <sampler id="mixamorig_Spine2-Matrix-animation-transform">
        <input semantic="INPUT" source="#mixamorig_Spine2-Matrix-animation-input"/>
        <input semantic="OUTPUT" source="#mixamorig_Spine2-Matrix-animation-output-transform"/>
        <input semantic="INTERPOLATION" source="#mixamorig_Spine2-Interpolations"/>
      </sampler>
      <channel source="#mixamorig_Spine2-Matrix-animation-transform" target="mixamorig_Spine2/matrix"/>
    </animation>
    <animation id="mixamorig_Neck-anim" name="mixamorig_Neck">
      <source id="mixamorig_Neck-Matrix-animation-input">
        <float_array id="mixamorig_Neck-Matrix-animation-input-array" count="39">

0.000000 0.033333 0.066667 0.100000 0.133333 0.166667 0.200000 0.233333 0.266667 0.300000 0.333333 0.366667 0.400000 0.433333 0.466667 0.500000
0.533333 0.566667 0.600000 0.633333 0.666667 0.700000 0.733333 0.766667 0.800000 0.833333 0.866667 0.900000 0.933333 0.966667 1.000000 1.033333
1.066667 1.100000 1.133333 1.166667 1.200000 1.233333 1.266667</float_array>
        <technique_common>
          <accessor source="#mixamorig_Neck-Matrix-animation-input-array" count="39">
            <param name="TIME" type="float"/>
          </accessor>
        </technique_common>
      </source>
      <source id="mixamorig_Neck-Matrix-animation-output-transform">
        <float_array id="mixamorig_Neck-Matrix-animation-output-transform-array" count="624">

0.943090 0.013036 0.332283 0.000000 -0.067657 0.985854 0.153347 26.173401 -0.325583 -0.167101 0.930630 -0.161200 0.000000 0.000000 0.000000 1.000000
0.943293 0.012446 0.331727 -0.000000 -0.065148 0.986805 0.148229 26.173401 -0.325505 -0.161434 0.931657 -0.161200 0.000000 0.000000 0.000000 1.000000
0.942059 0.012464 0.335215 -0.000000 -0.064654 0.987319 0.144988 26.173401 -0.329157 -0.158260 0.930918 -0.161200 0.000000 0.000000 0.000000 1.000000
0.940379 0.009276 0.340002 0.000000 -0.063196 0.986987 0.147859 26.173401 -0.334206 -0.160531 0.928728 -0.161200 0.000000 0.000000 0.000000 1.000000
0.940709 -0.000156 0.339215 -0.000000 -0.058077 0.985160 0.161512 26.173401 -0.334207 -0.171636 0.926740 -0.161200 0.000000 0.000000 0.000000 1.000000
0.942394 -0.010525 0.334340 -0.000000 -0.052359 0.982544 0.178512 26.173401 -0.330382 -0.185734 0.925392 -0.161200 0.000000 0.000000 0.000000 1.000000
0.944107 -0.017524 0.329174 0.000000 -0.049194 0.979913 0.193261 26.173401 -0.325949 -0.198652 0.924281 -0.161200 0.000000 0.000000 0.000000 1.000000
0.944609 -0.016610 0.327777 0.000000 -0.052853 0.977984 0.201875 26.173401 -0.323914 -0.208017 0.922935 -0.161200 0.000000 0.000000 0.000000 1.000000
0.944690 -0.013883 0.327672 0.000000 -0.057875 0.976368 0.208221 26.173401 -0.322819 -0.215668 0.921561 -0.161200 0.000000 0.000000 0.000000 1.000000
0.943961 -0.009967 0.329908 0.000000 -0.062857 0.975822 0.209332 26.173401 -0.324018 -0.218338 0.920511 -0.161200 0.000000 0.000000 0.000000 1.000000
0.943313 -0.006995 0.331830 -0.000000 -0.065267 0.976348 0.206118 26.173401 -0.325423 -0.216092 0.920546 -0.161200 0.000000 0.000000 0.000000 1.000000
0.942612 0.001927 0.333885 0.000000 -0.072293 0.977441 0.198453 26.173401 -0.325971 -0.211201 0.921486 -0.161200 0.000000 0.000000 0.000000 1.000000
0.942473 0.010861 0.334105 0.000000 -0.080595 0.977371 0.195578 26.173401 -0.324420 -0.211254 0.922021 -0.161200 0.000000 0.000000 0.000000 1.000000
0.941779 0.016710 0.335817 0.000000 -0.088579 0.975813 0.199858 26.173401 -0.324355 -0.217968 0.920480 -0.161200 0.000000 0.000000 0.000000 1.000000
0.940065 0.023794 0.340165 0.000000 -0.098796 0.973781 0.204913 26.173401 -0.326370 -0.226239 0.917768 -0.161200 0.000000 0.000000 0.000000 1.000000
0.938536 0.032035 0.343691 0.000000 -0.107714 0.973145 0.203435 26.173401 -0.327944 -0.227951 0.916783 -0.161200 0.000000 0.000000 0.000000 1.000000
0.938506 0.033295 0.343654 0.000000 -0.108382 0.973437 0.201678 26.173401 -0.327810 -0.226522 0.917185 -0.161200 0.000000 0.000000 0.000000 1.000000
0.940584 0.023594 0.338741 0.000000 -0.100297 0.972377 0.210767 26.173401 -0.324412 -0.232219 0.916969 -0.161200 0.000000 0.000000 0.000000 1.000000
0.942817 0.012123 0.333091 0.000000 -0.089890 0.971559 0.219075 26.173401 -0.320961 -0.236489 0.917091 -0.161200 0.000000 0.000000 0.000000 1.000000
0.944289 0.002441 0.329109 0.000000 -0.078983 0.972431 0.219408 26.173401 -0.319500 -0.233178 0.918449 -0.161200 0.000000 0.000000 0.000000 1.000000
0.945737 -0.007979 0.324835 0.000000 -0.066214 0.973990 0.216701 26.173401 -0.318115 -0.226451 0.920610 -0.161200 0.000000 0.000000 0.000000 1.000000
0.948209 -0.023101 0.316807 0.000000 -0.047059 0.976130 0.212026 26.173401 -0.314143 -0.215953 0.924488 -0.161200 0.000000 0.000000 0.000000 1.000000
0.950895 -0.040276 0.306881 -0.000000 -0.024807 0.978390 0.205273 26.173401 -0.308516 -0.202806 0.929348 -0.161200 0.000000 0.000000 0.000000 1.000000
0.953277 -0.050004 0.297929 0.000000 -0.010842 0.979907 0.199158 26.173401 -0.301902 -0.193083 0.933582 -0.161200 0.000000 0.000000 0.000000 1.000000
0.955450 -0.059080 0.289181 0.000000 0.002426 0.981301 0.192464 26.173401 -0.295144 -0.183189 0.937727 -0.161200 0.000000 0.000000 0.000000 1.000000
0.957438 -0.067217 0.280702 0.000000 0.014160 0.982273 0.186918 26.173401 -0.288290 -0.174988 0.941418 -0.161200 0.000000 0.000000 0.000000 1.000000
0.959306 -0.074061 0.272481 -0.000000 0.023516 0.982592 0.184280 26.173401 -0.281386 -0.170373 0.944349 -0.161200 0.000000 0.000000 0.000000 1.000000
0.961371 -0.076224 0.264491 0.000000 0.025124 0.981182 0.191446 26.173401 -0.274107 -0.177405 0.945195 -0.161200 0.000000 0.000000 0.000000 1.000000
0.963409 -0.075181 0.257277 0.000000 0.022088 0.978861 0.203330 26.173401 -0.267125 -0.190207 0.944704 -0.161200 0.000000 0.000000 0.000000 1.000000
0.964748 -0.073585 0.252678 0.000000 0.019360 0.977357 0.210708 26.173401 -0.262461 -0.198389 0.944328 -0.161200 0.000000 0.000000 0.000000 1.000000
0.963879 -0.054278 0.260750 0.000000 -0.001926 0.977568 0.210612 26.173401 -0.266333 -0.203507 0.942153 -0.161200 0.000000 0.000000 0.000000 1.000000
0.961977 -0.031734 0.271282 -0.000000 -0.026551 0.977658 0.208516 26.173401 -0.271839 -0.207791 0.939642 -0.161200 0.000000 0.000000 0.000000 1.000000
0.959279 -0.009381 0.282303 0.000000 -0.050009 0.978018 0.202436 26.173401 -0.277996 -0.208311 0.937723 -0.161200 0.000000 0.000000 0.000000 1.000000
0.955583 0.011533 0.294498 0.000000 -0.066537 0.981878 0.177447 26.173401 -0.287115 -0.189160 0.939033 -0.161200 0.000000 0.000000 0.000000 1.000000
0.952234 0.019039 0.304775 0.000000 -0.071835 0.984013 0.162968 26.173401 -0.296800 -0.177077 0.938378 -0.161200 0.000000 0.000000 0.000000 1.000000
0.949483 0.017365 0.313338 0.000000 -0.070136 0.984955 0.157941 26.173401 -0.305881 -0.171938 0.936415 -0.161200 0.000000 0.000000 0.000000 1.000000
0.946942 0.014160 0.321094 0.000000 -0.067407 0.985560 0.155329 26.173401 -0.314258 -0.168731 0.934223 -0.161200 0.000000 0.000000 0.000000 1.000000
0.944844 0.012272 0.327291 0.000000 -0.066213 0.985821 0.154182 26.173401 -0.320759 -0.167349 0.932260 -0.161200 0.000000 0.000000 0.000000 1.000000
0.943106 0.012892 0.332241 0.000000 -0.067445 0.985892 0.153194 26.173401 -0.325579 -0.166886 0.930671 -0.161200 0.000000 0.000000 0.000000 1.000000</float_array>
        <technique_common>
          <accessor source="#mixamorig_Neck-Matrix-animation-output-transform-array" count="39" stride="16">
            <param type="float4x4"/>
          </accessor>
        </technique_common>
      </source>
