<?xml version="1.0" encoding="utf-8"?>
<COLLADA xmlns="http://www.collada.org/2005/11/COLLADASchema" version="1.4.1">
  <asset>
    <contributor>
      <author>Mixamo</author>
      <authoring_tool>COLLADA Mixamo exporter</authoring_tool>
      <comments/>
    </contributor>
    <created>2025-11-14T05:17:28Z</created>
    <modified>2025-11-14T05:17:28Z</modified>
    <revision/>
    <title/>
    <unit meter="0.010000"/>
    <up_axis>Y_UP</up_axis>
  </asset>
  <library_animations>
    <animation id="mixamorig_Hips-anim" name="mixamorig_Hips">
      <source id="mixamorig_Hips-Matrix-animation-input">
        <float_array id="mixamorig_Hips-Matrix-animation-input-array" count="84">

0.000000 0.033333 0.066667 0.100000 0.133333 0.166667 0.200000 0.233333 0.266667 0.300000 0.333333 0.366667 0.400000 0.433333 0.466667 0.500000
0.533333 0.566667 0.600000 0.633333 0.666667 0.700000 0.733333 0.766667 0.800000 0.833333 0.866667 0.900000 0.933333 0.966667 1.000000 1.033333
1.066667 1.100000 1.133333 1.166667 1.200000 1.233333 1.266667 1.300000 1.333333 1.366667 1.400000 1.433333 1.466667 1.500000 1.533333 1.566667
1.600000 1.633333 1.666667 1.700000 1.733333 1.766667 1.800000 1.833333 1.866667 1.900000 1.933333 1.966667 2.000000 2.033333 2.066667 2.100000
2.133333 2.166667 2.200000 2.233333 2.266667 2.300000 2.333333 2.366667 2.400000 2.433333 2.466667 2.500000 2.533333 2.566667 2.600000 2.633333
2.666667 2.700000 2.733333 2.766667</float_array>
        <technique_common>
          <accessor source="#mixamorig_Hips-Matrix-animation-input-array" count="84">
            <param name="TIME" type="float"/>
          </accessor>
        </technique_common>
      </source>
      <source id="mixamorig_Hips-Matrix-animation-output-transform">
        <float_array id="mixamorig_Hips-Matrix-animation-output-transform-array" count="1344">

0.988627 0.041030 -0.144683 0.584585 -0.001538 0.964771 0.263087 91.628464 0.150380 -0.259872 0.953862 -2.256799 0.000000 0.000000 0.000000 1.000000
0.986438 0.043035 -0.158391 0.492193 0.000012 0.964996 0.262266 91.639191 0.164134 -0.258712 0.951908 -2.257378 0.000000 0.000000 0.000000 1.000000
0.984065 0.044962 -0.172031 0.385691 0.001600 0.965223 0.261421 91.673332 0.177802 -0.257531 0.949771 -2.279047 0.000000 0.000000 0.000000 1.000000
0.981018 0.046951 -0.188146 0.298093 0.003961 0.965193 0.261509 91.757927 0.193875 -0.257291 0.946686 -2.326850 0.000000 0.000000 0.000000 1.000000
0.976394 0.049077 -0.210350 0.253327 0.008468 0.964401 0.264309 91.977737 0.215833 -0.259851 0.941219 -2.425686 0.000000 0.000000 0.000000 1.000000
0.973207 0.051157 -0.224166 0.228726 0.011200 0.963230 0.268444 92.293053 0.229656 -0.263762 0.936850 -2.500052 0.000000 0.000000 0.000000 1.000000
0.972705 0.052990 -0.225915 0.201175 0.010014 0.963083 0.269017 92.511185 0.231830 -0.263936 0.936265 -2.519466 0.000000 0.000000 0.000000 1.000000
0.972608 0.054784 -0.225903 0.173332 0.008242 0.963093 0.269044 92.718819 0.232304 -0.263536 0.936260 -2.531078 0.000000 0.000000 0.000000 1.000000
0.972626 0.056544 -0.225393 0.144995 0.006348 0.963117 0.269008 92.912567 0.232290 -0.263075 0.936393 -2.539758 0.000000 0.000000 0.000000 1.000000
0.972465 0.058274 -0.225646 0.115958 0.004804 0.963015 0.269404 93.089058 0.233000 -0.263070 0.936219 -2.550374 0.000000 0.000000 0.000000 1.000000
0.971489 0.059756 -0.229429 0.081456 0.005125 0.962196 0.272309 93.126724 0.237027 -0.265721 0.934457 -2.566092 0.000000 0.000000 0.000000 1.000000
0.970324 0.061055 -0.233974 0.033158 0.005871 0.961366 0.275211 92.986893 0.241738 -0.268417 0.932478 -2.577342 0.000000 0.000000 0.000000 1.000000
0.970592 0.060958 -0.232885 -0.107760 0.006344 0.960595 0.277880 92.533554 0.240647 -0.271186 0.931959 -2.584308 0.000000 0.000000 0.000000 1.000000
0.971033 0.060693 -0.231108 -0.259555 0.006774 0.959823 0.280525 92.035202 0.238849 -0.273964 0.931609 -2.590744 0.000000 0.000000 0.000000 1.000000
0.971621 0.060232 -0.228746 -0.422300 0.007206 0.959053 0.283137 91.521469 0.236433 -0.276750 0.931402 -2.596742 0.000000 0.000000 0.000000 1.000000
0.972328 0.059551 -0.225901 -0.596072 0.007688 0.958286 0.285707 91.022018 0.233492 -0.279538 0.931311 -2.602390 0.000000 0.000000 0.000000 1.000000
0.974120 0.057133 -0.218693 -0.863391 0.008482 0.957606 0.287955 90.574738 0.225873 -0.282358 0.932339 -2.604855 0.000000 0.000000 0.000000 1.000000
0.975947 0.054291 -0.211138 -1.140500 0.009283 0.957267 0.289056 90.315018 0.217809 -0.284064 0.933738 -2.606383 0.000000 0.000000 0.000000 1.000000
0.978434 0.050834 -0.200206 -1.448104 0.009084 0.957717 0.287569 90.078545 0.206359 -0.283186 0.936601 -2.616343 0.000000 0.000000 0.000000 1.000000
0.980723 0.046026 -0.189905 -1.709333 0.010248 0.958411 0.285207 89.685837 0.195134 -0.281655 0.939464 -2.687681 0.000000 0.000000 0.000000 1.000000
0.982929 0.039196 -0.179764 -1.930680 0.013360 0.959259 0.282211 89.331032 0.183502 -0.279795 0.942360 -2.747142 0.000000 0.000000 0.000000 1.000000
0.984467 0.024238 -0.173891 -2.166761 0.024731 0.961406 0.274018 89.082481 0.173821 -0.274062 0.945873 -2.774619 0.000000 0.000000 0.000000 1.000000
0.985651 0.007783 -0.168616 -2.406730 0.037722 0.963515 0.264983 88.854942 0.164527 -0.267541 0.949396 -2.797148 0.000000 0.000000 0.000000 1.000000
0.986463 -0.009131 -0.163729 -2.664687 0.051400 0.965350 0.255847 88.644623 0.155720 -0.260800 0.952751 -2.836434 0.000000 0.000000 0.000000 1.000000
0.986425 -0.028329 -0.161753 -3.017284 0.068063 0.966948 0.245723 88.519165 0.149446 -0.253397 0.955749 -2.966747 0.000000 0.000000 0.000000 1.000000
0.986771 -0.033958 -0.158523 -3.216980 0.072291 0.967387 0.242766 88.534065 0.145109 -0.251015 0.957045 -3.039258 0.000000 0.000000 0.000000 1.000000
0.987142 -0.029323 -0.157133 -3.148577 0.067432 0.967670 0.243041 88.684151 0.144927 -0.250511 0.957204 -2.954621 0.000000 0.000000 0.000000 1.000000
0.986745 -0.020680 -0.160955 -2.850172 0.060984 0.966401 0.249699 88.811348 0.150383 -0.256205 0.954853 -2.902903 0.000000 0.000000 0.000000 1.000000
0.985623 -0.017331 -0.168067 -2.496440 0.060712 0.964617 0.256570 88.874420 0.157674 -0.263085 0.951801 -2.835731 0.000000 0.000000 0.000000 1.000000
0.984757 -0.019007 -0.172893 -2.217904 0.064122 0.963670 0.259286 88.854866 0.161684 -0.266420 0.950199 -2.710660 0.000000 0.000000 0.000000 1.000000
0.984791 -0.021678 -0.172387 -2.045921 0.066276 0.964034 0.257383 88.701134 0.160608 -0.264894 0.950808 -2.526308 0.000000 0.000000 0.000000 1.000000
0.985515 -0.024808 -0.167764 -2.031046 0.067736 0.964490 0.255286 88.608368 0.155474 -0.262951 0.952200 -2.349076 0.000000 0.000000 0.000000 1.000000
0.986243 -0.027944 -0.162922 -2.074677 0.069304 0.964700 0.254067 88.564941 0.150071 -0.261863 0.953366 -2.191641 0.000000 0.000000 0.000000 1.000000
0.986443 -0.030768 -0.161193 -2.253727 0.072116 0.963613 0.257390 88.707291 0.147408 -0.265525 0.952768 -2.126074 0.000000 0.000000 0.000000 1.000000
0.986661 -0.032947 -0.159419 -2.442399 0.073876 0.963278 0.258144 88.882401 0.145060 -0.266478 0.952863 -2.068447 0.000000 0.000000 0.000000 1.000000
0.986881 -0.033318 -0.157977 -2.597909 0.073715 0.963518 0.257291 88.947029 0.143641 -0.265561 0.953333 -2.042277 0.000000 0.000000 0.000000 1.000000
0.987285 -0.030582 -0.155988 -2.701381 0.070360 0.964027 0.256323 88.839462 0.142538 -0.264039 0.953922 -2.071358 0.000000 0.000000 0.000000 1.000000
0.988022 -0.026940 -0.151944 -2.764273 0.065671 0.964436 0.256028 88.682373 0.139642 -0.262939 0.954653 -2.329772 0.000000 0.000000 0.000000 1.000000
0.988361 -0.023300 -0.150334 -2.838090 0.061802 0.964479 0.256827 88.690239 0.139010 -0.263129 0.954693 -2.555065 0.000000 0.000000 0.000000 1.000000
0.987414 -0.021617 -0.156671 -2.850318 0.061849 0.964504 0.256722 88.809540 0.145561 -0.263181 0.953702 -2.747668 0.000000 0.000000 0.000000 1.000000
0.986178 -0.020269 -0.164442 -2.849971 0.062580 0.964540 0.256410 88.949455 0.153414 -0.263157 0.952477 -2.934175 0.000000 0.000000 0.000000 1.000000
0.985018 -0.018461 -0.171460 -2.833203 0.062587 0.964733 0.255682 89.084946 0.160693 -0.262583 0.951435 -3.121209 0.000000 0.000000 0.000000 1.000000
0.984635 -0.014111 -0.174053 -2.733044 0.058541 0.965726 0.252877 89.189972 0.164519 -0.259180 0.951714 -3.313077 0.000000 0.000000 0.000000 1.000000
0.984161 -0.008463 -0.177073 -2.560640 0.053824 0.965973 0.252980 89.339149 0.168907 -0.258504 0.951129 -3.432893 0.000000 0.000000 0.000000 1.000000
0.983085 -0.002233 -0.183134 -2.385313 0.049772 0.965552 0.255405 89.578270 0.176255 -0.260200 0.949331 -3.441453 0.000000 0.000000 0.000000 1.000000
0.981371 0.004488 -0.192072 -2.199481 0.046436 0.964546 0.259798 89.807716 0.186428 -0.263877 0.946368 -3.377460 0.000000 0.000000 0.000000 1.000000
0.979414 0.011568 -0.201532 -2.005712 0.043091 0.963365 0.264709 90.013199 0.197211 -0.267944 0.943034 -3.290549 0.000000 0.000000 0.000000 1.000000
0.977290 0.019646 -0.210995 -1.782766 0.038969 0.962051 0.270074 90.108559 0.208294 -0.272163 0.939437 -3.161593 0.000000 0.000000 0.000000 1.000000
0.974683 0.028281 -0.221794 -1.546981 0.035087 0.960332 0.276644 90.090073 0.220820 -0.277423 0.935027 -3.030258 0.000000 0.000000 0.000000 1.000000
0.971919 0.036968 -0.232393 -1.311606 0.031290 0.958511 0.283334 90.055450 0.233225 -0.282650 0.930438 -2.904045 0.000000 0.000000 0.000000 1.000000
0.970405 0.043019 -0.237619 -1.121291 0.027921 0.957416 0.287359 90.104286 0.239863 -0.285489 0.927880 -2.866919 0.000000 0.000000 0.000000 1.000000
0.970377 0.046255 -0.237125 -0.979766 0.024879 0.957151 0.288518 90.239777 0.240310 -0.285870 0.927647 -2.923660 0.000000 0.000000 0.000000 1.000000
0.970905 0.048533 -0.234495 -0.856399 0.021878 0.957174 0.288686 90.397667 0.238463 -0.285417 0.928263 -3.014913 0.000000 0.000000 0.000000 1.000000
0.971767 0.050132 -0.230556 -0.744297 0.018973 0.957399 0.288143 90.576431 0.235180 -0.284382 0.929418 -3.128437 0.000000 0.000000 0.000000 1.000000
0.972743 0.051329 -0.226135 -0.636567 0.016224 0.957739 0.287182 90.774506 0.231319 -0.283023 0.930801 -3.251993 0.000000 0.000000 0.000000 1.000000
0.973625 0.052394 -0.222057 -0.526318 0.013694 0.958101 0.286104 90.990372 0.227743 -0.281599 0.932113 -3.373343 0.000000 0.000000 0.000000 1.000000
0.974219 0.053584 -0.219150 -0.406655 0.011447 0.958393 0.285224 91.222473 0.225316 -0.280379 0.933070 -3.480247 0.000000 0.000000 0.000000 1.000000
0.973350 0.052261 -0.223290 -0.234628 0.013405 0.959055 0.282901 91.782219 0.228932 -0.278355 0.932796 -3.536124 0.000000 0.000000 0.000000 1.000000
0.972795 0.053258 -0.225463 0.019129 0.012554 0.959668 0.280855 92.162170 0.231327 -0.276045 0.932892 -3.575543 0.000000 0.000000 0.000000 1.000000
0.972308 0.054762 -0.227198 0.289738 0.011110 0.960229 0.278994 92.505150 0.233440 -0.273792 0.933029 -3.608208 0.000000 0.000000 0.000000 1.000000
0.972023 0.057544 -0.227727 0.584795 0.008562 0.960201 0.279180 92.795853 0.234728 -0.273319 0.932845 -3.582178 0.000000 0.000000 0.000000 1.000000
0.972014 0.062905 -0.226345 0.924734 0.003750 0.959206 0.282683 93.013802 0.234893 -0.275621 0.932126 -3.454124 0.000000 0.000000 0.000000 1.000000
0.972178 0.069526 -0.223688 1.289121 -0.002169 0.957567 0.288202 93.179482 0.234234 -0.279699 0.931076 -3.267375 0.000000 0.000000 0.000000 1.000000
0.972433 0.074265 -0.221040 1.624248 -0.006226 0.955859 0.293761 93.339058 0.233099 -0.284287 0.929971 -3.099976 0.000000 0.000000 0.000000 1.000000
0.973260 0.068648 -0.219207 1.795169 0.000038 0.954250 0.299009 93.483543 0.229705 -0.291022 0.928731 -3.055334 0.000000 0.000000 0.000000 1.000000
0.975611 0.065036 -0.209652 1.733053 0.000901 0.953906 0.300106 93.327438 0.219506 -0.292975 0.930582 -3.097365 0.000000 0.000000 0.000000 1.000000
0.978027 0.061523 -0.199193 1.648799 0.001277 0.953678 0.300825 93.132164 0.208473 -0.294470 0.932645 -3.149300 0.000000 0.000000 0.000000 1.000000
0.980389 0.058170 -0.188289 1.549252 0.001282 0.953541 0.301261 92.923798 0.197066 -0.295595 0.934767 -3.205879 0.000000 0.000000 0.000000 1.000000
0.982597 0.055039 -0.177408 1.441254 0.001031 0.953462 0.301510 92.728424 0.185747 -0.296446 0.936813 -3.261842 0.000000 0.000000 0.000000 1.000000
0.984571 0.052185 -0.167021 1.331650 0.000641 0.953411 0.301673 92.572128 0.174982 -0.297126 0.938668 -3.311931 0.000000 0.000000 0.000000 1.000000
0.985780 0.052726 -0.159553 1.146414 -0.002486 0.953971 0.299890 92.715195 0.168021 -0.295229 0.940537 -3.327723 0.000000 0.000000 0.000000 1.000000
0.985776 0.053302 -0.159387 1.001687 -0.004274 0.956018 0.293277 92.853539 0.168009 -0.288425 0.942647 -3.275974 0.000000 0.000000 0.000000 1.000000
0.985128 0.054026 -0.163105 0.910333 -0.005498 0.958705 0.284350 92.833366 0.171732 -0.279224 0.944744 -3.187364 0.000000 0.000000 0.000000 1.000000
0.984766 0.053801 -0.165354 0.832318 -0.006198 0.961188 0.275825 92.762909 0.173776 -0.270598 0.946878 -3.089562 0.000000 0.000000 0.000000 1.000000
0.985609 0.051307 -0.161065 0.759495 -0.006122 0.963034 0.269309 92.651688 0.168928 -0.264448 0.949490 -2.985495 0.000000 0.000000 0.000000 1.000000
0.986735 0.047712 -0.155169 0.689604 -0.005039 0.964376 0.264488 92.514908 0.162260 -0.260198 0.951824 -2.884887 0.000000 0.000000 0.000000 1.000000
0.987347 0.042628 -0.152736 0.615837 -0.000737 0.964413 0.264399 92.355568 0.158572 -0.260941 0.952242 -2.816993 0.000000 0.000000 0.000000 1.000000
0.988054 0.038709 -0.149168 0.537644 0.002252 0.964209 0.265132 92.192970 0.154092 -0.262301 0.952604 -2.741140 0.000000 0.000000 0.000000 1.000000
0.988936 0.036476 -0.143790 0.470140 0.003149 0.963917 0.266184 92.035660 0.148311 -0.263691 0.953137 -2.653731 0.000000 0.000000 0.000000 1.000000
0.989927 0.035417 -0.137077 0.429185 0.002469 0.963740 0.266833 91.898315 0.141557 -0.264484 0.953944 -2.542932 0.000000 0.000000 0.000000 1.000000
0.990674 0.034989 -0.131682 0.408510 0.001471 0.963662 0.267122 91.773056 0.136243 -0.264825 0.954623 -2.433281 0.000000 0.000000 0.000000 1.000000
0.990275 0.036562 -0.134233 0.462688 0.000477 0.963952 0.266077 91.688263 0.139122 -0.263553 0.954560 -2.352762 0.000000 0.000000 0.000000 1.000000
0.989501 0.038749 -0.139234 0.523072 -0.000530 0.964354 0.264615 91.653801 0.144524 -0.261763 0.954250 -2.302070 0.000000 0.000000 0.000000 1.000000
0.988627 0.041030 -0.144683 0.584586 -0.001538 0.964771 0.263087 91.628487 0.150380 -0.259872 0.953862 -2.256801 0.000000 0.000000 0.000000 1.000000</float_array>
        <technique_common>
          <accessor source="#mixamorig_Hips-Matrix-animation-output-transform-array" count="84" stride="16">
            <param type="float4x4"/>
          </accessor>
        </technique_common>
      </source>
      <source id="mixamorig_Hips-Interpolations">
        <Name_array id="mixamorig_Hips-Interpolations-array" count="84">
 LINEAR LINEAR LINEAR LINEAR LINEAR LINEAR LINEAR LINEAR LINEAR LINEAR LINEAR
LINEAR LINEAR LINEAR LINEAR LINEAR LINEAR LINEAR LINEAR LINEAR LINEAR LINEAR LINEAR
LINEAR LINEAR LINEAR LINEAR LINEAR LINEAR LINEAR LINEAR LINEAR LINEAR LINEAR LINEAR
LINEAR LINEAR LINEAR LINEAR LINEAR LINEAR LINEAR LINEAR LINEAR LINEAR LINEAR LINEAR
LINEAR LINEAR LINEAR LINEAR LINEAR LINEAR LINEAR LINEAR LINEAR LINEAR LINEAR LINEAR
LINEAR LINEAR LINEAR LINEAR LINEAR LINEAR LINEAR LINEAR LINEAR LINEAR LINEAR LINEAR
LINEAR LINEAR LINEAR LINEAR LINEAR LINEAR LINEAR LINEAR LINEAR LINEAR LINEAR LINEAR
LINEAR</Name_array>
        <technique_common>
          <accessor source="#mixamorig_Hips-Interpolations-array" count="84">
            <param type="name"/>
          </accessor>
        </technique_common>
      </source>
      <sampler id="mixamorig_Hips-Matrix-animation-transform">
        <input semantic="INPUT" source="#mixamorig_Hips-Matrix-animation-input"/>
        <input semantic="OUTPUT" source="#mixamorig_Hips-Matrix-animation-output-transform"/>
        <input semantic="INTERPOLATION" source="#mixamorig_Hips-Interpolations"/>
      </sampler>
      <channel source="#mixamorig_Hips-Matrix-animation-transform" target="mixamorig_Hips/matrix"/>
    </animation>
    <animation id="mixamorig_Spine-anim" name="mixamorig_Spine">
      <source id="mixamorig_Spine-Matrix-animation-input">
        <float_array id="mixamorig_Spine-Matrix-animation-input-array" count="84">

0.000000 0.033333 0.066667 0.100000 0.133333 0.166667 0.200000 0.233333 0.266667 0.300000 0.333333 0.366667 0.400000 0.433333 0.466667 0.500000
0.533333 0.566667 0.600000 0.633333 0.666667 0.700000 0.733333 0.766667 0.800000 0.833333 0.866667 0.900000 0.933333 0.966667 1.000000 1.033333
1.066667 1.100000 1.133333 1.166667 1.200000 1.233333 1.266667 1.300000 1.333333 1.366667 1.400000 1.433333 1.466667 1.500000 1.533333 1.566667
1.600000 1.633333 1.666667 1.700000 1.733333 1.766667 1.800000 1.833333 1.866667 1.900000 1.933333 1.966667 2.000000 2.033333 2.066667 2.100000
2.133333 2.166667 2.200000 2.233333 2.266667 2.300000 2.333333 2.366667 2.400000 2.433333 2.466667 2.500000 2.533333 2.566667 2.600000 2.633333
2.666667 2.700000 2.733333 2.766667</float_array>
        <technique_common>
          <accessor source="#mixamorig_Spine-Matrix-animation-input-array" count="84">
            <param name="TIME" type="float"/>
          </accessor>
        </technique_common>
      </source>
      <source id="mixamorig_Spine-Matrix-animation-output-transform">
        <float_array id="mixamorig_Spine-Matrix-animation-output-transform-array" count="1344">

0.999407 -0.026768 0.021649 -0.000000 0.028754 0.994835 -0.097345 8.536500 -0.018931 0.097909 0.995015 0.187100 0.000000 0.000000 0.000000 1.000000
0.999401 -0.028516 0.019609 -0.000000 0.029893 0.996815 -0.073930 8.536500 -0.017438 0.074472 0.997071 0.187100 0.000000 0.000000 0.000000 1.000000
0.999161 -0.037183 0.017161 0.000000 0.037932 0.998241 -0.045574 8.536500 -0.015436 0.046186 0.998814 0.187100 0.000000 0.000000 0.000000 1.000000
0.998949 -0.042321 0.017581 0.000000 0.043068 0.998079 -0.044536 8.536500 -0.015663 0.045246 0.998853 0.187100 0.000000 0.000000 0.000000 1.000000
0.998666 -0.047132 0.021085 -0.000000 0.048273 0.997187 -0.057346 8.536500 -0.018323 0.058288 0.998132 0.187100 0.000000 0.000000 0.000000 1.000000
0.998600 -0.047273 0.023747 -0.000000 0.048892 0.996134 -0.072979 8.536500 -0.020205 0.074038 0.997051 0.187100 0.000000 0.000000 0.000000 1.000000
0.998486 -0.049167 0.024679 0.000000 0.050960 0.995634 -0.078209 8.536500 -0.020726 0.079348 0.996631 0.187100 0.000000 0.000000 0.000000 1.000000
0.998358 -0.051351 0.025374 0.000000 0.053273 0.995207 -0.082003 8.536500 -0.021042 0.083220 0.996309 0.187100 0.000000 0.000000 0.000000 1.000000
0.998228 -0.053522 0.026007 -0.000000 0.055557 0.994820 -0.085124 8.536500 -0.021317 0.086418 0.996031 0.187100 0.000000 0.000000 0.000000 1.000000
0.998107 -0.055373 0.026755 0.000000 0.057536 0.994428 -0.088330 8.536500 -0.021715 0.089702 0.995732 0.187100 0.000000 0.000000 0.000000 1.000000
0.998081 -0.055250 0.027943 0.000000 0.057571 0.994229 -0.090524 8.536500 -0.022781 0.091959 0.995502 0.187100 0.000000 0.000000 0.000000 1.000000
0.997860 -0.058195 0.029823 0.000000 0.060701 0.993957 -0.091456 8.536500 -0.024321 0.093071 0.995362 0.187100 0.000000 0.000000 0.000000 1.000000
0.997832 -0.058339 0.030459 -0.000000 0.060924 0.993866 -0.092295 8.536500 -0.024887 0.093951 0.995266 0.187100 0.000000 0.000000 0.000000 1.000000
0.997829 -0.058145 0.030929 -0.000000 0.060796 0.993798 -0.093111 8.536500 -0.025323 0.094789 0.995175 0.187100 0.000000 0.000000 0.000000 1.000000
0.997846 -0.057644 0.031299 0.000000 0.060354 0.993746 -0.093952 8.536500 -0.025687 0.095638 0.995085 0.187100 0.000000 0.000000 0.000000 1.000000
0.997881 -0.056866 0.031634 -0.000000 0.059636 0.993702 -0.094868 8.536500 -0.026040 0.096553 0.994987 0.187100 0.000000 0.000000 0.000000 1.000000
0.998061 -0.053677 0.031520 0.000000 0.056487 0.993748 -0.096304 8.536500 -0.026154 0.097898 0.994853 0.187100 0.000000 0.000000 0.000000 1.000000
0.998145 -0.051776 0.032030 0.000000 0.054645 0.993848 -0.096335 8.536500 -0.026845 0.097907 0.994833 0.187100 0.000000 0.000000 0.000000 1.000000
0.998230 -0.050319 0.031702 0.000000 0.053140 0.994005 -0.095548 8.536500 -0.026704 0.097064 0.994920 0.187100 0.000000 0.000000 0.000000 1.000000
0.998465 -0.046159 0.030626 0.000000 0.048902 0.994193 -0.095857 8.536500 -0.026024 0.097208 0.994924 0.187100 0.000000 0.000000 0.000000 1.000000
0.998758 -0.040514 0.029012 0.000000 0.043123 0.994467 -0.095791 8.536500 -0.024971 0.096923 0.994979 0.187100 0.000000 0.000000 0.000000 1.000000
0.999280 -0.025985 0.027657 0.000000 0.028464 0.995222 -0.093396 8.536500 -0.025098 0.094116 0.995245 0.187100 0.000000 0.000000 0.000000 1.000000
0.999605 -0.009626 0.026421 0.000000 0.011983 0.995820 -0.090543 8.536500 -0.025439 0.090824 0.995542 0.187100 0.000000 0.000000 0.000000 1.000000
0.999647 0.009150 0.024929 0.000000 -0.006933 0.996131 -0.087607 8.536500 -0.025634 0.087403 0.995843 0.187100 0.000000 0.000000 0.000000 1.000000
0.998958 0.040163 0.021693 -0.000000 -0.038200 0.995700 -0.084391 8.536500 -0.024989 0.083474 0.996197 0.187100 0.000000 0.000000 0.000000 1.000000
0.998374 0.053374 0.020017 -0.000000 -0.051517 0.995135 -0.083974 8.536500 -0.024402 0.082807 0.996267 0.187100 0.000000 0.000000 0.000000 1.000000
0.998844 0.042824 0.021843 0.000000 -0.040894 0.995773 -0.082241 8.536500 -0.025273 0.081252 0.996373 0.187100 0.000000 0.000000 0.000000 1.000000
0.999508 0.017041 0.026341 -0.000000 -0.014781 0.996380 -0.083719 8.536500 -0.027672 0.083288 0.996141 0.187100 0.000000 0.000000 0.000000 1.000000
0.999548 -0.001608 0.030024 -0.000000 0.004222 0.996182 -0.087199 8.536500 -0.029769 0.087286 0.995738 0.187100 0.000000 0.000000 0.000000 1.000000
0.999405 -0.012658 0.032092 0.000000 0.015519 0.995773 -0.090527 8.536500 -0.030810 0.090972 0.995377 0.187100 0.000000 0.000000 0.000000 1.000000
0.999389 -0.014988 0.031569 0.000000 0.017820 0.995653 -0.091420 8.536500 -0.030062 0.091927 0.995312 0.187100 0.000000 0.000000 0.000000 1.000000
0.999401 -0.014447 0.031459 0.000000 0.017233 0.995775 -0.090196 8.536500 -0.030023 0.090684 0.995427 0.187100 0.000000 0.000000 0.000000 1.000000
0.999414 -0.013345 0.031519 -0.000000 0.016105 0.995903 -0.088982 8.536500 -0.030202 0.089438 0.995534 0.187100 0.000000 0.000000 0.000000 1.000000
0.999412 -0.012317 0.032004 0.000000 0.015153 0.995832 -0.089934 8.536500 -0.030763 0.090366 0.995433 0.187100 0.000000 0.000000 0.000000 1.000000
0.999428 -0.011083 0.031957 0.000000 0.013921 0.995845 -0.089993 8.536500 -0.030827 0.090387 0.995430 0.187100 0.000000 0.000000 0.000000 1.000000
0.999436 -0.010406 0.031915 0.000000 0.013270 0.995773 -0.090884 8.536500 -0.030834 0.091256 0.995350 0.187100 0.000000 0.000000 0.000000 1.000000
0.999454 -0.010415 0.031371 -0.000000 0.013283 0.995609 -0.092658 8.536500 -0.030268 0.093024 0.995204 0.187100 0.000000 0.000000 0.000000 1.000000
0.999491 -0.010054 0.030264 0.000000 0.012973 0.995116 -0.097854 8.536500 -0.029133 0.098197 0.994741 0.187100 0.000000 0.000000 0.000000 1.000000
0.999502 -0.009143 0.030215 0.000000 0.012304 0.994278 -0.106114 8.536500 -0.029072 0.106433 0.993895 0.187100 0.000000 0.000000 0.000000 1.000000
0.999493 -0.008698 0.030626 0.000000 0.012087 0.993605 -0.112264 8.536500 -0.029454 0.112577 0.993206 0.187100 0.000000 0.000000 0.000000 1.000000
0.999481 -0.008346 0.031115 0.000000 0.011965 0.992940 -0.118011 8.536500 -0.029911 0.118322 0.992525 0.187100 0.000000 0.000000 0.000000 1.000000
0.999470 -0.008163 0.031501 0.000000 0.012002 0.992251 -0.123667 8.536500 -0.030247 0.123980 0.991824 0.187100 0.000000 0.000000 0.000000 1.000000
0.999470 -0.008878 0.031325 0.000000 0.012850 0.991562 -0.128991 8.536500 -0.029916 0.129325 0.991151 0.187100 0.000000 0.000000 0.000000 1.000000
0.999473 -0.009213 0.031136 0.000000 0.013391 0.990511 -0.136776 8.536500 -0.029580 0.137121 0.990113 0.187100 0.000000 0.000000 0.000000 1.000000
0.999455 -0.009367 0.031652 0.000000 0.013814 0.989576 -0.143348 8.536500 -0.029979 0.143707 0.989166 0.187100 0.000000 0.000000 0.000000 1.000000
0.999367 -0.012517 0.033292 -0.000000 0.017411 0.988374 -0.151041 8.536500 -0.031014 0.151525 0.987967 0.187100 0.000000 0.000000 0.000000 1.000000
0.999251 -0.016131 0.035186 0.000000 0.021527 0.987069 -0.158846 8.536500 -0.032168 0.159484 0.986676 0.187100 0.000000 0.000000 0.000000 1.000000
0.999132 -0.019173 0.036991 0.000000 0.025069 0.985777 -0.166180 8.536500 -0.033279 0.166963 0.985401 0.187100 0.000000 0.000000 0.000000 1.000000
0.998967 -0.022531 0.039466 -0.000000 0.029038 0.984500 -0.172963 8.536500 -0.034957 0.173930 0.984137 0.187100 0.000000 0.000000 0.000000 1.000000
0.998781 -0.025893 0.042020 -0.000000 0.033034 0.983236 -0.179321 8.536500 -0.036672 0.180490 0.982893 0.187100 0.000000 0.000000 0.000000 1.000000
0.998649 -0.028826 0.043232 0.000000 0.036200 0.982838 -0.180885 8.536500 -0.037276 0.182206 0.982554 0.187100 0.000000 0.000000 0.000000 1.000000
0.998588 -0.031309 0.042926 -0.000000 0.038466 0.983347 -0.177622 8.536500 -0.036650 0.179022 0.983162 0.187100 0.000000 0.000000 0.000000 1.000000
0.998550 -0.033624 0.042039 0.000000 0.040410 0.984144 -0.172704 8.536500 -0.035565 0.174153 0.984076 0.187100 0.000000 0.000000 0.000000 1.000000
0.998526 -0.035825 0.040777 -0.000000 0.042147 0.985125 -0.166592 8.536500 -0.034202 0.168065 0.985182 0.187100 0.000000 0.000000 0.000000 1.000000
0.998504 -0.037965 0.039351 0.000000 0.043792 0.986186 -0.159746 8.536500 -0.032743 0.161230 0.986374 0.187100 0.000000 0.000000 0.000000 1.000000
0.998474 -0.040106 0.037974 0.000000 0.045460 0.987238 -0.152626 8.536500 -0.031368 0.154119 0.987554 0.187100 0.000000 0.000000 0.000000 1.000000
0.998424 -0.042320 0.036861 0.000000 0.047265 0.988200 -0.145694 8.536500 -0.030260 0.147207 0.988643 0.187100 0.000000 0.000000 0.000000 1.000000
0.998292 -0.044970 0.037287 -0.000000 0.049593 0.989725 -0.134109 8.536500 -0.030873 0.135729 0.990265 0.187100 0.000000 0.000000 0.000000 1.000000
0.997987 -0.051130 0.037512 0.000000 0.055383 0.990881 -0.122831 8.536500 -0.030890 0.124661 0.991718 0.187100 0.000000 0.000000 0.000000 1.000000
0.997614 -0.057930 0.037561 -0.000000 0.061800 0.991816 -0.111721 8.536500 -0.030782 0.113776 0.993029 0.187100 0.000000 0.000000 0.000000 1.000000
0.997228 -0.064356 0.037343 -0.000000 0.067885 0.992411 -0.102524 8.536500 -0.030462 0.104775 0.994029 0.187100 0.000000 0.000000 0.000000 1.000000
0.996851 -0.070233 0.036829 -0.000000 0.073491 0.992645 -0.096200 8.536500 -0.029801 0.098603 0.994680 0.187100 0.000000 0.000000 0.000000 1.000000
0.996473 -0.075725 0.036146 -0.000000 0.078765 0.992657 -0.091805 8.536500 -0.028929 0.094328 0.995121 0.187100 0.000000 0.000000 0.000000 1.000000
0.996136 -0.080330 0.035486 0.000000 0.083190 0.992620 -0.088230 8.536500 -0.028136 0.090841 0.995468 0.187100 0.000000 0.000000 0.000000 1.000000
0.996143 -0.080367 0.035204 0.000000 0.083204 0.992608 -0.088349 8.536500 -0.027844 0.090938 0.995467 0.187100 0.000000 0.000000 0.000000 1.000000
0.996166 -0.080530 0.034182 -0.000000 0.083224 0.992768 -0.086517 8.536500 -0.026967 0.089030 0.995664 0.187100 0.000000 0.000000 0.000000 1.000000
0.996195 -0.080642 0.033049 0.000000 0.083182 0.992948 -0.084468 8.536500 -0.026004 0.086896 0.995878 0.187100 0.000000 0.000000 0.000000 1.000000
0.996220 -0.080795 0.031892 0.000000 0.083179 0.993130 -0.082310 8.536500 -0.025022 0.084651 0.996096 0.187100 0.000000 0.000000 0.000000 1.000000
0.996232 -0.081081 0.030793 0.000000 0.083319 0.993295 -0.080149 8.536500 -0.024088 0.082413 0.996307 0.187100 0.000000 0.000000 0.000000 1.000000
0.996219 -0.081594 0.029838 0.000000 0.083705 0.993426 -0.078095 8.536500 -0.023270 0.080297 0.996499 0.187100 0.000000 0.000000 0.000000 1.000000
0.995980 -0.084372 0.030073 0.000000 0.086458 0.993310 -0.076555 8.536500 -0.023412 0.078847 0.996612 0.187100 0.000000 0.000000 0.000000 1.000000
0.995692 -0.087538 0.030584 0.000000 0.089558 0.993340 -0.072488 8.536500 -0.024034 0.074915 0.996900 0.187100 0.000000 0.000000 0.000000 1.000000
0.995379 -0.090786 0.031276 0.000000 0.092673 0.993549 -0.065358 8.536500 -0.025141 0.067955 0.997372 0.187100 0.000000 0.000000 0.000000 1.000000
0.995202 -0.092537 0.031772 0.000000 0.094300 0.993769 -0.059412 8.536500 -0.026076 0.062123 0.997728 0.187100 0.000000 0.000000 0.000000 1.000000
0.995402 -0.090406 0.031650 -0.000000 0.092122 0.994070 -0.057771 8.536500 -0.026240 0.060421 0.997828 0.187100 0.000000 0.000000 0.000000 1.000000
0.995766 -0.086363 0.031502 0.000000 0.088111 0.994353 -0.059142 8.536500 -0.026216 0.061668 0.997752 0.187100 0.000000 0.000000 0.000000 1.000000
0.996259 -0.080197 0.032184 0.000000 0.082222 0.994326 -0.067487 8.536500 -0.026589 0.069881 0.997201 0.187100 0.000000 0.000000 0.000000 1.000000
0.996665 -0.074843 0.032510 0.000000 0.077144 0.994083 -0.076471 8.536500 -0.026595 0.078724 0.996542 0.187100 0.000000 0.000000 0.000000 1.000000
0.997026 -0.070060 0.032096 0.000000 0.072572 0.993709 -0.085292 8.536500 -0.025918 0.087368 0.995839 0.187100 0.000000 0.000000 0.000000 1.000000
0.997328 -0.066351 0.030584 0.000000 0.068886 0.993459 -0.091071 8.536500 -0.024341 0.092934 0.995375 0.187100 0.000000 0.000000 0.000000 1.000000
0.997613 -0.062689 0.028955 0.000000 0.065201 0.993243 -0.096004 8.536500 -0.022741 0.097663 0.994960 0.187100 0.000000 0.000000 0.000000 1.000000
0.997919 -0.058124 0.027918 0.000000 0.060639 0.993158 -0.099797 8.536500 -0.021927 0.101282 0.994616 0.187100 0.000000 0.000000 0.000000 1.000000
0.998747 -0.043383 0.024930 0.000000 0.045651 0.994037 -0.099026 8.536500 -0.020486 0.100040 0.994772 0.187100 0.000000 0.000000 0.000000 1.000000
0.999407 -0.026768 0.021648 0.000000 0.028754 0.994835 -0.097345 8.536500 -0.018931 0.097910 0.995015 0.187100 0.000000 0.000000 0.000000 1.000000</float_array>
        <technique_common>
          <accessor source="#mixamorig_Spine-Matrix-animation-output-transform-array" count="84" stride="16">
            <param type="float4x4"/>
          </accessor>
        </technique_common>
      </source>
      <source id="mixamorig_Spine-Interpolations">
        <Name_array id="mixamorig_Spine-Interpolations-array" count="84">
 LINEAR LINEAR LINEAR LINEAR LINEAR LINEAR LINEAR LINEAR LINEAR LINEAR LINEAR
LINEAR LINEAR LINEAR LINEAR LINEAR LINEAR LINEAR LINEAR LINEAR LINEAR LINEAR LINEAR
LINEAR LINEAR LINEAR LINEAR LINEAR LINEAR LINEAR LINEAR LINEAR LINEAR LINEAR LINEAR
LINEAR LINEAR LINEAR LINEAR LINEAR LINEAR LINEAR LINEAR LINEAR LINEAR LINEAR LINEAR
LINEAR LINEAR LINEAR LINEAR LINEAR LINEAR LINEAR LINEAR LINEAR LINEAR LINEAR LINEAR
LINEAR LINEAR LINEAR LINEAR LINEAR LINEAR LINEAR LINEAR LINEAR LINEAR LINEAR LINEAR
LINEAR LINEAR LINEAR LINEAR LINEAR LINEAR LINEAR LINEAR LINEAR LINEAR LINEAR LINEAR
LINEAR</Name_array>
        <technique_common>
          <accessor source="#mixamorig_Spine-Interpolations-array" count="84">
            <param type="name"/>
          </accessor>
        </technique_common>
      </source>
      <sampler id="mixamorig_Spine-Matrix-animation-transform">
        <input semantic="INPUT" source="#mixamorig_Spine-Matrix-animation-input"/>
        <input semantic="OUTPUT" source="#mixamorig_Spine-Matrix-animation-output-transform"/>
        <input semantic="INTERPOLATION" source="#mixamorig_Spine-Interpolations"/>
      </sampler>
      <channel source="#mixamorig_Spine-Matrix-animation-transform" target="mixamorig_Spine/matrix"/>
    </animation>
    <animation id="mixamorig_Spine1-anim" name="mixamorig_Spine1">
      <source id="mixamorig_Spine1-Matrix-animation-input">
        <float_array id="mixamorig_Spine1-Matrix-animation-input-array" count="84">

0.000000 0.033333 0.066667 0.100000 0.133333 0.166667 0.200000 0.233333 0.266667 0.300000 0.333333 0.366667 0.400000 0.433333 0.466667 0.500000
0.533333 0.566667 0.600000 0.633333 0.666667 0.700000 0.733333 0.766667 0.800000 0.833333 0.866667 0.900000 0.933333 0.966667 1.000000 1.033333
1.066667 1.100000 1.133333 1.166667 1.200000 1.233333 1.266667 1.300000 1.333333 1.366667 1.400000 1.433333 1.466667 1.500000 1.533333 1.566667
1.600000 1.633333 1.666667 1.700000 1.733333 1.766667 1.800000 1.833333 1.866667 1.900000 1.933333 1.966667 2.000000 2.033333 2.066667 2.100000
2.133333 2.166667 2.200000 2.233333 2.266667 2.300000 2.333333 2.366667 2.400000 2.433333 2.466667 2.500000 2.533333 2.566667 2.600000 2.633333
2.666667 2.700000 2.733333 2.766667</float_array>
        <technique_common>
          <accessor source="#mixamorig_Spine1-Matrix-animation-input-array" count="84">
            <param name="TIME" type="float"/>
          </accessor>
        </technique_common>
      </source>
      <source id="mixamorig_Spine1-Matrix-animation-output-transform">
        <float_array id="mixamorig_Spine1-Matrix-animation-output-transform-array" count="1344">

0.999371 -0.012432 0.033207 0.000000 0.011115 0.999156 0.039538 9.685800 -0.033670 -0.039144 0.998666 0.000000 0.000000 0.000000 0.000000 1.000000
0.999441 -0.013061 0.030764 0.000000 0.012509 0.999758 0.018074 9.685800 -0.030993 -0.017679 0.999363 0.000000 0.000000 0.000000 0.000000 1.000000
0.999553 -0.012412 0.027202 0.000000 0.012711 0.999860 -0.010837 9.685800 -0.027064 0.011178 0.999571 0.000000 0.000000 0.000000 0.000000 1.000000
0.999475 -0.014838 0.028794 0.000000 0.015348 0.999728 -0.017564 9.685800 -0.028526 0.017997 0.999431 0.000000 0.000000 0.000000 0.000000 1.000000
0.999186 -0.019609 0.035242 0.000000 0.020153 0.999682 -0.015135 9.685800 -0.034934 0.015833 0.999264 -0.000000 0.000000 0.000000 0.000000 1.000000
0.998961 -0.023142 0.039273 0.000000 0.023560 0.999670 -0.010234 9.685800 -0.039023 0.011149 0.999176 -0.000000 0.000000 0.000000 0.000000 1.000000
0.998821 -0.026376 0.040766 0.000000 0.026755 0.999604 -0.008774 9.685800 -0.040519 0.009854 0.999130 -0.000000 0.000000 0.000000 0.000000 1.000000
0.998684 -0.029616 0.041864 0.000000 0.029965 0.999521 -0.007741 9.685800 -0.041615 0.008986 0.999093 -0.000000 0.000000 0.000000 0.000000 1.000000
0.998543 -0.032709 0.042909 -0.000000 0.033040 0.999429 -0.007035 9.685800 -0.042655 0.008442 0.999054 -0.000000 0.000000 0.000000 0.000000 1.000000
0.998390 -0.035504 0.044242 0.000000 0.035828 0.999337 -0.006548 9.685800 -0.043980 0.008122 0.998999 0.000000 0.000000 0.000000 0.000000 1.000000
0.998230 -0.036103 0.047265 0.000000 0.036531 0.999299 -0.008223 9.685800 -0.046935 0.009935 0.998849 0.000000 0.000000 0.000000 0.000000 1.000000
0.997952 -0.038760 0.050891 0.000000 0.039205 0.999201 -0.007775 9.685800 -0.050549 0.009754 0.998674 0.000000 0.000000 0.000000 0.000000 1.000000
0.997915 -0.038474 0.051817 0.000000 0.038953 0.999207 -0.008269 9.685800 -0.051458 0.010270 0.998622 -0.000000 0.000000 0.000000 0.000000 1.000000
0.997910 -0.037831 0.052383 0.000000 0.038347 0.999225 -0.008879 9.685800 -0.052006 0.010870 0.998588 0.000000 0.000000 0.000000 0.000000 1.000000
0.997927 -0.036871 0.052740 -0.000000 0.037427 0.999253 -0.009593 9.685800 -0.052347 0.011547 0.998562 0.000000 0.000000 0.000000 0.000000 1.000000
0.997956 -0.035636 0.053041 0.000000 0.036236 0.999289 -0.010396 9.685800 -0.052633 0.012297 0.998538 0.000000 0.000000 0.000000 0.000000 1.000000
0.998109 -0.031975 0.052506 0.000000 0.032646 0.999395 -0.011986 9.685800 -0.052091 0.013678 0.998549 0.000000 0.000000 0.000000 0.000000 1.000000
0.998165 -0.028714 0.053318 0.000000 0.029412 0.999491 -0.012345 9.685800 -0.052937 0.013891 0.998501 0.000000 0.000000 0.000000 0.000000 1.000000
0.998229 -0.027579 0.052702 0.000000 0.028284 0.999519 -0.012685 9.685800 -0.052327 0.014153 0.998530 0.000000 0.000000 0.000000 0.000000 1.000000
0.998405 -0.024334 0.050942 0.000000 0.025063 0.999592 -0.013720 9.685800 -0.050588 0.014975 0.998607 0.000000 0.000000 0.000000 0.000000 1.000000
0.998721 -0.018864 0.046905 -0.000000 0.019527 0.999715 -0.013720 9.685800 -0.046632 0.014618 0.998805 0.000000 0.000000 0.000000 0.000000 1.000000
0.998850 -0.013715 0.045949 0.000000 0.014277 0.999827 -0.011911 9.685800 -0.045777 0.012554 0.998873 -0.000000 0.000000 0.000000 0.000000 1.000000
0.998923 -0.008666 0.045584 -0.000000 0.009121 0.999910 -0.009792 9.685800 -0.045495 0.010197 0.998913 0.000000 0.000000 0.000000 0.000000 1.000000
0.998973 -0.004249 0.045116 0.000000 0.004619 0.999957 -0.008097 9.685800 -0.045079 0.008297 0.998949 0.000000 0.000000 0.000000 0.000000 1.000000
0.999036 -0.003186 0.043787 0.000000 0.003574 0.999955 -0.008779 9.685800 -0.043757 0.008927 0.999002 0.000000 0.000000 0.000000 0.000000 1.000000
0.999057 -0.004151 0.043219 0.000000 0.004542 0.999950 -0.008947 9.685800 -0.043180 0.009135 0.999026 0.000000 0.000000 0.000000 0.000000 1.000000
0.999008 -0.002354 0.044468 0.000000 0.002672 0.999971 -0.007094 9.685800 -0.044450 0.007206 0.998986 0.000000 0.000000 0.000000 0.000000 1.000000
0.998853 0.004238 0.047693 0.000000 -0.003962 0.999975 -0.005877 9.685800 -0.047717 0.005681 0.998845 -0.000000 0.000000 0.000000 0.000000 1.000000
0.998667 0.009712 0.050690 0.000000 -0.009437 0.999939 -0.005670 9.685800 -0.050742 0.005184 0.998698 0.000000 0.000000 0.000000 0.000000 1.000000
0.998552 0.014247 0.051883 0.000000 -0.013957 0.999885 -0.005947 9.685800 -0.051962 0.005214 0.998635 -0.000000 0.000000 0.000000 0.000000 1.000000
0.998645 0.013434 0.050277 0.000000 -0.013134 0.999894 -0.006285 9.685800 -0.050356 0.005617 0.998716 -0.000000 0.000000 0.000000 0.000000 1.000000
0.998630 0.014819 0.050183 0.000000 -0.014564 0.999879 -0.005441 9.685800 -0.050257 0.004703 0.998725 0.000000 0.000000 0.000000 0.000000 1.000000
0.998585 0.016635 0.050501 0.000000 -0.016406 0.999853 -0.004953 9.685800 -0.050576 0.004117 0.998712 0.000000 0.000000 0.000000 0.000000 1.000000
0.998511 0.018413 0.051347 0.000000 -0.018056 0.999809 -0.007424 9.685800 -0.051474 0.006486 0.998653 0.000000 0.000000 0.000000 0.000000 1.000000
0.998490 0.020859 0.050816 -0.000000 -0.020498 0.999761 -0.007630 9.685800 -0.050963 0.006577 0.998679 0.000000 0.000000 0.000000 0.000000 1.000000
0.998488 0.021381 0.050637 0.000000 -0.021026 0.999750 -0.007544 9.685800 -0.050786 0.006468 0.998689 0.000000 0.000000 0.000000 0.000000 1.000000
0.998563 0.019764 0.049819 0.000000 -0.019314 0.999768 -0.009505 9.685800 -0.049995 0.008529 0.998713 0.000000 0.000000 0.000000 0.000000 1.000000
0.998693 0.017178 0.048133 -0.000000 -0.016771 0.999820 -0.008846 9.685800 -0.048277 0.008028 0.998802 0.000000 0.000000 0.000000 0.000000 1.000000
0.998710 0.014836 0.048565 0.000000 -0.014685 0.999886 -0.003461 9.685800 -0.048611 0.002743 0.998814 0.000000 0.000000 0.000000 0.000000 1.000000
0.998675 0.015122 0.049199 0.000000 -0.015122 0.999886 -0.000362 9.685800 -0.049199 -0.000383 0.998789 0.000000 0.000000 0.000000 0.000000 1.000000
0.998629 0.015874 0.049873 -0.000000 -0.016009 0.999869 0.002315 9.685800 -0.049830 -0.003110 0.998753 0.000000 0.000000 0.000000 0.000000 1.000000
0.998594 0.016232 0.050473 0.000000 -0.016510 0.999851 0.005104 9.685800 -0.050382 -0.005930 0.998712 0.000000 0.000000 0.000000 0.000000 1.000000
0.998614 0.014349 0.050636 0.000000 -0.014805 0.999853 0.008641 9.685800 -0.050504 -0.009379 0.998680 0.000000 0.000000 0.000000 0.000000 1.000000
0.998630 0.009883 0.051379 -0.000000 -0.010569 0.999858 0.013104 9.685800 -0.051242 -0.013629 0.998593 0.000000 0.000000 0.000000 0.000000 1.000000
0.998568 0.004600 0.053293 0.000000 -0.005468 0.999855 0.016156 9.685800 -0.053211 -0.016424 0.998448 0.000000 0.000000 0.000000 0.000000 1.000000
0.998434 0.001220 0.055933 0.000000 -0.002353 0.999793 0.020188 9.685800 -0.055897 -0.020288 0.998230 0.000000 0.000000 0.000000 0.000000 1.000000
0.998272 -0.002215 0.058721 0.000000 0.000773 0.999698 0.024555 9.685800 -0.058758 -0.024467 0.997972 -0.000000 0.000000 0.000000 0.000000 1.000000
0.998072 -0.007755 0.061572 -0.000000 0.005941 0.999545 0.029583 9.685800 -0.061774 -0.029160 0.997664 -0.000000 0.000000 0.000000 0.000000 1.000000
0.997739 -0.014906 0.065530 0.000000 0.012711 0.999348 0.033786 9.685800 -0.065991 -0.032877 0.997278 0.000000 0.000000 0.000000 0.000000 1.000000
