<?xml version="1.0" encoding="utf-8"?>
<COLLADA xmlns="http://www.collada.org/2005/11/COLLADASchema" version="1.4.1">
  <asset>
    <contributor>
      <author>Mixamo</author>
      <authoring_tool>COLLADA Mixamo exporter</authoring_tool>
      <comments/>
    </contributor>
    <created>2025-11-14T05:17:38Z</created>
    <modified>2025-11-14T05:17:38Z</modified>
    <revision/>
    <title/>
    <unit meter="0.010000"/>
    <up_axis>Y_UP</up_axis>
  </asset>
  <library_animations>
    <animation id="mixamorig_Hips-anim" name="mixamorig_Hips">
      <source id="mixamorig_Hips-Matrix-animation-input">
        <float_array id="mixamorig_Hips-Matrix-animation-input-array" count="42">

0.000000 0.033333 0.066667 0.100000 0.133333 0.166667 0.200000 0.233333 0.266667 0.300000 0.333333 0.366667 0.400000 0.433333 0.466667 0.500000
0.533333 0.566667 0.600000 0.633333 0.666667 0.700000 0.733333 0.766667 0.800000 0.833333 0.866667 0.900000 0.933333 0.966667 1.000000 1.033333
1.066667 1.100000 1.133333 1.166667 1.200000 1.233333 1.266667 1.300000 1.333333 1.366667</float_array>
        <technique_common>
          <accessor source="#mixamorig_Hips-Matrix-animation-input-array" count="42">
            <param name="TIME" type="float"/>
          </accessor>
        </technique_common>
      </source>
      <source id="mixamorig_Hips-Matrix-animation-output-transform">
        <float_array id="mixamorig_Hips-Matrix-animation-output-transform-array" count="672">

0.522569 -0.060166 -0.850471 0.204824 0.069742 0.997181 -0.027692 100.640038 0.849740 -0.044842 0.525292 -0.652139 0.000000 0.000000 0.000000 1.000000
0.616494 -0.016933 -0.787177 0.502478 0.077335 0.996237 0.039136 101.002197 0.783552 -0.085003 0.615484 -2.008540 0.000000 0.000000 0.000000 1.000000
0.680851 0.011716 -0.732328 0.457891 0.078354 0.992969 0.088732 101.537231 0.728219 -0.117794 0.675146 -3.991732 0.000000 0.000000 0.000000 1.000000
0.716895 0.026691 -0.696670 0.164679 0.080671 0.989379 0.120919 101.773613 0.692498 -0.142887 0.707127 -5.906258 0.000000 0.000000 0.000000 1.000000
0.747596 0.038748 -0.663023 -0.355499 0.084206 0.984710 0.152495 101.933327 0.658794 -0.169836 0.732902 -8.251831 0.000000 0.000000 0.000000 1.000000
0.776727 0.048550 -0.627963 -0.783316 0.094363 0.976801 0.192237 101.976326 0.622728 -0.208572 0.754127 -11.387939 0.000000 0.000000 0.000000 1.000000
0.789143 0.050665 -0.612117 -0.986920 0.105028 0.970783 0.215754 101.948837 0.605164 -0.234551 0.760765 -15.041613 0.000000 0.000000 0.000000 1.000000
0.788353 0.035346 -0.614207 -0.941707 0.119857 0.970395 0.209683 101.731705 0.603435 -0.238921 0.760777 -19.051071 0.000000 0.000000 0.000000 1.000000
0.775858 0.008404 -0.630851 -0.785850 0.133377 0.975127 0.177026 100.851532 0.616648 -0.221488 0.755439 -23.518068 0.000000 0.000000 0.000000 1.000000
0.741121 -0.034405 -0.670490 -0.373632 0.153166 0.981014 0.118962 99.319328 0.653667 -0.190861 0.732319 -28.662807 0.000000 0.000000 0.000000 1.000000
0.696444 -0.049738 -0.715886 0.517180 0.157560 0.983851 0.084926 97.673615 0.700101 -0.171941 0.693033 -34.829468 0.000000 0.000000 0.000000 1.000000
0.652232 -0.037674 -0.757083 1.730186 0.135317 0.988508 0.067386 96.278229 0.745844 -0.146398 0.649834 -41.692715 0.000000 0.000000 0.000000 1.000000
0.622110 -0.044691 -0.781653 2.694499 0.127787 0.990778 0.045057 95.608208 0.772431 -0.127916 0.622084 -49.364185 0.000000 0.000000 0.000000 1.000000
0.622692 -0.044826 -0.781182 3.707832 0.127892 0.990762 0.045093 96.460281 0.771945 -0.127986 0.622672 -57.456890 0.000000 0.000000 0.000000 1.000000
0.630480 -0.037029 -0.775322 4.772360 0.103584 0.993941 0.036763 97.638481 0.769263 -0.103489 0.630495 -65.009888 0.000000 0.000000 0.000000 1.000000
0.629243 -0.025183 -0.776801 5.977775 0.061070 0.997987 0.017116 98.767441 0.774806 -0.058209 0.629514 -71.784904 0.000000 0.000000 0.000000 1.000000
0.620427 -0.025389 -0.783853 7.206714 0.014722 0.999677 -0.020727 99.831100 0.784126 0.001319 0.620600 -77.599899 0.000000 0.000000 0.000000 1.000000
0.626289 -0.043496 -0.778377 8.210540 -0.023104 0.996968 -0.074300 101.022339 0.779249 0.064517 0.623385 -82.440430 0.000000 0.000000 0.000000 1.000000
0.631015 -0.070153 -0.772592 8.912520 -0.029867 0.992967 -0.114558 102.517365 0.775195 0.095363 0.624483 -87.299675 0.000000 0.000000 0.000000 1.000000
0.620852 -0.093649 -0.778314 9.610785 -0.012695 0.991508 -0.129427 104.002205 0.783825 0.090236 0.614391 -91.880432 0.000000 0.000000 0.000000 1.000000
0.621885 -0.091293 -0.777769 10.039146 0.003458 0.993492 -0.113850 104.967010 0.783101 0.068112 0.618154 -96.213356 0.000000 0.000000 0.000000 1.000000
0.641864 -0.079674 -0.762668 10.228925 0.020664 0.996023 -0.086662 105.207321 0.766540 0.039866 0.640958 -100.400307 0.000000 0.000000 0.000000 1.000000
0.653060 -0.073289 -0.753751 10.192097 0.041541 0.997274 -0.060976 104.772461 0.756166 0.008509 0.654325 -104.563316 0.000000 0.000000 0.000000 1.000000
0.648586 -0.070667 -0.757853 10.032308 0.056916 0.997396 -0.044294 103.895935 0.759010 -0.014405 0.650919 -108.376007 0.000000 0.000000 0.000000 1.000000
0.620241 -0.074681 -0.780849 9.674062 0.062653 0.996994 -0.045588 102.359398 0.781906 -0.020647 0.623055 -112.045181 0.000000 0.000000 0.000000 1.000000
0.570960 -0.067585 -0.818192 9.296878 0.050590 0.997608 -0.047102 100.249741 0.819418 -0.014499 0.573013 -115.526428 0.000000 0.000000 0.000000 1.000000
0.489350 -0.039341 -0.871200 9.044308 0.019012 0.999226 -0.034443 98.603577 0.871880 0.000291 0.489719 -118.180511 0.000000 0.000000 0.000000 1.000000
0.423462 -0.054789 -0.904255 8.192188 0.039139 0.998344 -0.042161 98.014374 0.905068 -0.017538 0.424906 -120.204147 0.000000 0.000000 0.000000 1.000000
0.414346 -0.056454 -0.908367 7.440934 0.058944 0.997643 -0.035115 98.352615 0.908209 -0.038993 0.416697 -121.420494 0.000000 0.000000 0.000000 1.000000
0.415421 -0.055877 -0.907912 6.708831 0.079575 0.996517 -0.024920 98.865585 0.906142 -0.061895 0.418420 -122.478874 0.000000 0.000000 0.000000 1.000000
0.418300 -0.054994 -0.906642 5.980554 0.098218 0.995051 -0.015042 99.391838 0.902983 -0.082756 0.421632 -123.431816 0.000000 0.000000 0.000000 1.000000
0.432166 -0.052842 -0.900244 5.266300 0.104504 0.994491 -0.008206 99.930725 0.895718 -0.090532 0.435307 -123.875053 0.000000 0.000000 0.000000 1.000000
0.444111 -0.043626 -0.894909 4.655465 0.098875 0.995100 0.000558 100.426300 0.890499 -0.088732 0.446248 -124.152374 0.000000 0.000000 0.000000 1.000000
0.452213 -0.033971 -0.891263 4.058182 0.090885 0.995828 0.008157 100.882324 0.887267 -0.084691 0.453414 -124.390495 0.000000 0.000000 0.000000 1.000000
0.443651 -0.029840 -0.895703 3.425242 0.085227 0.996321 0.009022 101.184036 0.892138 -0.080341 0.444562 -124.598518 0.000000 0.000000 0.000000 1.000000
0.457303 -0.033007 -0.888698 2.841918 0.083320 0.996506 0.005863 101.064934 0.885399 -0.076728 0.458456 -124.691521 0.000000 0.000000 0.000000 1.000000
0.473741 -0.036671 -0.879900 2.249517 0.081496 0.996671 0.002340 100.890732 0.876885 -0.072817 0.475152 -124.787399 0.000000 0.000000 0.000000 1.000000
0.490976 -0.040609 -0.870226 1.668991 0.079511 0.996833 -0.001657 100.698364 0.867537 -0.068378 0.492650 -124.867104 0.000000 0.000000 0.000000 1.000000
0.507081 -0.044642 -0.860742 1.121289 0.077232 0.996994 -0.006209 100.524780 0.858431 -0.063328 0.509004 -124.911591 0.000000 0.000000 0.000000 1.000000
0.520200 -0.048651 -0.852657 0.627360 0.074631 0.997146 -0.011364 100.406906 0.850777 -0.057723 0.522347 -124.901817 0.000000 0.000000 0.000000 1.000000
0.523844 -0.053950 -0.850104 0.353897 0.072097 0.997219 -0.018859 100.474960 0.848758 -0.051411 0.526277 -124.663742 0.000000 0.000000 0.000000 1.000000
0.522569 -0.060166 -0.850471 0.204833 0.069742 0.997181 -0.027692 100.640175 0.849740 -0.044842 0.525292 -124.295784 0.000000 0.000000 0.000000 1.000000</float_array>
        <technique_common>
          <accessor source="#mixamorig_Hips-Matrix-animation-output-transform-array" count="42" stride="16">
            <param type="float4x4"/>
          </accessor>
        </technique_common>
      </source>
      <source id="mixamorig_Hips-Interpolations">
        <Name_array id="mixamorig_Hips-Interpolations-array" count="42">
 LINEAR LINEAR LINEAR LINEAR LINEAR LINEAR LINEAR LINEAR LINEAR LINEAR LINEAR
LINEAR LINEAR LINEAR LINEAR LINEAR LINEAR LINEAR LINEAR LINEAR LINEAR LINEAR LINEAR
LINEAR LINEAR LINEAR LINEAR LINEAR LINEAR LINEAR LINEAR LINEAR LINEAR LINEAR LINEAR
LINEAR LINEAR LINEAR LINEAR LINEAR LINEAR LINEAR</Name_array>
        <technique_common>
          <accessor source="#mixamorig_Hips-Interpolations-array" count="42">
            <param type="name"/>
          </accessor>
        </technique_common>
      </source>
      <sampler id="mixamorig_Hips-Matrix-animation-transform">
        <input semantic="INPUT" source="#mixamorig_Hips-Matrix-animation-input"/>
        <input semantic="OUTPUT" source="#mixamorig_Hips-Matrix-animation-output-transform"/>
        <input semantic="INTERPOLATION" source="#mixamorig_Hips-Interpolations"/>
      </sampler>
      <channel source="#mixamorig_Hips-Matrix-animation-transform" target="mixamorig_Hips/matrix"/>
    </animation>
    <animation id="mixamorig_Spine-anim" name="mixamorig_Spine">
      <source id="mixamorig_Spine-Matrix-animation-input">
        <float_array id="mixamorig_Spine-Matrix-animation-input-array" count="42">

0.000000 0.033333 0.066667 0.100000 0.133333 0.166667 0.200000 0.233333 0.266667 0.300000 0.333333 0.366667 0.400000 0.433333 0.466667 0.500000
0.533333 0.566667 0.600000 0.633333 0.666667 0.700000 0.733333 0.766667 0.800000 0.833333 0.866667 0.900000 0.933333 0.966667 1.000000 1.033333
1.066667 1.100000 1.133333 1.166667 1.200000 1.233333 1.266667 1.300000 1.333333 1.366667</float_array>
        <technique_common>
          <accessor source="#mixamorig_Spine-Matrix-animation-input-array" count="42">
            <param name="TIME" type="float"/>
          </accessor>
        </technique_common>
      </source>
      <source id="mixamorig_Spine-Matrix-animation-output-transform">
        <float_array id="mixamorig_Spine-Matrix-animation-output-transform-array" count="672">

0.998816 0.048626 0.001208 -0.000000 -0.047275 0.976313 -0.211136 8.536500 -0.011446 0.210829 0.977456 0.187100 0.000000 0.000000 0.000000 1.000000
0.998655 0.051633 -0.004786 0.000000 -0.051357 0.972114 -0.228815 8.536500 -0.007162 0.228753 0.973458 0.187100 0.000000 0.000000 0.000000 1.000000
0.999321 0.036825 -0.000886 0.000000 -0.035962 0.970122 -0.239938 8.536500 -0.007976 0.239807 0.970788 0.187100 0.000000 0.000000 0.000000 1.000000
0.999804 0.019630 0.002688 0.000000 -0.018463 0.972296 -0.233025 8.536500 -0.007188 0.232929 0.972467 0.187100 0.000000 0.000000 0.000000 1.000000
0.999927 0.011917 0.001750 0.000000 -0.011217 0.974269 -0.225110 8.536500 -0.004387 0.225074 0.974332 0.187100 0.000000 0.000000 0.000000 1.000000
0.999991 0.003579 0.002384 0.000000 -0.002958 0.974843 -0.222874 8.536500 -0.003121 0.222865 0.974844 0.187100 0.000000 0.000000 0.000000 1.000000
0.999897 -0.007763 0.012049 0.000000 0.010250 0.974869 -0.222543 8.536500 -0.010018 0.222644 0.974848 0.187100 0.000000 0.000000 0.000000 1.000000
0.999497 -0.020240 0.024413 -0.000000 0.025104 0.975379 -0.219101 8.536500 -0.019377 0.219604 0.975397 0.187100 0.000000 0.000000 0.000000 1.000000
0.999141 -0.024691 0.033290 0.000000 0.031231 0.976540 -0.213058 8.536500 -0.027248 0.213914 0.976472 0.187100 0.000000 0.000000 0.000000 1.000000
0.999163 -0.011426 0.039265 0.000000 0.019110 0.979343 -0.201299 8.536500 -0.036154 0.201881 0.978742 0.187100 0.000000 0.000000 0.000000 1.000000
0.999229 -0.000124 0.039251 -0.000000 0.008401 0.977496 -0.210788 8.536500 -0.038341 0.210956 0.976743 0.187100 0.000000 0.000000 0.000000 1.000000
0.999335 -0.001958 0.036411 -0.000000 0.010320 0.972921 -0.230907 8.536500 -0.034973 0.231129 0.972294 0.187100 0.000000 0.000000 0.000000 1.000000
0.999567 0.004281 0.029127 0.000000 0.002709 0.971792 -0.235824 8.536500 -0.029315 0.235800 0.971359 0.187100 0.000000 0.000000 0.000000 1.000000
0.999681 0.016175 0.019394 0.000000 -0.011014 0.970330 -0.241533 8.536500 -0.022725 0.241242 0.970199 0.187100 0.000000 0.000000 0.000000 1.000000
0.999742 0.018172 0.013600 0.000000 -0.014262 0.969057 -0.246423 8.536500 -0.017657 0.246166 0.969067 0.187100 0.000000 0.000000 0.000000 1.000000
0.999782 0.017545 0.011301 0.000000 -0.014143 0.967804 -0.251308 8.536500 -0.015347 0.251094 0.967841 0.187100 0.000000 0.000000 0.000000 1.000000
0.999568 0.027622 0.010020 0.000000 -0.024128 0.966221 -0.256582 8.536500 -0.016769 0.256229 0.966471 0.187100 0.000000 0.000000 0.000000 1.000000
0.999172 0.040050 0.007157 0.000000 -0.036927 0.966590 -0.253654 8.536500 -0.017077 0.253180 0.967268 0.187100 0.000000 0.000000 0.000000 1.000000
0.998506 0.054478 0.004351 0.000000 -0.051709 0.967515 -0.247467 8.536500 -0.017691 0.246872 0.968886 0.187100 0.000000 0.000000 0.000000 1.000000
0.997970 0.063607 0.003073 0.000000 -0.060932 0.967802 -0.244227 8.536500 -0.018508 0.243544 0.969713 0.187100 0.000000 0.000000 0.000000 1.000000
0.997711 0.067579 -0.002291 -0.000000 -0.066077 0.967226 -0.245169 8.536500 -0.014353 0.244759 0.969478 0.187100 0.000000 0.000000 0.000000 1.000000
0.997581 0.068737 -0.010389 0.000000 -0.069175 0.966688 -0.246431 8.536500 -0.006896 0.246553 0.969105 0.187100 0.000000 0.000000 0.000000 1.000000
0.997517 0.068531 -0.016209 0.000000 -0.070415 0.967565 -0.242612 8.536500 -0.000943 0.243151 0.969988 0.187100 0.000000 0.000000 0.000000 1.000000
0.997582 0.067933 -0.014652 0.000000 -0.069478 0.970316 -0.231645 8.536500 -0.001519 0.232103 0.972690 0.187100 0.000000 0.000000 0.000000 1.000000
0.997632 0.068567 -0.005415 -0.000000 -0.068089 0.973398 -0.218768 8.536500 -0.009729 0.218618 0.975762 0.187100 0.000000 0.000000 0.000000 1.000000
0.997532 0.070000 0.005505 0.000000 -0.067060 0.973006 -0.220822 8.536500 -0.020814 0.219908 0.975298 0.187100 0.000000 0.000000 0.000000 1.000000
0.997666 0.065537 0.019145 0.000000 -0.058644 0.966143 -0.251254 8.536500 -0.034964 0.249545 0.967732 0.187100 0.000000 0.000000 0.000000 1.000000
0.991758 0.124792 0.029025 0.000000 -0.114676 0.965620 -0.233297 8.536500 -0.057141 0.228045 0.971972 0.187100 0.000000 0.000000 0.000000 1.000000
0.987904 0.152959 0.025491 0.000000 -0.142737 0.961217 -0.235984 8.536500 -0.060598 0.229491 0.971423 0.187100 0.000000 0.000000 0.000000 1.000000
0.984410 0.174863 0.018959 -0.000000 -0.165172 0.956098 -0.242063 8.536500 -0.060454 0.235158 0.970075 0.187100 0.000000 0.000000 0.000000 1.000000
0.981596 0.190560 0.012481 0.000000 -0.181693 0.952045 -0.246168 8.536500 -0.058793 0.239370 0.969147 0.187100 0.000000 0.000000 0.000000 1.000000
0.984354 0.176000 0.008438 0.000000 -0.168886 0.956056 -0.239655 8.536500 -0.050246 0.234481 0.970821 0.187100 0.000000 0.000000 0.000000 1.000000
0.989541 0.144153 0.005402 0.000000 -0.138718 0.961170 -0.238557 8.536500 -0.039581 0.235312 0.971113 0.187100 0.000000 0.000000 0.000000 1.000000
0.993871 0.110484 0.003573 -0.000000 -0.106482 0.965552 -0.237425 8.536500 -0.029682 0.235590 0.971399 0.187100 0.000000 0.000000 0.000000 1.000000
0.996294 0.085779 0.006312 0.000000 -0.082063 0.969986 -0.228896 8.536500 -0.025757 0.227530 0.973430 0.187100 0.000000 0.000000 0.000000 1.000000
0.997068 0.076320 0.005557 -0.000000 -0.073118 0.971625 -0.224943 8.536500 -0.022567 0.223877 0.974356 0.187100 0.000000 0.000000 0.000000 1.000000
0.997663 0.068181 0.004347 0.000000 -0.065529 0.972981 -0.221391 8.536500 -0.019324 0.220589 0.975175 0.187100 0.000000 0.000000 0.000000 1.000000
0.998125 0.061138 0.002942 0.000000 -0.059025 0.974117 -0.218201 8.536500 -0.016206 0.217618 0.975900 0.187100 0.000000 0.000000 0.000000 1.000000
0.998487 0.054963 0.001593 0.000000 -0.053332 0.975085 -0.215324 8.536500 -0.013388 0.214913 0.976541 0.187100 0.000000 0.000000 0.000000 1.000000
0.998778 0.049424 0.000547 0.000000 -0.048177 0.975926 -0.212713 8.536500 -0.011047 0.212427 0.977115 0.187100 0.000000 0.000000 0.000000 1.000000
0.998857 0.047800 0.000589 0.000000 -0.046594 0.976267 -0.211498 8.536500 -0.010685 0.211229 0.977378 0.187100 0.000000 0.000000 0.000000 1.000000
0.998816 0.048625 0.001208 0.000000 -0.047274 0.976313 -0.211137 8.536500 -0.011446 0.210830 0.977456 0.187100 0.000000 0.000000 0.000000 1.000000</float_array>
        <technique_common>
          <accessor source="#mixamorig_Spine-Matrix-animation-output-transform-array" count="42" stride="16">
            <param type="float4x4"/>
          </accessor>
        </technique_common>
      </source>
      <source id="mixamorig_Spine-Interpolations">
        <Name_array id="mixamorig_Spine-Interpolations-array" count="42">
 LINEAR LINEAR LINEAR LINEAR LINEAR LINEAR LINEAR LINEAR LINEAR LINEAR LINEAR
LINEAR LINEAR LINEAR LINEAR LINEAR LINEAR LINEAR LINEAR LINEAR LINEAR LINEAR LINEAR
LINEAR LINEAR LINEAR LINEAR LINEAR LINEAR LINEAR LINEAR LINEAR LINEAR LINEAR LINEAR
LINEAR LINEAR LINEAR LINEAR LINEAR LINEAR LINEAR</Name_array>
        <technique_common>
          <accessor source="#mixamorig_Spine-Interpolations-array" count="42">
            <param type="name"/>
          </accessor>
        </technique_common>
      </source>
      <sampler id="mixamorig_Spine-Matrix-animation-transform">
        <input semantic="INPUT" source="#mixamorig_Spine-Matrix-animation-input"/>
        <input semantic="OUTPUT" source="#mixamorig_Spine-Matrix-animation-output-transform"/>
        <input semantic="INTERPOLATION" source="#mixamorig_Spine-Interpolations"/>
      </sampler>
      <channel source="#mixamorig_Spine-Matrix-animation-transform" target="mixamorig_Spine/matrix"/>
    </animation>
    <animation id="mixamorig_Spine1-anim" name="mixamorig_Spine1">
      <source id="mixamorig_Spine1-Matrix-animation-input">
        <float_array id="mixamorig_Spine1-Matrix-animation-input-array" count="42">

0.000000 0.033333 0.066667 0.100000 0.133333 0.166667 0.200000 0.233333 0.266667 0.300000 0.333333 0.366667 0.400000 0.433333 0.466667 0.500000
0.533333 0.566667 0.600000 0.633333 0.666667 0.700000 0.733333 0.766667 0.800000 0.833333 0.866667 0.900000 0.933333 0.966667 1.000000 1.033333
1.066667 1.100000 1.133333 1.166667 1.200000 1.233333 1.266667 1.300000 1.333333 1.366667</float_array>
        <technique_common>
          <accessor source="#mixamorig_Spine1-Matrix-animation-input-array" count="42">
            <param name="TIME" type="float"/>
          </accessor>
        </technique_common>
      </source>
      <source id="mixamorig_Spine1-Matrix-animation-output-transform">
        <float_array id="mixamorig_Spine1-Matrix-animation-output-transform-array" count="672">

0.995240 0.097444 -0.001099 0.000000 -0.096568 0.984646 -0.145419 9.685800 -0.013089 0.144833 0.989370 0.000000 0.000000 0.000000 0.000000 1.000000
0.994531 0.103452 -0.014381 -0.000000 -0.104444 0.984152 -0.143306 9.685800 -0.000672 0.144024 0.989574 0.000000 0.000000 0.000000 0.000000 1.000000
0.995000 0.099312 -0.010554 -0.000000 -0.099703 0.981642 -0.162600 9.685800 -0.005788 0.162840 0.986636 -0.000000 0.000000 0.000000 0.000000 1.000000
0.996139 0.087525 -0.006763 0.000000 -0.087470 0.983066 -0.161030 9.685800 -0.007446 0.161000 0.986926 0.000000 0.000000 0.000000 0.000000 1.000000
0.997322 0.072523 -0.009430 0.000000 -0.073116 0.985930 -0.150323 9.685800 -0.001605 0.150610 0.988592 0.000000 0.000000 0.000000 0.000000 1.000000
0.998352 0.056533 -0.009913 -0.000000 -0.057369 0.988164 -0.142273 9.685800 0.001752 0.142607 0.989778 0.000000 0.000000 0.000000 0.000000 1.000000
0.999037 0.043480 0.005867 0.000000 -0.042221 0.989118 -0.140937 9.685800 -0.011931 0.140553 0.990001 0.000000 0.000000 0.000000 0.000000 1.000000
0.998980 0.034210 0.029489 0.000000 -0.029726 0.989565 -0.140990 9.685800 -0.034005 0.139969 0.989572 0.000000 0.000000 0.000000 0.000000 1.000000
0.998136 0.035617 0.049556 0.000000 -0.028350 0.989701 -0.140312 9.685800 -0.054043 0.138645 0.988866 -0.000000 0.000000 0.000000 0.000000 1.000000
0.996488 0.051596 0.065952 0.000000 -0.041946 0.989243 -0.140137 9.685800 -0.072473 0.136878 0.987933 0.000000 0.000000 0.000000 0.000000 1.000000
0.995835 0.059431 0.069140 0.000000 -0.047852 0.986200 -0.158491 9.685800 -0.077605 0.154522 0.984937 0.000000 0.000000 0.000000 0.000000 1.000000
0.996532 0.052635 0.064440 0.000000 -0.040129 0.982492 -0.181933 9.685800 -0.072888 0.178716 0.981197 0.000000 0.000000 0.000000 0.000000 1.000000
0.997272 0.051451 0.052931 0.000000 -0.040163 0.979836 -0.195727 9.685800 -0.061934 0.193067 0.979229 0.000000 0.000000 0.000000 0.000000 1.000000
0.998007 0.052357 0.035228 0.000000 -0.043856 0.976853 -0.209370 9.685800 -0.045375 0.207407 0.977202 -0.000000 0.000000 0.000000 0.000000 1.000000
0.998625 0.047254 0.022704 0.000000 -0.041313 0.975937 -0.214104 9.685800 -0.032275 0.212872 0.976547 0.000000 0.000000 0.000000 0.000000 1.000000
0.999069 0.039807 0.016635 0.000000 -0.035224 0.975256 -0.218256 9.685800 -0.024911 0.217467 0.975750 0.000000 0.000000 0.000000 0.000000 1.000000
0.999204 0.037505 0.013593 0.000000 -0.033507 0.973959 -0.224235 9.685800 -0.021649 0.223601 0.974440 0.000000 0.000000 0.000000 0.000000 1.000000
0.999145 0.040303 0.009163 0.000000 -0.037257 0.974217 -0.222514 9.685800 -0.017894 0.221983 0.974886 0.000000 0.000000 0.000000 0.000000 1.000000
0.998561 0.053312 0.005876 0.000000 -0.050733 0.974399 -0.219028 9.685800 -0.017402 0.218415 0.975701 0.000000 0.000000 0.000000 0.000000 1.000000
0.997678 0.068007 0.003773 0.000000 -0.065600 0.974321 -0.215394 9.685800 -0.018325 0.214647 0.976520 0.000000 0.000000 0.000000 0.000000 1.000000
0.996743 0.080324 -0.007196 0.000000 -0.080014 0.973850 -0.212638 9.685800 -0.010072 0.212521 0.977105 0.000000 0.000000 0.000000 0.000000 1.000000
0.995610 0.090505 -0.023859 0.000000 -0.093487 0.973957 -0.206560 9.685800 0.004543 0.207884 0.978143 0.000000 0.000000 0.000000 0.000000 1.000000
0.994469 0.098805 -0.035619 0.000000 -0.103865 0.975523 -0.193822 9.685800 0.015597 0.196449 0.980390 0.000000 0.000000 0.000000 0.000000 1.000000
0.993899 0.105428 -0.032401 -0.000000 -0.109506 0.978319 -0.175784 9.685800 0.013166 0.178260 0.983895 0.000000 0.000000 0.000000 0.000000 1.000000
0.993852 0.109939 -0.013071 0.000000 -0.110623 0.981323 -0.157376 9.685800 -0.004475 0.157854 0.987452 0.000000 0.000000 0.000000 0.000000 1.000000
0.993544 0.112966 0.010426 -0.000000 -0.110006 0.981802 -0.154803 9.685800 -0.027724 0.152657 0.987890 0.000000 0.000000 0.000000 0.000000 1.000000
0.992210 0.115360 0.047018 0.000000 -0.107428 0.983450 -0.145892 9.685800 -0.063070 0.139704 0.988183 0.000000 0.000000 0.000000 0.000000 1.000000
0.992080 0.104714 0.069374 0.000000 -0.093587 0.984578 -0.147806 9.685800 -0.083782 0.140143 0.986580 0.000000 0.000000 0.000000 0.000000 1.000000
0.993170 0.095461 0.067081 0.000000 -0.084866 0.985619 -0.146128 9.685800 -0.080066 0.139437 0.986989 0.000000 0.000000 0.000000 0.000000 1.000000
0.994434 0.086569 0.060052 0.000000 -0.077189 0.986565 -0.143984 9.685800 -0.071710 0.138547 0.987756 0.000000 0.000000 0.000000 0.000000 1.000000
0.995512 0.079210 0.051785 -0.000000 -0.071137 0.987231 -0.142530 9.685800 -0.062413 0.138207 0.988435 0.000000 0.000000 0.000000 0.000000 1.000000
0.996059 0.079833 0.038653 -0.000000 -0.073491 0.986800 -0.144311 9.685800 -0.049663 0.140901 0.988777 0.000000 0.000000 0.000000 0.000000 1.000000
0.996049 0.084312 0.027898 -0.000000 -0.079461 0.986384 -0.143985 9.685800 -0.039658 0.141199 0.989187 0.000000 0.000000 0.000000 0.000000 1.000000
0.995776 0.089783 0.019235 0.000000 -0.086122 0.985905 -0.143439 9.685800 -0.031842 0.141177 0.989472 0.000000 0.000000 0.000000 0.000000 1.000000
0.995178 0.096308 0.018611 0.000000 -0.092639 0.985171 -0.144414 9.685800 -0.032244 0.141993 0.989342 0.000000 0.000000 0.000000 0.000000 1.000000
0.995145 0.097315 0.014679 0.000000 -0.094186 0.984977 -0.144740 9.685800 -0.028544 0.142655 0.989361 0.000000 0.000000 0.000000 0.000000 1.000000
0.995157 0.097763 0.010218 0.000000 -0.095260 0.984836 -0.144998 9.685800 -0.024239 0.143323 0.989379 -0.000000 0.000000 0.000000 0.000000 1.000000
0.995184 0.097861 0.005675 -0.000000 -0.096006 0.984732 -0.145207 9.685800 -0.019799 0.143963 0.989385 0.000000 0.000000 0.000000 0.000000 1.000000
0.995202 0.097826 0.001496 0.000000 -0.096570 0.984651 -0.145384 9.685800 -0.015695 0.144542 0.989374 0.000000 0.000000 0.000000 0.000000 1.000000
0.995197 0.097872 -0.001874 0.000000 -0.097102 0.984575 -0.145545 9.685800 -0.012400 0.145028 0.989350 0.000000 0.000000 0.000000 0.000000 1.000000
0.995207 0.097765 -0.002290 0.000000 -0.097055 0.984571 -0.145606 9.685800 -0.011981 0.145131 0.989340 0.000000 0.000000 0.000000 0.000000 1.000000
0.995237 0.097480 -0.001105 0.000000 -0.096601 0.984616 -0.145604 9.685800 -0.013106 0.145017 0.989342 0.000000 0.000000 0.000000 0.000000 1.000000</float_array>
        <technique_common>
          <accessor source="#mixamorig_Spine1-Matrix-animation-output-transform-array" count="42" stride="16">
            <param type="float4x4"/>
          </accessor>
        </technique_common>
      </source>
      <source id="mixamorig_Spine1-Interpolations">
        <Name_array id="mixamorig_Spine1-Interpolations-array" count="42">
 LINEAR LINEAR LINEAR LINEAR LINEAR LINEAR LINEAR LINEAR LINEAR LINEAR LINEAR
LINEAR LINEAR LINEAR LINEAR LINEAR LINEAR LINEAR LINEAR LINEAR LINEAR LINEAR LINEAR
LINEAR LINEAR LINEAR LINEAR LINEAR LINEAR LINEAR LINEAR LINEAR LINEAR LINEAR LINEAR
LINEAR LINEAR LINEAR LINEAR LINEAR LINEAR LINEAR</Name_array>
        <technique_common>
          <accessor source="#mixamorig_Spine1-Interpolations-array" count="42">
            <param type="name"/>
          </accessor>
        </technique_common>
      </source>
      <sampler id="mixamorig_Spine1-Matrix-animation-transform">
        <input semantic="INPUT" source="#mixamorig_Spine1-Matrix-animation-input"/>
        <input semantic="OUTPUT" source="#mixamorig_Spine1-Matrix-animation-output-transform"/>
        <input semantic="INTERPOLATION" source="#mixamorig_Spine1-Interpolations"/>
      </sampler>
      <channel source="#mixamorig_Spine1-Matrix-animation-transform" target="mixamorig_Spine1/matrix"/>
    </animation>
    <animation id="mixamorig_Spine2-anim" name="mixamorig_Spine2">
      <source id="mixamorig_Spine2-Matrix-animation-input">
        <float_array id="mixamorig_Spine2-Matrix-animation-input-array" count="42">

0.000000 0.033333 0.066667 0.100000 0.133333 0.166667 0.200000 0.233333 0.266667 0.300000 0.333333 0.366667 0.400000 0.433333 0.466667 0.500000
0.533333 0.566667 0.600000 0.633333 0.666667 0.700000 0.733333 0.766667 0.800000 0.833333 0.866667 0.900000 0.933333 0.966667 1.000000 1.033333
1.066667 1.100000 1.133333 1.166667 1.200000 1.233333 1.266667 1.300000 1.333333 1.366667</float_array>
        <technique_common>
          <accessor source="#mixamorig_Spine2-Matrix-animation-input-array" count="42">
            <param name="TIME" type="float"/>
          </accessor>
        </technique_common>
      </source>
      <source id="mixamorig_Spine2-Matrix-animation-output-transform">
        <float_array id="mixamorig_Spine2-Matrix-animation-output-transform-array" count="672">

0.995241 0.097442 0.000487 -0.000000 -0.096538 0.986672 -0.130994 15.875400 -0.013244 0.130324 0.991383 0.000000 0.000000 0.000000 0.000000 1.000000
0.994922 0.100449 -0.006301 0.000000 -0.100420 0.986540 -0.129055 15.875400 -0.006747 0.129032 0.991617 0.000000 0.000000 0.000000 0.000000 1.000000
0.996289 0.086074 -0.000316 0.000000 -0.085160 0.985158 -0.149033 15.875400 -0.012516 0.148507 0.988832 0.000000 0.000000 0.000000 0.000000 1.000000
0.997499 0.070451 0.005699 0.000000 -0.068840 0.986634 -0.147698 15.875400 -0.016028 0.146937 0.989016 0.000000 0.000000 0.000000 0.000000 1.000000
0.998247 0.059141 0.002441 0.000000 -0.058250 0.988852 -0.137036 15.875400 -0.010519 0.136654 0.990563 0.000000 0.000000 0.000000 0.000000 1.000000
0.998854 0.047846 0.001105 -0.000000 -0.047304 0.990519 -0.128971 15.875400 -0.007265 0.128771 0.991648 0.000000 0.000000 0.000000 0.000000 1.000000
0.999123 0.037743 0.018153 0.000000 -0.035117 0.991158 -0.127956 15.875400 -0.022822 0.127206 0.991614 0.000000 0.000000 0.000000 0.000000 1.000000
0.998577 0.031689 0.042887 -0.000000 -0.025937 0.991358 -0.128597 15.875400 -0.046591 0.127301 0.990769 0.000000 0.000000 0.000000 0.000000 1.000000
0.997424 0.034681 0.062786 -0.000000 -0.026398 0.991390 -0.128251 15.875400 -0.066694 0.126263 0.989752 0.000000 0.000000 0.000000 0.000000 1.000000
0.995614 0.050051 0.079037 0.000000 -0.039665 0.990994 -0.127898 15.875400 -0.084726 0.124202 0.988633 0.000000 0.000000 0.000000 0.000000 1.000000
0.994949 0.057611 0.082208 0.000000 -0.045162 0.988256 -0.145981 15.875400 -0.089652 0.141531 0.985866 0.000000 0.000000 0.000000 0.000000 1.000000
0.995714 0.050846 0.077255 0.000000 -0.037145 0.984842 -0.169431 15.875400 -0.084698 0.165835 0.982509 0.000000 0.000000 0.000000 0.000000 1.000000
0.996584 0.049812 0.065877 -0.000000 -0.036999 0.982397 -0.183106 15.875400 -0.073838 0.180043 0.980883 0.000000 0.000000 0.000000 0.000000 1.000000
0.997502 0.051131 0.048739 0.000000 -0.040606 0.979631 -0.196660 15.875400 -0.057801 0.194190 0.979260 -0.000000 0.000000 0.000000 0.000000 1.000000
0.998262 0.046314 0.036450 -0.000000 -0.038053 0.978757 -0.201462 15.875400 -0.045006 0.199724 0.978818 0.000000 0.000000 0.000000 0.000000 1.000000
0.998773 0.038974 0.030541 0.000000 -0.031877 0.978097 -0.205696 15.875400 -0.037888 0.204470 0.978139 0.000000 0.000000 0.000000 0.000000 1.000000
0.998936 0.036738 0.027871 0.000000 -0.030019 0.976871 -0.211713 15.875400 -0.035005 0.210651 0.976934 0.000000 0.000000 0.000000 0.000000 1.000000
0.998945 0.039547 0.023346 0.000000 -0.033776 0.977126 -0.209961 15.875400 -0.031116 0.208951 0.977431 -0.000000 0.000000 0.000000 0.000000 1.000000
0.998425 0.052472 0.019873 0.000000 -0.047257 0.977340 -0.206331 15.875400 -0.030250 0.205067 0.978280 -0.000000 0.000000 0.000000 0.000000 1.000000
0.997597 0.066991 0.017699 0.000000 -0.062036 0.977309 -0.202528 15.875400 -0.030865 0.200944 0.979116 0.000000 0.000000 0.000000 0.000000 1.000000
0.996733 0.080398 0.007738 0.000000 -0.077238 0.976781 -0.199831 15.875400 -0.023625 0.198580 0.979800 0.000000 0.000000 0.000000 0.000000 1.000000
0.995673 0.092621 -0.007465 -0.000000 -0.092307 0.976675 -0.193871 15.875400 -0.010665 0.193721 0.980999 0.000000 0.000000 0.000000 0.000000 1.000000
0.994582 0.102193 -0.019051 0.000000 -0.103953 0.977971 -0.181015 15.875400 0.000133 0.182015 0.983296 -0.000000 0.000000 0.000000 0.000000 1.000000
0.994058 0.107588 -0.016540 0.000000 -0.108845 0.980642 -0.162769 15.875400 -0.001292 0.163602 0.986526 0.000000 0.000000 0.000000 0.000000 1.000000
0.994120 0.108269 0.001654 0.000000 -0.106902 0.983768 -0.144130 15.875400 -0.017232 0.143105 0.989557 0.000000 0.000000 0.000000 0.000000 1.000000
0.993946 0.106821 0.025703 0.000000 -0.102161 0.984644 -0.141562 15.875400 -0.040430 0.138080 0.989596 0.000000 0.000000 0.000000 0.000000 1.000000
0.991892 0.111426 0.061119 0.000000 -0.102777 0.986180 -0.129949 15.875400 -0.074754 0.122613 0.989635 0.000000 0.000000 0.000000 0.000000 1.000000
0.991127 0.101914 0.085328 0.000000 -0.090428 0.987501 -0.129091 15.875400 -0.097418 0.120230 0.987955 -0.000000 0.000000 0.000000 0.000000 1.000000
0.992170 0.091960 0.084509 0.000000 -0.080781 0.988566 -0.127326 15.875400 -0.095251 0.119502 0.988254 -0.000000 0.000000 0.000000 0.000000 1.000000
0.993503 0.082028 0.078887 0.000000 -0.071723 0.989484 -0.125606 15.875400 -0.088361 0.119132 0.988939 -0.000000 0.000000 0.000000 0.000000 1.000000
0.994692 0.073634 0.071871 0.000000 -0.064278 0.990101 -0.124775 15.875400 -0.080347 0.119493 0.989579 -0.000000 0.000000 0.000000 0.000000 1.000000
0.995548 0.073387 0.059150 0.000000 -0.065339 0.989609 -0.128085 15.875400 -0.067935 0.123650 0.989998 0.000000 0.000000 0.000000 0.000000 1.000000
0.995822 0.077829 0.047768 0.000000 -0.071125 0.989113 -0.128829 15.875400 -0.057275 0.124894 0.990516 0.000000 0.000000 0.000000 0.000000 1.000000
0.995761 0.083665 0.038202 -0.000000 -0.078110 0.988560 -0.129028 15.875400 -0.048560 0.125497 0.990905 0.000000 0.000000 0.000000 0.000000 1.000000
0.995113 0.091790 0.036388 0.000000 -0.086374 0.987793 -0.129636 15.875400 -0.047843 0.125859 0.990894 0.000000 0.000000 0.000000 0.000000 1.000000
0.995131 0.093776 0.030338 0.000000 -0.089094 0.987501 -0.130017 15.875400 -0.042151 0.126681 0.991047 0.000000 0.000000 0.000000 0.000000 1.000000
0.995180 0.095163 0.023670 -0.000000 -0.091304 0.987253 -0.130365 15.875400 -0.035774 0.127575 0.991184 0.000000 0.000000 0.000000 0.000000 1.000000
0.995225 0.096139 0.016856 0.000000 -0.093135 0.987042 -0.130667 15.875400 -0.029200 0.128473 0.991283 0.000000 0.000000 0.000000 0.000000 1.000000
0.995240 0.096897 0.010371 0.000000 -0.094717 0.986859 -0.130912 15.875400 -0.022919 0.129306 0.991340 0.000000 0.000000 0.000000 0.000000 1.000000
0.995211 0.097635 0.004685 0.000000 -0.096182 0.986694 -0.131089 15.875400 -0.017421 0.130010 0.991360 0.000000 0.000000 0.000000 0.000000 1.000000
0.995207 0.097771 0.001832 0.000000 -0.096689 0.986648 -0.131059 15.875400 -0.014621 0.130254 0.991373 -0.000000 0.000000 0.000000 0.000000 1.000000
0.995238 0.097469 0.000496 0.000000 -0.096566 0.986679 -0.130920 15.875400 -0.013250 0.130248 0.991393 0.000000 0.000000 0.000000 0.000000 1.000000</float_array>
        <technique_common>
          <accessor source="#mixamorig_Spine2-Matrix-animation-output-transform-array" count="42" stride="16">
            <param type="float4x4"/>
          </accessor>
        </technique_common>
      </source>
      <source id="mixamorig_Spine2-Interpolations">
        <Name_array id="mixamorig_Spine2-Interpolations-array" count="42">
 LINEAR LINEAR LINEAR LINEAR LINEAR LINEAR LINEAR LINEAR LINEAR LINEAR LINEAR
LINEAR LINEAR LINEAR LINEAR LINEAR LINEAR LINEAR LINEAR LINEAR LINEAR LINEAR LINEAR
LINEAR LINEAR LINEAR LINEAR LINEAR LINEAR LINEAR LINEAR LINEAR LINEAR LINEAR LINEAR
LINEAR LINEAR LINEAR LINEAR LINEAR LINEAR LINEAR</Name_array>
        <technique_common>
          <accessor source="#mixamorig_Spine2-Interpolations-array" count="42">
            <param type="name"/>
          </accessor>
        </technique_common>
      </source>
      <sampler id="mixamorig_Spine2-Matrix-animation-transform">
        <input semantic="INPUT" source="#mixamorig_Spine2-Matrix-animation-input"/>
        <input semantic="OUTPUT" source="#mixamorig_Spine2-Matrix-animation-output-transform"/>
        <input semantic="INTERPOLATION" source="#mixamorig_Spine2-Interpolations"/>
      </sampler>
      <channel source="#mixamorig_Spine2-Matrix-animation-transform" target="mixamorig_Spine2/matrix"/>
    </animation>
    <animation id="mixamorig_Neck-anim" name="mixamorig_Neck">
      <source id="mixamorig_Neck-Matrix-animation-input">
        <float_array id="mixamorig_Neck-Matrix-animation-input-array" count="42">

0.000000 0.033333 0.066667 0.100000 0.133333 0.166667 0.200000 0.233333 0.266667 0.300000 0.333333 0.366667 0.400000 0.433333 0.466667 0.500000
0.533333 0.566667 0.600000 0.633333 0.666667 0.700000 0.733333 0.766667 0.800000 0.833333 0.866667 0.900000 0.933333 0.966667 1.000000 1.033333
1.066667 1.100000 1.133333 1.166667 1.200000 1.233333 1.266667 1.300000 1.333333 1.366667</float_array>
        <technique_common>
          <accessor source="#mixamorig_Neck-Matrix-animation-input-array" count="42">
            <param name="TIME" type="float"/>
          </accessor>
        </technique_common>
      </source>
      <source id="mixamorig_Neck-Matrix-animation-output-transform">
        <float_array id="mixamorig_Neck-Matrix-animation-output-transform-array" count="672">

0.885840 -0.189303 0.423618 -0.000000 0.042159 0.942049 0.332816 26.173401 -0.462072 -0.276962 0.842485 -0.161200 0.000000 0.000000 0.000000 1.000000
0.933246 -0.076487 0.351001 0.000000 -0.009019 0.971775 0.235739 26.173401 -0.359125 -0.223168 0.906215 -0.161200 0.000000 0.000000 0.000000 1.000000
0.938977 -0.012860 0.343740 0.000000 -0.036445 0.989957 0.136590 26.173401 -0.342045 -0.140783 0.929078 -0.161200 0.000000 0.000000 0.000000 1.000000
0.939212 -0.002034 0.343331 0.000000 -0.041184 0.992095 0.118542 26.173401 -0.340858 -0.125476 0.931704 -0.161200 0.000000 0.000000 0.000000 1.000000
0.939242 -0.005825 0.343205 0.000000 -0.041264 0.990689 0.129740 26.173401 -0.340765 -0.136020 0.930257 -0.161200 0.000000 0.000000 0.000000 1.000000
0.935820 -0.018009 0.352018 0.000000 -0.046940 0.983431 0.175100 26.173401 -0.349339 -0.180386 0.919469 -0.161200 0.000000 0.000000 0.000000 1.000000
0.929658 -0.037104 0.366551 -0.000000 -0.059395 0.966808 0.248504 26.173401 -0.363604 -0.252795 0.896597 -0.161200 0.000000 0.000000 0.000000 1.000000
0.908421 -0.096436 0.406783 0.000000 -0.075449 0.919234 0.386414 26.173401 -0.411193 -0.381718 0.827775 -0.161200 0.000000 0.000000 0.000000 1.000000
0.872193 -0.202650 0.445211 0.000000 -0.044165 0.873809 0.484260 26.173401 -0.487165 -0.442030 0.753180 -0.161200 0.000000 0.000000 0.000000 1.000000
0.839681 -0.320088 0.438725 0.000000 0.004823 0.812209 0.583347 26.173401 -0.543059 -0.487709 0.683540 -0.161200 0.000000 0.000000 0.000000 1.000000
0.835621 -0.368504 0.407360 0.000000 0.064529 0.802308 0.593412 26.173401 -0.545503 -0.469581 0.694205 -0.161200 0.000000 0.000000 0.000000 1.000000
0.859853 -0.369937 0.351851 0.000000 0.126177 0.821776 0.555665 26.173401 -0.494704 -0.433395 0.753284 -0.161200 0.000000 0.000000 0.000000 1.000000
0.900693 -0.326142 0.287027 0.000000 0.163344 0.866395 0.471888 26.173401 -0.402581 -0.378142 0.833629 -0.161200 0.000000 0.000000 0.000000 1.000000
0.931344 -0.279641 0.233235 0.000000 0.181145 0.911430 0.369434 26.173401 -0.315887 -0.301821 0.899511 -0.161200 0.000000 0.000000 0.000000 1.000000
0.945412 -0.249554 0.209569 0.000000 0.187631 0.942648 0.276059 26.173401 -0.266442 -0.221668 0.938015 -0.161200 0.000000 0.000000 0.000000 1.000000
0.946095 -0.231840 0.226172 -0.000000 0.183534 0.959120 0.215417 26.173401 -0.266868 -0.162295 0.949969 -0.161200 0.000000 0.000000 0.000000 1.000000
0.939556 -0.222077 0.260607 -0.000000 0.167152 0.961767 0.216945 26.173401 -0.298822 -0.160271 0.940754 -0.161200 0.000000 0.000000 0.000000 1.000000
0.928129 -0.217156 0.302357 0.000000 0.141486 0.957051 0.253052 26.173401 -0.344323 -0.192086 0.918991 -0.161200 0.000000 0.000000 0.000000 1.000000
0.918420 -0.205953 0.337770 0.000000 0.115488 0.956188 0.269009 26.173401 -0.378375 -0.208055 0.901967 -0.161200 0.000000 0.000000 0.000000 1.000000
0.914235 -0.176080 0.364925 0.000000 0.091333 0.967015 0.237782 26.173401 -0.394757 -0.184059 0.900161 -0.161200 0.000000 0.000000 0.000000 1.000000
0.914095 -0.137755 0.381384 0.000000 0.071514 0.980551 0.182770 26.173401 -0.399144 -0.139795 0.906169 -0.161200 0.000000 0.000000 0.000000 1.000000
0.915639 -0.104851 0.388087 0.000000 0.061099 0.990469 0.123443 26.173401 -0.397331 -0.089317 0.913319 -0.161200 0.000000 0.000000 0.000000 1.000000
0.918415 -0.087258 0.385875 0.000000 0.060501 0.994878 0.080974 26.173401 -0.390964 -0.051022 0.918991 -0.161200 0.000000 0.000000 0.000000 1.000000
0.921167 -0.078715 0.381125 0.000000 0.062364 0.996532 0.055084 26.173401 -0.384139 -0.026973 0.922881 -0.161200 0.000000 0.000000 0.000000 1.000000
0.920926 -0.077729 0.381907 0.000000 0.056784 0.996214 0.065829 26.173401 -0.385578 -0.038937 0.921853 -0.161200 0.000000 0.000000 0.000000 1.000000
0.914412 -0.083675 0.396042 0.000000 0.043177 0.992982 0.110105 26.173401 -0.402476 -0.083582 0.911607 -0.161200 0.000000 0.000000 0.000000 1.000000
0.900842 -0.096754 0.423228 -0.000000 0.025626 0.985001 0.170636 26.173401 -0.433390 -0.142870 0.889810 -0.161200 0.000000 0.000000 0.000000 1.000000
