<?xml version="1.0" encoding="utf-8"?>
<COLLADA xmlns="http://www.collada.org/2005/11/COLLADASchema" version="1.4.1">
  <asset>
    <contributor>
      <author>Mixamo</author>
      <authoring_tool>COLLADA Mixamo exporter</authoring_tool>
      <comments/>
    </contributor>
    <created>2025-11-14T05:17:37Z</created>
    <modified>2025-11-14T05:17:37Z</modified>
    <revision/>
    <title/>
    <unit meter="0.010000"/>
    <up_axis>Y_UP</up_axis>
  </asset>
  <library_animations>
    <animation id="mixamorig_Hips-anim" name="mixamorig_Hips">
      <source id="mixamorig_Hips-Matrix-animation-input">
        <float_array id="mixamorig_Hips-Matrix-animation-input-array" count="105">

0.000000 0.033333 0.066667 0.100000 0.133333 0.166667 0.200000 0.233333 0.266667 0.300000 0.333333 0.366667 0.400000 0.433333 0.466667 0.500000
0.533333 0.566667 0.600000 0.633333 0.666667 0.700000 0.733333 0.766667 0.800000 0.833333 0.866667 0.900000 0.933333 0.966667 1.000000 1.033333
1.066667 1.100000 1.133333 1.166667 1.200000 1.233333 1.266667 1.300000 1.333333 1.366667 1.400000 1.433333 1.466667 1.500000 1.533333 1.566667
1.600000 1.633333 1.666667 1.700000 1.733333 1.766667 1.800000 1.833333 1.866667 1.900000 1.933333 1.966667 2.000000 2.033333 2.066667 2.100000
2.133333 2.166667 2.200000 2.233333 2.266667 2.300000 2.333333 2.366667 2.400000 2.433333 2.466667 2.500000 2.533333 2.566667 2.600000 2.633333
2.666667 2.700000 2.733333 2.766667 2.800000 2.833333 2.866667 2.900000 2.933333 2.966667 3.000000 3.033333 3.066667 3.100000 3.133333 3.166667
3.200000 3.233333 3.266667 3.300000 3.333333 3.366667 3.400000 3.433333 3.466667</float_array>
        <technique_common>
          <accessor source="#mixamorig_Hips-Matrix-animation-input-array" count="105">
            <param name="TIME" type="float"/>
          </accessor>
        </technique_common>
      </source>
      <source id="mixamorig_Hips-Matrix-animation-output-transform">
        <float_array id="mixamorig_Hips-Matrix-animation-output-transform-array" count="1680">

0.522569 -0.060166 -0.850471 0.204846 0.069742 0.997181 -0.027692 100.640205 0.849740 -0.044842 0.525292 -0.652090 0.000000 0.000000 0.000000 1.000000
0.544846 -0.036423 -0.837745 0.634591 0.040805 0.999024 -0.016896 100.479813 0.837543 -0.024979 0.545800 -1.062229 0.000000 0.000000 0.000000 1.000000
0.562897 -0.016837 -0.826356 0.857467 0.014626 0.999839 -0.010408 99.977226 0.826398 -0.006228 0.563052 -1.702728 0.000000 0.000000 0.000000 1.000000
0.581094 0.007421 -0.813803 -1.268926 -0.006774 0.999968 0.004281 99.864670 0.813809 0.003025 0.581125 -0.790629 0.000000 0.000000 0.000000 1.000000
0.606433 0.048782 -0.793637 -4.794146 -0.028770 0.998809 0.039410 99.836128 0.794614 -0.001067 0.607114 1.755556 0.000000 0.000000 0.000000 1.000000
0.641148 0.095057 -0.761507 -7.678252 -0.045554 0.995263 0.085882 99.835831 0.766064 -0.020373 0.642442 4.457469 0.000000 0.000000 0.000000 1.000000
0.656853 0.086676 -0.749020 -10.136507 -0.038110 0.995918 0.081826 99.983360 0.753055 -0.025203 0.657475 7.468117 0.000000 0.000000 0.000000 1.000000
0.677912 0.105690 -0.727506 -11.954529 -0.044063 0.993674 0.103299 100.094612 0.733821 -0.037972 0.678281 10.208977 0.000000 0.000000 0.000000 1.000000
0.717202 0.121068 -0.686268 -13.149618 -0.054180 0.991499 0.118293 100.210762 0.694756 -0.047658 0.717665 12.120258 0.000000 0.000000 0.000000 1.000000
0.745347 0.132696 -0.653337 -13.946505 -0.067795 0.989997 0.123730 100.336502 0.663221 -0.047929 0.746888 13.434470 0.000000 0.000000 0.000000 1.000000
0.748243 0.137379 -0.649044 -14.579436 -0.077529 0.989729 0.120111 100.441040 0.658879 -0.039553 0.751209 14.421530 0.000000 0.000000 0.000000 1.000000
0.731221 0.143948 -0.666780 -15.049799 -0.092749 0.989384 0.111881 100.508934 0.675806 -0.019966 0.736809 15.263872 0.000000 0.000000 0.000000 1.000000
0.710692 0.156377 -0.685903 -15.437459 -0.109377 0.987687 0.111850 100.532318 0.694949 -0.004469 0.719045 15.809967 0.000000 0.000000 0.000000 1.000000
0.697498 0.163118 -0.697775 -15.786055 -0.118983 0.986593 0.111699 100.524651 0.706640 0.005114 0.707555 15.883750 0.000000 0.000000 0.000000 1.000000
0.690633 0.161403 -0.704964 -16.280294 -0.120136 0.986839 0.108245 100.506989 0.713157 0.009934 0.700934 15.652141 0.000000 0.000000 0.000000 1.000000
0.689680 0.153297 -0.707702 -16.842422 -0.115233 0.988115 0.101740 100.484207 0.714887 0.011382 0.699148 15.315666 0.000000 0.000000 0.000000 1.000000
0.695809 0.148387 -0.702732 -17.291084 -0.116105 0.988795 0.093829 100.455490 0.708781 0.016304 0.705241 15.011594 0.000000 0.000000 0.000000 1.000000
0.708182 0.156139 -0.688549 -17.543278 -0.128409 0.987459 0.091851 100.403481 0.694255 0.023369 0.719350 14.727631 0.000000 0.000000 0.000000 1.000000
0.729221 0.149401 -0.667769 -18.014656 -0.128677 0.988404 0.080619 100.369690 0.672071 0.027138 0.739990 14.403924 0.000000 0.000000 0.000000 1.000000
0.752083 0.142416 -0.643498 -18.710787 -0.123767 0.989522 0.074345 100.336739 0.647343 0.023730 0.761829 13.999551 0.000000 0.000000 0.000000 1.000000
0.770875 0.138354 -0.621780 -19.520016 -0.127477 0.989888 0.062219 100.313316 0.624100 0.031299 0.780717 13.740101 0.000000 0.000000 0.000000 1.000000
0.781292 0.135991 -0.609171 -20.438215 -0.130706 0.989984 0.053367 100.262024 0.610327 0.037927 0.791241 13.486645 0.000000 0.000000 0.000000 1.000000
0.789920 0.134086 -0.598371 -21.379837 -0.133824 0.989975 0.045175 100.202354 0.598430 0.044392 0.799944 13.235518 0.000000 0.000000 0.000000 1.000000
0.796470 0.132658 -0.589947 -22.369297 -0.136375 0.989910 0.038480 100.092148 0.589099 0.049806 0.806525 13.003679 0.000000 0.000000 0.000000 1.000000
0.800563 0.131602 -0.584619 -23.423073 -0.138020 0.989852 0.033822 99.903679 0.583137 0.053613 0.810602 12.793113 0.000000 0.000000 0.000000 1.000000
0.802750 0.130864 -0.581779 -24.524687 -0.139092 0.989803 0.030722 99.664680 0.579866 0.056259 0.812767 12.601836 0.000000 0.000000 0.000000 1.000000
0.804113 0.130547 -0.579965 -25.649134 -0.140131 0.989723 0.028493 99.416153 0.577724 0.058359 0.814143 12.440853 0.000000 0.000000 0.000000 1.000000
0.801761 0.132298 -0.582818 -26.879395 -0.141165 0.989519 0.030423 99.133682 0.580734 0.057881 0.812033 12.435015 0.000000 0.000000 0.000000 1.000000
0.788561 0.135195 -0.599912 -28.439514 -0.141324 0.989265 0.037174 98.490585 0.598498 0.055468 0.799202 12.649299 0.000000 0.000000 0.000000 1.000000
0.774720 0.138510 -0.616947 -29.985834 -0.141585 0.988937 0.044233 97.899002 0.616248 0.053082 0.785761 12.870933 0.000000 0.000000 0.000000 1.000000
0.759858 0.141967 -0.634399 -31.551477 -0.141605 0.988577 0.051616 97.284576 0.634480 0.050613 0.771281 13.104680 0.000000 0.000000 0.000000 1.000000
0.743544 0.145301 -0.652710 -33.169563 -0.141045 0.988225 0.059318 96.572937 0.653643 0.047956 0.755282 13.355303 0.000000 0.000000 0.000000 1.000000
0.725299 0.148267 -0.672278 -34.873211 -0.139570 0.987922 0.067303 95.689743 0.674137 0.045015 0.737233 13.627563 0.000000 0.000000 0.000000 1.000000
0.704583 0.150635 -0.693449 -36.695545 -0.136858 0.987709 0.075499 94.560608 0.696299 0.041709 0.716539 13.926225 0.000000 0.000000 0.000000 1.000000
0.677781 0.151470 -0.719493 -38.825424 -0.130954 0.987773 0.084588 92.823395 0.723508 0.036888 0.689329 14.293983 0.000000 0.000000 0.000000 1.000000
0.643274 0.150934 -0.750611 -41.297554 -0.122078 0.988054 0.094058 90.399918 0.755841 0.031128 0.654015 14.748295 0.000000 0.000000 0.000000 1.000000
0.603948 0.150125 -0.782758 -43.913834 -0.113015 0.988308 0.102350 87.641724 0.788971 0.026650 0.613853 15.256055 0.000000 0.000000 0.000000 1.000000
0.557541 0.148017 -0.816847 -46.749413 -0.104339 0.988667 0.107935 84.300400 0.823566 0.025051 0.566666 15.855257 0.000000 0.000000 0.000000 1.000000
0.503658 0.145544 -0.851555 -49.807156 -0.094807 0.989065 0.112972 80.518814 0.858685 0.023834 0.511949 16.543482 0.000000 0.000000 0.000000 1.000000
0.440751 0.146349 -0.885619 -53.113750 -0.083751 0.989020 0.121755 76.575119 0.893714 0.020508 0.448169 17.360538 0.000000 0.000000 0.000000 1.000000
0.376874 0.144282 -0.914958 -56.514954 -0.076801 0.989260 0.124364 72.530762 0.923075 0.023400 0.383908 18.236929 0.000000 0.000000 0.000000 1.000000
0.292878 0.114560 -0.949262 -59.846375 -0.055760 0.993153 0.102653 68.523117 0.954522 0.022866 0.297261 19.079535 0.000000 0.000000 0.000000 1.000000
0.216159 0.084217 -0.972719 -63.213943 -0.039498 0.996212 0.077473 64.550232 0.975559 0.021674 0.218667 19.740517 0.000000 0.000000 0.000000 1.000000
0.154813 0.060217 -0.986107 -66.455154 -0.022739 0.998093 0.057379 60.681061 0.987682 0.013540 0.155887 20.338055 0.000000 0.000000 0.000000 1.000000
0.116456 0.016720 -0.993055 -69.091446 -0.016385 0.999755 0.014911 58.499432 0.993061 0.014534 0.116701 20.967999 0.000000 0.000000 0.000000 1.000000
0.083404 -0.030178 -0.996059 -71.682991 -0.013080 0.999422 -0.031375 57.087921 0.996430 0.015645 0.082961 21.421589 0.000000 0.000000 0.000000 1.000000
0.053679 -0.073318 -0.995863 -74.655739 -0.013803 0.997151 -0.074157 57.839447 0.998463 0.017727 0.052514 20.961010 0.000000 0.000000 0.000000 1.000000
0.025912 -0.131562 -0.990969 -78.341888 -0.040665 0.990343 -0.132542 58.973888 0.998837 0.043732 0.020312 21.033998 0.000000 0.000000 0.000000 1.000000
0.001611 -0.182142 -0.983271 -82.080429 -0.066709 0.981062 -0.181842 60.205296 0.997771 0.065886 -0.010570 21.602514 0.000000 0.000000 0.000000 1.000000
-0.031138 -0.234255 -0.971676 -85.835068 -0.077120 0.969813 -0.231334 61.306061 0.996535 0.067732 -0.048264 22.211311 0.000000 0.000000 0.000000 1.000000
-0.020253 -0.298613 -0.954159 -89.617790 -0.060372 0.952979 -0.296962 61.656647 0.997970 0.051590 -0.037329 22.526003 0.000000 0.000000 0.000000 1.000000
-0.020731 -0.331422 -0.943255 -93.300491 -0.050320 0.942608 -0.330089 61.196102 0.998518 0.040622 -0.036218 22.477602 0.000000 0.000000 0.000000 1.000000
-0.000409 -0.377760 -0.925904 -97.231262 -0.041930 0.925096 -0.377412 59.929695 0.999120 0.038669 -0.016218 22.487448 0.000000 0.000000 0.000000 1.000000
0.024903 -0.419915 -0.907222 -101.315208 -0.030701 0.906754 -0.420541 58.021465 0.999218 0.038325 0.009689 22.485523 0.000000 0.000000 0.000000 1.000000
0.031665 -0.473492 -0.880229 -105.766319 -0.032880 0.879700 -0.474391 55.749222 0.998958 0.043964 0.012287 22.507553 0.000000 0.000000 0.000000 1.000000
0.016861 -0.539769 -0.841644 -110.612213 -0.043962 0.840550 -0.539948 53.238586 0.998891 0.046104 -0.009556 22.578091 0.000000 0.000000 0.000000 1.000000
0.003985 -0.606041 -0.795423 -115.578896 -0.052985 0.794184 -0.605363 50.305183 0.998587 0.044558 -0.028947 22.688354 0.000000 0.000000 0.000000 1.000000
0.004775 -0.680631 -0.732611 -120.642204 -0.048570 0.731596 -0.680006 46.806526 0.998808 0.038829 -0.029565 22.699345 0.000000 0.000000 0.000000 1.000000
0.018918 -0.755424 -0.654964 -125.679031 -0.036732 0.654113 -0.755504 42.414696 0.999146 0.038351 -0.015374 22.735157 0.000000 0.000000 0.000000 1.000000
0.021744 -0.824765 -0.565058 -130.533066 -0.023162 0.564624 -0.825023 37.345478 0.999495 0.031028 -0.006826 22.889835 0.000000 0.000000 0.000000 1.000000
0.025110 -0.888141 -0.458885 -135.336227 -0.013838 0.458677 -0.888496 31.817667 0.999589 0.028661 -0.000773 23.273716 0.000000 0.000000 0.000000 1.000000
0.039408 -0.944460 -0.326256 -140.062500 0.014303 0.327009 -0.944913 25.103189 0.999121 0.032571 0.026396 23.822104 0.000000 0.000000 0.000000 1.000000
0.043995 -0.995722 -0.081253 -144.211563 0.039732 0.083011 -0.995756 18.953329 0.998241 0.040580 0.043214 24.045071 0.000000 0.000000 0.000000 1.000000
0.027233 -0.992576 0.118539 -148.082275 0.052401 -0.117002 -0.991748 18.194685 0.998255 0.033220 0.048826 24.172331 0.000000 0.000000 0.000000 1.000000
0.006779 -0.981585 0.190903 -151.717468 0.057861 -0.190203 -0.980038 20.285404 0.998302 0.017689 0.055506 24.079800 0.000000 0.000000 0.000000 1.000000
-0.002605 -0.969225 0.246163 -155.414566 0.046925 -0.246011 -0.968131 22.956331 0.998895 0.009029 0.046122 23.703955 0.000000 0.000000 0.000000 1.000000
0.000705 -0.954335 0.298739 -158.660645 0.012111 -0.298709 -0.954267 25.479401 0.999926 0.004291 0.011347 23.684715 0.000000 0.000000 0.000000 1.000000
-0.003666 -0.938977 0.343961 -161.561890 0.010013 -0.343980 -0.938924 27.430952 0.999943 0.000002 0.010663 23.799700 0.000000 0.000000 0.000000 1.000000
-0.009586 -0.925303 0.379106 -163.921814 0.017473 -0.379221 -0.925141 28.686317 0.999801 -0.002244 0.019803 23.957468 0.000000 0.000000 0.000000 1.000000
-0.011184 -0.909095 0.416438 -166.021683 -0.014257 -0.416277 -0.909126 29.245853 0.999836 -0.016105 -0.008306 24.238663 0.000000 0.000000 0.000000 1.000000
-0.000323 -0.900263 0.435346 -167.649658 -0.062039 -0.434489 -0.898538 29.081335 0.998074 -0.027298 -0.055711 24.762526 0.000000 0.000000 0.000000 1.000000
0.015654 -0.898541 0.438609 -168.547653 -0.103585 -0.437760 -0.893105 28.711731 0.994497 -0.031453 -0.099928 25.447435 0.000000 0.000000 0.000000 1.000000
0.022564 -0.900765 0.433720 -168.649414 -0.131465 -0.432736 -0.891884 27.949697 0.991064 -0.036895 -0.128184 26.092976 0.000000 0.000000 0.000000 1.000000
0.015430 -0.907560 0.419639 -168.033600 -0.148802 -0.417100 -0.896597 26.907650 0.988747 -0.048608 -0.141482 26.801304 0.000000 0.000000 0.000000 1.000000
0.007140 -0.920712 0.390177 -166.719437 -0.160084 -0.386208 -0.908414 25.719790 0.987078 -0.055975 -0.150149 27.597593 0.000000 0.000000 0.000000 1.000000
-0.002088 -0.939000 0.343911 -164.795563 -0.175129 -0.338254 -0.924616 24.467426 0.984543 -0.062159 -0.163740 28.406973 0.000000 0.000000 0.000000 1.000000
-0.019078 -0.962546 0.270448 -162.371033 -0.192877 -0.261873 -0.945633 23.133759 0.981037 -0.070204 -0.180657 29.124804 0.000000 0.000000 0.000000 1.000000
-0.051776 -0.980628 0.188913 -159.479126 -0.211006 -0.174154 -0.961846 21.729622 0.976113 -0.089662 -0.197901 29.868423 0.000000 0.000000 0.000000 1.000000
-0.089567 -0.985496 0.144138 -157.181793 -0.192910 -0.124814 -0.973246 20.471428 0.977120 -0.114976 -0.178933 30.162821 0.000000 0.000000 0.000000 1.000000
-0.098332 -0.988305 0.116551 -154.777161 -0.182515 -0.097221 -0.978385 18.896793 0.978274 -0.117478 -0.170820 29.842342 0.000000 0.000000 0.000000 1.000000
-0.104716 -0.988107 0.112597 -153.332260 -0.199670 -0.090025 -0.975719 17.301455 0.974252 -0.124656 -0.187869 29.641262 0.000000 0.000000 0.000000 1.000000
-0.112703 -0.984847 0.131811 -152.595169 -0.224440 -0.103995 -0.968923 16.202471 0.967949 -0.138784 -0.209318 29.949251 0.000000 0.000000 0.000000 1.000000
-0.101455 -0.985782 0.133942 -151.402405 -0.217295 -0.109428 -0.969953 16.254129 0.970819 -0.127512 -0.203104 29.705198 0.000000 0.000000 0.000000 1.000000
-0.080596 -0.993166 0.084408 -150.365860 -0.184797 -0.068327 -0.980399 16.885899 0.979466 -0.094615 -0.178028 29.427038 0.000000 0.000000 0.000000 1.000000
-0.057675 -0.998094 0.021950 -149.795197 -0.137204 -0.013853 -0.990446 17.250111 0.988862 -0.060135 -0.136143 28.895653 0.000000 0.000000 0.000000 1.000000
-0.045980 -0.998930 0.004926 -149.665436 -0.100039 -0.000302 -0.994983 16.912115 0.993921 -0.046242 -0.099919 28.099241 0.000000 0.000000 0.000000 1.000000
-0.033788 -0.999423 0.003365 -149.589111 -0.080100 -0.000648 -0.996787 16.493496 0.996214 -0.033949 -0.080032 27.403658 0.000000 0.000000 0.000000 1.000000
-0.027836 -0.999547 0.011472 -149.690643 -0.078085 -0.009268 -0.996904 16.172863 0.996558 -0.028646 -0.077791 27.078966 0.000000 0.000000 0.000000 1.000000
-0.024834 -0.999164 0.032477 -150.009949 -0.068655 -0.030706 -0.997168 16.080183 0.997331 -0.026993 -0.067836 26.847719 0.000000 0.000000 0.000000 1.000000
-0.020042 -0.998313 0.054494 -150.446213 -0.046062 -0.053525 -0.997504 16.116529 0.998738 -0.022502 -0.044911 26.497503 0.000000 0.000000 0.000000 1.000000
-0.014204 -0.997772 0.065179 -150.681000 -0.022210 -0.064855 -0.997648 15.978779 0.999652 -0.015618 -0.021240 26.177685 0.000000 0.000000 0.000000 1.000000
-0.011187 -0.997719 0.066564 -150.893967 -0.008211 -0.066474 -0.997754 15.829017 0.999904 -0.011708 -0.007448 25.964096 0.000000 0.000000 0.000000 1.000000
-0.014574 -0.997786 0.064886 -151.054779 -0.005667 -0.064809 -0.997882 15.767993 0.999878 -0.014911 -0.004710 25.924372 0.000000 0.000000 0.000000 1.000000
-0.020636 -0.997601 0.066082 -151.120590 -0.012360 -0.065836 -0.997754 15.788265 0.999711 -0.021407 -0.010972 26.064184 0.000000 0.000000 0.000000 1.000000
-0.025789 -0.997131 0.071174 -151.147018 -0.024618 -0.070542 -0.997205 15.839195 0.999364 -0.027469 -0.022729 26.283291 0.000000 0.000000 0.000000 1.000000
-0.030623 -0.996747 0.074544 -151.101608 -0.040427 -0.073283 -0.996491 15.874323 0.998713 -0.033529 -0.038052 26.579929 0.000000 0.000000 0.000000 1.000000
-0.033836 -0.996790 0.072556 -151.109344 -0.053773 -0.070677 -0.996049 15.936226 0.997980 -0.037604 -0.051209 26.833319 0.000000 0.000000 0.000000 1.000000
-0.035670 -0.996933 0.069652 -151.127472 -0.066854 -0.067160 -0.995500 16.002169 0.997125 -0.040166 -0.064253 27.076557 0.000000 0.000000 0.000000 1.000000
-0.036421 -0.997009 0.068160 -151.152634 -0.077531 -0.065181 -0.994857 16.052441 0.996324 -0.041518 -0.074925 27.287111 0.000000 0.000000 0.000000 1.000000
-0.038074 -0.996756 0.070909 -151.190353 -0.082128 -0.067599 -0.994327 16.061014 0.995894 -0.043681 -0.079287 27.436718 0.000000 0.000000 0.000000 1.000000
-0.040049 -0.996405 0.074647 -151.239456 -0.082085 -0.071174 -0.994081 16.053650 0.995820 -0.045940 -0.078939 27.513456 0.000000 0.000000 0.000000 1.000000
-0.040370 -0.996300 0.075872 -151.298935 -0.079787 -0.072477 -0.994174 16.059071 0.995994 -0.046189 -0.076566 27.512062 0.000000 0.000000 0.000000 1.000000
-0.039777 -0.996312 0.076028 -151.353973 -0.075878 -0.072857 -0.994452 16.068430 0.996323 -0.045326 -0.072700 27.450964 0.000000 0.000000 0.000000 1.000000
-0.038366 -0.996428 0.075228 -151.383545 -0.071783 -0.072341 -0.994793 16.083672 0.996682 -0.043567 -0.068751 27.337133 0.000000 0.000000 0.000000 1.000000
-0.036570 -0.996587 0.074008 -151.405228 -0.067418 -0.071428 -0.995165 16.101158 0.997054 -0.041382 -0.064576 27.199707 0.000000 0.000000 0.000000 1.000000</float_array>
        <technique_common>
          <accessor source="#mixamorig_Hips-Matrix-animation-output-transform-array" count="105" stride="16">
            <param type="float4x4"/>
          </accessor>
        </technique_common>
      </source>
      <source id="mixamorig_Hips-Interpolations">
        <Name_array id="mixamorig_Hips-Interpolations-array" count="105">
 LINEAR LINEAR LINEAR LINEAR LINEAR LINEAR LINEAR LINEAR LINEAR LINEAR LINEAR
LINEAR LINEAR LINEAR LINEAR LINEAR LINEAR LINEAR LINEAR LINEAR LINEAR LINEAR LINEAR
LINEAR LINEAR LINEAR LINEAR LINEAR LINEAR LINEAR LINEAR LINEAR LINEAR LINEAR LINEAR
LINEAR LINEAR LINEAR LINEAR LINEAR LINEAR LINEAR LINEAR LINEAR LINEAR LINEAR LINEAR
LINEAR LINEAR LINEAR LINEAR LINEAR LINEAR LINEAR LINEAR LINEAR LINEAR LINEAR LINEAR
LINEAR LINEAR LINEAR LINEAR LINEAR LINEAR LINEAR LINEAR LINEAR LINEAR LINEAR LINEAR
LINEAR LINEAR LINEAR LINEAR LINEAR LINEAR LINEAR LINEAR LINEAR LINEAR LINEAR LINEAR
LINEAR LINEAR LINEAR LINEAR LINEAR LINEAR LINEAR LINEAR LINEAR LINEAR LINEAR LINEAR
LINEAR LINEAR LINEAR LINEAR LINEAR LINEAR LINEAR LINEAR LINEAR LINEAR</Name_array>
        <technique_common>
          <accessor source="#mixamorig_Hips-Interpolations-array" count="105">
            <param type="name"/>
          </accessor>
        </technique_common>
      </source>
      <sampler id="mixamorig_Hips-Matrix-animation-transform">
        <input semantic="INPUT" source="#mixamorig_Hips-Matrix-animation-input"/>
        <input semantic="OUTPUT" source="#mixamorig_Hips-Matrix-animation-output-transform"/>
        <input semantic="INTERPOLATION" source="#mixamorig_Hips-Interpolations"/>
      </sampler>
      <channel source="#mixamorig_Hips-Matrix-animation-transform" target="mixamorig_Hips/matrix"/>
    </animation>
    <animation id="mixamorig_Spine-anim" name="mixamorig_Spine">
      <source id="mixamorig_Spine-Matrix-animation-input">
        <float_array id="mixamorig_Spine-Matrix-animation-input-array" count="105">

0.000000 0.033333 0.066667 0.100000 0.133333 0.166667 0.200000 0.233333 0.266667 0.300000 0.333333 0.366667 0.400000 0.433333 0.466667 0.500000
0.533333 0.566667 0.600000 0.633333 0.666667 0.700000 0.733333 0.766667 0.800000 0.833333 0.866667 0.900000 0.933333 0.966667 1.000000 1.033333
1.066667 1.100000 1.133333 1.166667 1.200000 1.233333 1.266667 1.300000 1.333333 1.366667 1.400000 1.433333 1.466667 1.500000 1.533333 1.566667
1.600000 1.633333 1.666667 1.700000 1.733333 1.766667 1.800000 1.833333 1.866667 1.900000 1.933333 1.966667 2.000000 2.033333 2.066667 2.100000
2.133333 2.166667 2.200000 2.233333 2.266667 2.300000 2.333333 2.366667 2.400000 2.433333 2.466667 2.500000 2.533333 2.566667 2.600000 2.633333
2.666667 2.700000 2.733333 2.766667 2.800000 2.833333 2.866667 2.900000 2.933333 2.966667 3.000000 3.033333 3.066667 3.100000 3.133333 3.166667
3.200000 3.233333 3.266667 3.300000 3.333333 3.366667 3.400000 3.433333 3.466667</float_array>
        <technique_common>
          <accessor source="#mixamorig_Spine-Matrix-animation-input-array" count="105">
            <param name="TIME" type="float"/>
          </accessor>
        </technique_common>
      </source>
      <source id="mixamorig_Spine-Matrix-animation-output-transform">
        <float_array id="mixamorig_Spine-Matrix-animation-output-transform-array" count="1680">

0.998816 0.048626 0.001208 0.000000 -0.047275 0.976313 -0.211137 8.536500 -0.011446 0.210830 0.977456 0.187100 0.000000 0.000000 0.000000 1.000000
0.998638 0.051768 -0.006535 -0.000000 -0.051999 0.976967 -0.206959 8.536500 -0.004329 0.207017 0.978328 0.187100 0.000000 0.000000 0.000000 1.000000
0.998149 0.057274 -0.020460 -0.000000 -0.060186 0.978594 -0.196803 8.536500 0.008751 0.197670 0.980229 0.187100 0.000000 0.000000 0.000000 1.000000
0.997620 0.061617 -0.030952 0.000000 -0.066290 0.980585 -0.184552 8.536500 0.018979 0.186164 0.982335 0.187100 0.000000 0.000000 0.000000 1.000000
0.997385 0.063692 -0.034168 -0.000000 -0.068582 0.983192 -0.169204 8.536500 0.022817 0.171105 0.984989 0.187100 0.000000 0.000000 0.000000 1.000000
0.997738 0.059216 -0.031805 0.000000 -0.063085 0.988289 -0.138943 8.536500 0.023205 0.140635 0.989789 0.187100 0.000000 0.000000 0.000000 1.000000
0.998389 0.050617 -0.025619 0.000000 -0.052996 0.993289 -0.102799 8.536500 0.020244 0.103991 0.994372 0.187100 0.000000 0.000000 0.000000 1.000000
0.999134 0.037384 -0.018276 -0.000000 -0.038730 0.996046 -0.079947 8.536500 0.015215 0.080586 0.996632 0.187100 0.000000 0.000000 0.000000 1.000000
0.999682 0.021812 -0.012630 0.000000 -0.022717 0.996803 -0.076602 8.536500 0.010919 0.076865 0.996982 0.187100 0.000000 0.000000 0.000000 1.000000
0.999909 0.008982 -0.010021 -0.000000 -0.009773 0.996586 -0.081977 8.536500 0.009250 0.082068 0.996584 0.187100 0.000000 0.000000 0.000000 1.000000
0.999951 0.002239 -0.009648 0.000000 -0.003052 0.996368 -0.085099 8.536500 0.009422 0.085124 0.996326 0.187100 0.000000 0.000000 0.000000 1.000000
0.999955 -0.000567 -0.009508 -0.000000 -0.000240 0.996412 -0.084640 8.536500 0.009522 0.084639 0.996366 0.187100 0.000000 0.000000 0.000000 1.000000
0.999963 -0.002724 -0.008219 0.000000 0.002019 0.996412 -0.084612 8.536500 0.008420 0.084592 0.996380 0.187100 0.000000 0.000000 0.000000 1.000000
0.999974 -0.003557 -0.006210 0.000000 0.003009 0.996284 -0.086078 8.536500 0.006493 0.086057 0.996269 0.187100 0.000000 0.000000 0.000000 1.000000
0.999991 -0.000943 -0.004201 0.000000 0.000574 0.996221 -0.086853 8.536500 0.004267 0.086849 0.996212 0.187100 0.000000 0.000000 0.000000 1.000000
0.999988 0.004708 -0.001147 0.000000 -0.004790 0.996188 -0.087100 8.536500 0.000732 0.087104 0.996199 0.187100 0.000000 0.000000 0.000000 1.000000
0.999952 0.008832 0.004330 0.000000 -0.008404 0.995866 -0.090446 8.536500 -0.005111 0.090405 0.995892 0.187100 0.000000 0.000000 0.000000 1.000000
0.999876 0.009962 0.012205 0.000000 -0.008719 0.995156 -0.097916 8.536500 -0.013121 0.097798 0.995120 0.187100 0.000000 0.000000 0.000000 1.000000
0.999696 0.013672 0.020522 0.000000 -0.011433 0.994354 -0.105500 8.536500 -0.021849 0.105233 0.994208 0.187100 0.000000 0.000000 0.000000 1.000000
0.999411 0.020447 0.027565 0.000000 -0.017280 0.993714 -0.110605 8.536500 -0.029653 0.110064 0.993482 0.187100 0.000000 0.000000 0.000000 1.000000
0.999134 0.024964 0.033272 0.000000 -0.021073 0.993421 -0.112568 8.536500 -0.035863 0.111769 0.993087 0.187100 0.000000 0.000000 0.000000 1.000000
0.998938 0.027032 0.037302 0.000000 -0.022703 0.993456 -0.111938 8.536500 -0.040084 0.110972 0.993015 0.187100 0.000000 0.000000 0.000000 1.000000
0.998751 0.028628 0.040960 -0.000000 -0.023933 0.993548 -0.110859 8.536500 -0.043869 0.109740 0.992992 0.187100 0.000000 0.000000 0.000000 1.000000
0.998592 0.030207 0.043603 0.000000 -0.025239 0.993577 -0.110310 8.536500 -0.046656 0.109054 0.992940 0.187100 0.000000 0.000000 0.000000 1.000000
0.998503 0.032055 0.044328 0.000000 -0.026961 0.993446 -0.111077 8.536500 -0.047598 0.109716 0.992823 0.187100 0.000000 0.000000 0.000000 1.000000
0.998455 0.033893 0.044031 0.000000 -0.028761 0.993251 -0.112365 8.536500 -0.047542 0.110925 0.992691 0.187100 0.000000 0.000000 0.000000 1.000000
0.998371 0.035346 0.044784 0.000000 -0.030102 0.993162 -0.112795 8.536500 -0.048465 0.111263 0.992608 0.187100 0.000000 0.000000 0.000000 1.000000
0.998070 0.034715 0.051495 -0.000000 -0.028966 0.993677 -0.108474 8.536500 -0.054935 0.106773 0.992765 0.187100 0.000000 0.000000 0.000000 1.000000
0.997975 0.031245 0.055412 -0.000000 -0.025292 0.994146 -0.105043 8.536500 -0.058370 0.103428 0.992923 0.187100 0.000000 0.000000 0.000000 1.000000
0.997865 0.027582 0.059197 0.000000 -0.021463 0.994592 -0.101614 8.536500 -0.061680 0.100126 0.993061 0.187100 0.000000 0.000000 0.000000 1.000000
0.997743 0.023745 0.062805 -0.000000 -0.017499 0.995012 -0.098206 8.536500 -0.064823 0.096886 0.993182 0.187100 0.000000 0.000000 0.000000 1.000000
0.997611 0.019755 0.066190 0.000000 -0.013419 0.995402 -0.094841 8.536500 -0.067759 0.093727 0.993289 0.187100 0.000000 0.000000 0.000000 1.000000
0.997473 0.015632 0.069311 0.000000 -0.009245 0.995758 -0.091540 8.536500 -0.070448 0.090668 0.993386 0.187100 0.000000 0.000000 0.000000 1.000000
0.997331 0.011397 0.072123 -0.000000 -0.004996 0.996079 -0.088325 8.536500 -0.072847 0.087729 0.993477 0.187100 0.000000 0.000000 0.000000 1.000000
0.997233 0.006951 0.074013 -0.000000 -0.000631 0.996374 -0.085080 8.536500 -0.074336 0.084797 0.993621 0.187100 0.000000 0.000000 0.000000 1.000000
0.997187 0.002058 0.074921 0.000000 0.004118 0.996608 -0.082192 8.536500 -0.074836 0.082269 0.993796 0.187100 0.000000 0.000000 0.000000 1.000000
0.997129 -0.003472 0.075646 -0.000000 0.009573 0.996714 -0.080432 8.536500 -0.075119 0.080925 0.993885 0.187100 0.000000 0.000000 0.000000 1.000000
0.997016 -0.010348 0.076504 0.000000 0.016551 0.996585 -0.080895 8.536500 -0.075406 0.081920 0.993782 0.187100 0.000000 0.000000 0.000000 1.000000
0.996880 -0.018138 0.076814 -0.000000 0.024571 0.996192 -0.083648 8.536500 -0.075004 0.085274 0.993530 0.187100 0.000000 0.000000 0.000000 1.000000
0.996819 -0.026727 0.075077 0.000000 0.033568 0.995250 -0.091386 8.536500 -0.072278 0.093616 0.992981 0.187100 0.000000 0.000000 0.000000 1.000000
0.996860 -0.033758 0.071631 0.000000 0.040964 0.993977 -0.101641 8.536500 -0.067769 0.104256 0.992239 0.187100 0.000000 0.000000 0.000000 1.000000
0.997112 -0.037699 0.065921 0.000000 0.044995 0.992581 -0.112957 8.536500 -0.061173 0.115597 0.991411 0.187100 0.000000 0.000000 0.000000 1.000000
0.997594 -0.036629 0.058863 0.000000 0.043819 0.991073 -0.125914 8.536500 -0.053726 0.128191 0.990293 0.187100 0.000000 0.000000 0.000000 1.000000
0.998209 -0.032311 0.050342 -0.000000 0.039207 0.988994 -0.142669 8.536500 -0.045178 0.144387 0.988489 0.187100 0.000000 0.000000 0.000000 1.000000
0.998923 -0.022768 0.040434 -0.000000 0.029035 0.986382 -0.161887 8.536500 -0.036198 0.162886 0.985981 0.187100 0.000000 0.000000 0.000000 1.000000
0.999485 -0.011771 0.029859 0.000000 0.016937 0.983676 -0.179147 8.536500 -0.027263 0.179561 0.983369 0.187100 0.000000 0.000000 0.000000 1.000000
0.999819 0.002720 0.018824 0.000000 0.000811 0.982728 -0.185053 8.536500 -0.019002 0.185035 0.982548 0.187100 0.000000 0.000000 0.000000 1.000000
0.999900 0.010568 0.009447 0.000000 -0.008685 0.983465 -0.180892 8.536500 -0.011203 0.180792 0.983458 0.187100 0.000000 0.000000 0.000000 1.000000
0.999971 0.006738 0.003514 -0.000000 -0.006050 0.985686 -0.168481 8.536500 -0.004599 0.168455 0.985699 0.187100 0.000000 0.000000 0.000000 1.000000
0.999998 0.001368 -0.001688 0.000000 -0.001613 0.987873 -0.155256 8.536500 0.001455 0.155259 0.987873 0.187100 0.000000 0.000000 0.000000 1.000000
0.999982 -0.000570 -0.005944 0.000000 -0.000304 0.989283 -0.146009 8.536500 0.005964 0.146008 0.989265 0.187100 0.000000 0.000000 0.000000 1.000000
0.999951 0.001877 -0.009741 0.000000 -0.003240 0.989889 -0.141806 8.536500 0.009376 0.141831 0.989847 0.187100 0.000000 0.000000 0.000000 1.000000
0.999917 0.004118 -0.012193 0.000000 -0.005801 0.989938 -0.141380 8.536500 0.011488 0.141439 0.989880 0.187100 0.000000 0.000000 0.000000 1.000000
0.999901 0.002795 -0.013760 0.000000 -0.004699 0.990093 -0.140332 8.536500 0.013232 0.140382 0.990009 0.187100 0.000000 0.000000 0.000000 1.000000
0.999902 -0.001870 -0.013839 0.000000 -0.000048 0.990528 -0.137311 8.536500 0.013965 0.137299 0.990431 0.187100 0.000000 0.000000 0.000000 1.000000
0.999906 -0.006604 -0.011982 0.000000 0.004965 0.991238 -0.131994 8.536500 0.012749 0.131922 0.991178 0.187100 0.000000 0.000000 0.000000 1.000000
0.999908 -0.010211 -0.008898 0.000000 0.009024 0.992181 -0.124484 8.536500 0.010100 0.124393 0.992182 0.187100 0.000000 0.000000 0.000000 1.000000
0.999906 -0.012673 -0.005274 0.000000 0.011974 0.993134 -0.116368 8.536500 0.006712 0.116294 0.993192 0.187100 0.000000 0.000000 0.000000 1.000000
0.999880 -0.015490 -0.000820 0.000000 0.015306 0.993822 -0.109925 8.536500 0.002518 0.109899 0.993940 0.187100 0.000000 0.000000 0.000000 1.000000
0.999791 -0.019796 0.005071 0.000000 0.020224 0.994093 -0.106628 8.536500 -0.002931 0.106708 0.994286 0.187100 0.000000 0.000000 0.000000 1.000000
0.999561 -0.026771 0.012730 0.000000 0.027934 0.994370 -0.102217 8.536500 -0.009922 0.102527 0.994681 0.187100 0.000000 0.000000 0.000000 1.000000
0.999130 -0.035148 0.022442 0.000000 0.037095 0.994954 -0.093225 8.536500 -0.019052 0.093977 0.995392 0.187100 0.000000 0.000000 0.000000 1.000000
0.998686 -0.041645 0.029873 0.000000 0.043965 0.995680 -0.081777 8.536500 -0.026338 0.082982 0.996203 0.187100 0.000000 0.000000 0.000000 1.000000
0.998627 -0.042702 0.030355 -0.000000 0.044936 0.996005 -0.077173 8.536500 -0.026939 0.078431 0.996556 0.187100 0.000000 0.000000 0.000000 1.000000
0.999102 -0.036073 0.022240 -0.000000 0.037850 0.995620 -0.085489 8.536500 -0.019059 0.086254 0.996091 0.187100 0.000000 0.000000 0.000000 1.000000
0.999614 -0.025488 0.011014 0.000000 0.026433 0.994979 -0.096528 8.536500 -0.008499 0.096782 0.995269 0.187100 0.000000 0.000000 0.000000 1.000000
0.999872 -0.015244 0.004854 0.000000 0.015634 0.995416 -0.094352 8.536500 -0.003393 0.094416 0.995527 0.187100 0.000000 0.000000 0.000000 1.000000
0.999953 -0.008289 0.005069 0.000000 0.008676 0.996606 -0.081865 8.536500 -0.004373 0.081905 0.996631 0.187100 0.000000 0.000000 0.000000 1.000000
0.999964 -0.003708 0.007665 0.000000 0.004244 0.997457 -0.071148 8.536500 -0.007382 0.071178 0.997436 0.187100 0.000000 0.000000 0.000000 1.000000
0.999955 -0.000198 0.009499 0.000000 0.000785 0.998088 -0.061811 8.536500 -0.009469 0.061816 0.998043 0.187100 0.000000 0.000000 0.000000 1.000000
0.999929 0.002326 0.011704 0.000000 -0.001702 0.998592 -0.053013 8.536500 -0.011810 0.052989 0.998525 0.187100 0.000000 0.000000 0.000000 1.000000
0.999888 0.002327 0.014762 0.000000 -0.001685 0.999058 -0.043356 8.536500 -0.014849 0.043326 0.998951 0.187100 0.000000 0.000000 0.000000 1.000000
0.999845 -0.000566 0.017579 0.000000 0.001128 0.999487 -0.032014 8.536500 -0.017552 0.032028 0.999333 0.187100 0.000000 0.000000 0.000000 1.000000
0.999779 -0.004328 0.020558 0.000000 0.004772 0.999756 -0.021576 8.536500 -0.020460 0.021669 0.999556 0.187100 0.000000 0.000000 0.000000 1.000000
0.999686 -0.008153 0.023690 0.000000 0.008573 0.999807 -0.017658 8.536500 -0.023541 0.017856 0.999563 0.187100 0.000000 0.000000 0.000000 1.000000
0.999581 -0.011385 0.026607 -0.000000 0.012075 0.999591 -0.025940 8.536500 -0.026301 0.026250 0.999309 0.187100 0.000000 0.000000 0.000000 1.000000
0.999501 -0.012026 0.029207 0.000000 0.013395 0.998798 -0.047147 8.536500 -0.028605 0.047514 0.998461 0.187100 0.000000 0.000000 0.000000 1.000000
0.999482 -0.008279 0.031086 0.000000 0.010550 0.997230 -0.073629 8.536500 -0.030390 0.073919 0.996801 0.187100 0.000000 0.000000 0.000000 1.000000
0.999504 -0.001172 0.031484 0.000000 0.004155 0.995483 -0.094851 8.536500 -0.031230 0.094935 0.994993 0.187100 0.000000 0.000000 0.000000 1.000000
0.999483 0.007400 0.031303 0.000000 -0.004111 0.994582 -0.103869 8.536500 -0.031902 0.103687 0.994098 0.187100 0.000000 0.000000 0.000000 1.000000
0.999397 0.014133 0.031704 0.000000 -0.010830 0.994722 -0.102037 8.536500 -0.032979 0.101632 0.994275 0.187100 0.000000 0.000000 0.000000 1.000000
0.999327 0.015953 0.033041 0.000000 -0.012653 0.995127 -0.097785 8.536500 -0.034440 0.097301 0.994659 0.187100 0.000000 0.000000 0.000000 1.000000
0.999334 0.014376 0.033537 -0.000000 -0.010837 0.994581 -0.103397 8.536500 -0.034841 0.102965 0.994075 0.187100 0.000000 0.000000 0.000000 1.000000
0.999463 0.010282 0.031118 -0.000000 -0.006338 0.992225 -0.124297 8.536500 -0.032154 0.124033 0.991757 0.187100 0.000000 0.000000 0.000000 1.000000
0.999631 0.002763 0.027013 -0.000000 0.001414 0.988166 -0.153380 8.536500 -0.027117 0.153361 0.987798 0.187100 0.000000 0.000000 0.000000 1.000000
0.999751 -0.002289 0.022181 0.000000 0.006043 0.985305 -0.170698 8.536500 -0.021464 0.170790 0.985074 0.187100 0.000000 0.000000 0.000000 1.000000
0.999810 -0.005512 0.018697 0.000000 0.008686 0.984676 -0.174175 8.536500 -0.017451 0.174304 0.984537 0.187100 0.000000 0.000000 0.000000 1.000000
0.999831 -0.008080 0.016530 -0.000000 0.010752 0.985634 -0.168550 8.536500 -0.014930 0.168699 0.985554 0.187100 0.000000 0.000000 0.000000 1.000000
0.999866 -0.008353 0.014056 0.000000 0.010479 0.987264 -0.158745 8.536500 -0.012551 0.158871 0.987220 0.187100 0.000000 0.000000 0.000000 1.000000
0.999901 -0.008753 0.010989 0.000000 0.010284 0.988920 -0.148090 8.536500 -0.009571 0.148188 0.988913 0.187100 0.000000 0.000000 0.000000 1.000000
0.999922 -0.009610 0.007973 0.000000 0.010629 0.990148 -0.139620 8.536500 -0.006552 0.139694 0.990173 0.187100 0.000000 0.000000 0.000000 1.000000
0.999928 -0.010476 0.005904 0.000000 0.011177 0.990785 -0.134979 8.536500 -0.004436 0.135035 0.990831 0.187100 0.000000 0.000000 0.000000 1.000000
0.999929 -0.010768 0.005200 0.000000 0.011366 0.990984 -0.133496 8.536500 -0.003716 0.133545 0.991036 0.187100 0.000000 0.000000 0.000000 1.000000
0.999929 -0.010396 0.005895 0.000000 0.011090 0.990998 -0.133415 8.536500 -0.004455 0.133471 0.991043 0.187100 0.000000 0.000000 0.000000 1.000000
0.999924 -0.009737 0.007552 0.000000 0.010658 0.990995 -0.133474 8.536500 -0.006184 0.133544 0.991024 0.187100 0.000000 0.000000 0.000000 1.000000
0.999913 -0.008951 0.009685 0.000000 0.010169 0.990917 -0.134089 8.536500 -0.008397 0.134176 0.990922 0.187100 0.000000 0.000000 0.000000 1.000000
0.999900 -0.008192 0.011560 0.000000 0.009690 0.990641 -0.136150 8.536500 -0.010337 0.136249 0.990621 0.187100 0.000000 0.000000 0.000000 1.000000
0.999883 -0.007436 0.013361 0.000000 0.009215 0.990325 -0.138462 8.536500 -0.012202 0.138569 0.990278 0.187100 0.000000 0.000000 0.000000 1.000000
0.999868 -0.006760 0.014789 0.000000 0.008771 0.990052 -0.140430 8.536500 -0.013692 0.140541 0.989980 0.187100 0.000000 0.000000 0.000000 1.000000
0.999862 -0.006225 0.015389 -0.000000 0.008341 0.989902 -0.141506 8.536500 -0.014353 0.141615 0.989818 0.187100 0.000000 0.000000 0.000000 1.000000
0.999864 -0.005942 0.015410 0.000000 0.008072 0.989823 -0.142076 8.536500 -0.014409 0.142181 0.989736 0.187100 0.000000 0.000000 0.000000 1.000000
0.999866 -0.006036 0.015191 0.000000 0.008140 0.989760 -0.142506 8.536500 -0.014175 0.142611 0.989677 0.187100 0.000000 0.000000 0.000000 1.000000
0.999871 -0.006336 0.014727 0.000000 0.008375 0.989720 -0.142772 8.536500 -0.013671 0.142877 0.989646 0.187100 0.000000 0.000000 0.000000 1.000000
0.999878 -0.006722 0.014100 0.000000 0.008670 0.989690 -0.142963 8.536500 -0.012993 0.143068 0.989628 0.187100 0.000000 0.000000 0.000000 1.000000
0.999885 -0.007162 0.013391 -0.000000 0.009006 0.989666 -0.143110 8.536500 -0.012227 0.143214 0.989616 0.187100 0.000000 0.000000 0.000000 1.000000</float_array>
        <technique_common>
          <accessor source="#mixamorig_Spine-Matrix-animation-output-transform-array" count="105" stride="16">
            <param type="float4x4"/>
          </accessor>
        </technique_common>
      </source>
      <source id="mixamorig_Spine-Interpolations">
        <Name_array id="mixamorig_Spine-Interpolations-array" count="105">
 LINEAR LINEAR LINEAR LINEAR LINEAR LINEAR LINEAR LINEAR LINEAR LINEAR LINEAR
LINEAR LINEAR LINEAR LINEAR LINEAR LINEAR LINEAR LINEAR LINEAR LINEAR LINEAR LINEAR
LINEAR LINEAR LINEAR LINEAR LINEAR LINEAR LINEAR LINEAR LINEAR LINEAR LINEAR LINEAR
LINEAR LINEAR LINEAR LINEAR LINEAR LINEAR LINEAR LINEAR LINEAR LINEAR LINEAR LINEAR
LINEAR LINEAR LINEAR LINEAR LINEAR LINEAR LINEAR LINEAR LINEAR LINEAR LINEAR LINEAR
LINEAR LINEAR LINEAR LINEAR LINEAR LINEAR LINEAR LINEAR LINEAR LINEAR LINEAR LINEAR
LINEAR LINEAR LINEAR LINEAR LINEAR LINEAR LINEAR LINEAR LINEAR LINEAR LINEAR LINEAR
LINEAR LINEAR LINEAR LINEAR LINEAR LINEAR LINEAR LINEAR LINEAR LINEAR LINEAR LINEAR
LINEAR LINEAR LINEAR LINEAR LINEAR LINEAR LINEAR LINEAR LINEAR LINEAR</Name_array>
        <technique_common>
          <accessor source="#mixamorig_Spine-Interpolations-array" count="105">
            <param type="name"/>
          </accessor>
        </technique_common>
      </source>
      <sampler id="mixamorig_Spine-Matrix-animation-transform">
        <input semantic="INPUT" source="#mixamorig_Spine-Matrix-animation-input"/>
        <input semantic="OUTPUT" source="#mixamorig_Spine-Matrix-animation-output-transform"/>
        <input semantic="INTERPOLATION" source="#mixamorig_Spine-Interpolations"/>
      </sampler>
      <channel source="#mixamorig_Spine-Matrix-animation-transform" target="mixamorig_Spine/matrix"/>
    </animation>
    <animation id="mixamorig_Spine1-anim" name="mixamorig_Spine1">
      <source id="mixamorig_Spine1-Matrix-animation-input">
        <float_array id="mixamorig_Spine1-Matrix-animation-input-array" count="105">

0.000000 0.033333 0.066667 0.100000 0.133333 0.166667 0.200000 0.233333 0.266667 0.300000 0.333333 0.366667 0.400000 0.433333 0.466667 0.500000
0.533333 0.566667 0.600000 0.633333 0.666667 0.700000 0.733333 0.766667 0.800000 0.833333 0.866667 0.900000 0.933333 0.966667 1.000000 1.033333
1.066667 1.100000 1.133333 1.166667 1.200000 1.233333 1.266667 1.300000 1.333333 1.366667 1.400000 1.433333 1.466667 1.500000 1.533333 1.566667
1.600000 1.633333 1.666667 1.700000 1.733333 1.766667 1.800000 1.833333 1.866667 1.900000 1.933333 1.966667 2.000000 2.033333 2.066667 2.100000
2.133333 2.166667 2.200000 2.233333 2.266667 2.300000 2.333333 2.366667 2.400000 2.433333 2.466667 2.500000 2.533333 2.566667 2.600000 2.633333
2.666667 2.700000 2.733333 2.766667 2.800000 2.833333 2.866667 2.900000 2.933333 2.966667 3.000000 3.033333 3.066667 3.100000 3.133333 3.166667
3.200000 3.233333 3.266667 3.300000 3.333333 3.366667 3.400000 3.433333 3.466667</float_array>
        <technique_common>
          <accessor source="#mixamorig_Spine1-Matrix-animation-input-array" count="105">
