<?xml version="1.0" encoding="utf-8"?>
<COLLADA xmlns="http://www.collada.org/2005/11/COLLADASchema" version="1.4.1">
  <asset>
    <contributor>
      <author>Mixamo</author>
      <authoring_tool>COLLADA Mixamo exporter</authoring_tool>
      <comments/>
    </contributor>
    <created>2025-11-14T05:17:32Z</created>
    <modified>2025-11-14T05:17:32Z</modified>
    <revision/>
    <title/>
    <unit meter="0.010000"/>
    <up_axis>Y_UP</up_axis>
  </asset>
  <library_animations>
    <animation id="mixamorig_Hips-anim" name="mixamorig_Hips">
      <source id="mixamorig_Hips-Matrix-animation-input">
        <float_array id="mixamorig_Hips-Matrix-animation-input-array" count="225">

0.000000 0.033333 0.066667 0.100000 0.133333 0.166667 0.200000 0.233333 0.266667 0.300000 0.333333 0.366667 0.400000 0.433333 0.466667 0.500000
0.533333 0.566667 0.600000 0.633333 0.666667 0.700000 0.733333 0.766667 0.800000 0.833333 0.866667 0.900000 0.933333 0.966667 1.000000 1.033333
1.066667 1.100000 1.133333 1.166667 1.200000 1.233333 1.266667 1.300000 1.333333 1.366667 1.400000 1.433333 1.466667 1.500000 1.533333 1.566667
1.600000 1.633333 1.666667 1.700000 1.733333 1.766667 1.800000 1.833333 1.866667 1.900000 1.933333 1.966667 2.000000 2.033333 2.066667 2.100000
2.133333 2.166667 2.200000 2.233333 2.266667 2.300000 2.333333 2.366667 2.400000 2.433333 2.466667 2.500000 2.533333 2.566667 2.600000 2.633333
2.666667 2.700000 2.733333 2.766667 2.800000 2.833333 2.866667 2.900000 2.933333 2.966667 3.000000 3.033333 3.066667 3.100000 3.133333 3.166667
3.200000 3.233333 3.266667 3.300000 3.333333 3.366667 3.400000 3.433333 3.466667 3.500000 3.533333 3.566667 3.600000 3.633333 3.666667 3.700000
3.733333 3.766667 3.800000 3.833333 3.866667 3.900000 3.933333 3.966667 4.000000 4.033333 4.066667 4.100000 4.133333 4.166667 4.200000 4.233333
4.266667 4.300000 4.333333 4.366667 4.400000 4.433333 4.466667 4.500000 4.533333 4.566667 4.600000 4.633333 4.666667 4.700000 4.733333 4.766667
4.800000 4.833333 4.866667 4.900000 4.933333 4.966667 5.000000 5.033333 5.066667 5.100000 5.133333 5.166667 5.200000 5.233333 5.266667 5.300000
5.333333 5.366667 5.400000 5.433333 5.466667 5.500000 5.533333 5.566667 5.600000 5.633333 5.666667 5.700000 5.733333 5.766667 5.800000 5.833333
5.866667 5.900000 5.933333 5.966667 6.000000 6.033333 6.066667 6.100000 6.133333 6.166667 6.200000 6.233333 6.266667 6.300000 6.333333 6.366667
6.400000 6.433333 6.466667 6.500000 6.533333 6.566667 6.600000 6.633333 6.666667 6.700000 6.733333 6.766667 6.800000 6.833333 6.866667 6.900000
6.933333 6.966667 7.000000 7.033333 7.066667 7.100000 7.133333 7.166667 7.200000 7.233333 7.266667 7.300000 7.333333 7.366667 7.400000 7.433333
7.466667</float_array>
        <technique_common>
          <accessor source="#mixamorig_Hips-Matrix-animation-input-array" count="225">
            <param name="TIME" type="float"/>
          </accessor>
        </technique_common>
      </source>
      <source id="mixamorig_Hips-Matrix-animation-output-transform">
        <float_array id="mixamorig_Hips-Matrix-animation-output-transform-array" count="3600">

0.522569 -0.060166 -0.850471 0.204833 0.069742 0.997181 -0.027692 100.640373 0.849740 -0.044842 0.525292 -0.652149 0.000000 0.000000 0.000000 1.000000
0.523798 -0.060546 -0.849688 0.242119 0.069832 0.997166 -0.028005 100.641090 0.848976 -0.044667 0.526541 -0.514405 0.000000 0.000000 0.000000 1.000000
0.524275 -0.060942 -0.849366 0.395684 0.069595 0.997166 -0.028589 100.672958 0.848700 -0.044123 0.527030 -0.059636 0.000000 0.000000 0.000000 1.000000
0.523486 -0.061418 -0.849818 0.736262 0.068874 0.997185 -0.029642 100.753143 0.849246 -0.043013 0.526243 0.911048 0.000000 0.000000 0.000000 1.000000
0.522470 -0.061970 -0.850403 1.098981 0.068155 0.997199 -0.030794 100.836716 0.849930 -0.041870 0.525230 1.950738 0.000000 0.000000 0.000000 1.000000
0.521304 -0.062556 -0.851075 1.479278 0.067414 0.997212 -0.032005 100.923958 0.850704 -0.040690 0.524067 3.041807 0.000000 0.000000 0.000000 1.000000
0.520068 -0.063133 -0.851788 1.872589 0.066627 0.997224 -0.033233 101.015213 0.851522 -0.039468 0.522831 4.166628 0.000000 0.000000 0.000000 1.000000
0.518842 -0.063660 -0.852497 2.274349 0.065770 0.997240 -0.034440 101.110771 0.852337 -0.038200 0.521597 5.307576 0.000000 0.000000 0.000000 1.000000
0.517704 -0.064093 -0.853156 2.679997 0.064821 0.997262 -0.035585 101.210953 0.853101 -0.036880 0.520441 6.447023 0.000000 0.000000 0.000000 1.000000
0.516735 -0.064390 -0.853720 3.084967 0.063756 0.997293 -0.036629 101.316063 0.853768 -0.035502 0.519442 7.567344 0.000000 0.000000 0.000000 1.000000
0.516014 -0.064506 -0.854148 3.484697 0.062550 0.997336 -0.037531 101.426422 0.854293 -0.034061 0.518675 8.650911 0.000000 0.000000 0.000000 1.000000
0.516034 -0.063909 -0.854181 3.899211 0.060688 0.997435 -0.037964 101.567238 0.854416 -0.032248 0.518589 9.698513 0.000000 0.000000 0.000000 1.000000
0.516879 -0.062516 -0.853773 4.330546 0.058082 0.997593 -0.037884 101.741646 0.854086 -0.030008 0.519266 10.693664 0.000000 0.000000 0.000000 1.000000
0.518023 -0.060955 -0.853192 4.747160 0.055353 0.997756 -0.037675 101.916855 0.853574 -0.027710 0.520235 11.592831 0.000000 0.000000 0.000000 1.000000
0.520543 -0.058782 -0.851810 5.079649 0.052238 0.997951 -0.036944 102.085129 0.852236 -0.025266 0.522547 11.997562 0.000000 0.000000 0.000000 1.000000
0.523618 -0.056440 -0.850081 5.273471 0.048985 0.998147 -0.036097 102.257233 0.850544 -0.022740 0.525413 12.383796 0.000000 0.000000 0.000000 1.000000
0.526993 -0.054003 -0.848152 5.423672 0.045753 0.998335 -0.035137 102.429512 0.848637 -0.020289 0.528586 12.691492 0.000000 0.000000 0.000000 1.000000
0.530844 -0.051437 -0.845907 5.542198 0.042667 0.998513 -0.033940 102.600609 0.846395 -0.018075 0.532249 12.819666 0.000000 0.000000 0.000000 1.000000
0.534947 -0.048794 -0.843475 5.632697 0.039693 0.998680 -0.032598 102.769920 0.843952 -0.016042 0.536178 12.834146 0.000000 0.000000 0.000000 1.000000
0.539354 -0.046092 -0.840817 5.670293 0.037112 0.998832 -0.030949 102.932449 0.841261 -0.014512 0.540434 12.636767 0.000000 0.000000 0.000000 1.000000
0.543980 -0.043352 -0.837977 5.642934 0.034962 0.998968 -0.028985 103.087959 0.838369 -0.013530 0.544935 12.263148 0.000000 0.000000 0.000000 1.000000
0.548773 -0.040603 -0.834984 5.493377 0.033660 0.999083 -0.026461 103.231194 0.835293 -0.013584 0.549637 11.630218 0.000000 0.000000 0.000000 1.000000
0.553600 -0.037852 -0.831922 5.319397 0.032531 0.999187 -0.023815 103.371948 0.832147 -0.013879 0.554381 10.945229 0.000000 0.000000 0.000000 1.000000
0.558690 -0.035045 -0.828636 5.121264 0.031923 0.999275 -0.020738 103.509918 0.828762 -0.014867 0.559404 10.205245 0.000000 0.000000 0.000000 1.000000
0.565244 -0.031972 -0.824304 4.802450 0.034180 0.999298 -0.015321 103.633842 0.824215 -0.019514 0.565941 9.189315 0.000000 0.000000 0.000000 1.000000
0.573251 -0.029037 -0.818865 4.412455 0.034116 0.999351 -0.011554 103.756210 0.818669 -0.021313 0.573870 8.086088 0.000000 0.000000 0.000000 1.000000
0.582276 -0.026139 -0.812571 3.957764 0.036401 0.999319 -0.006062 103.870628 0.812176 -0.026048 0.582831 6.829698 0.000000 0.000000 0.000000 1.000000
0.591888 -0.022925 -0.805694 3.446184 0.038677 0.999252 -0.000019 103.980537 0.805091 -0.031150 0.592332 5.480753 0.000000 0.000000 0.000000 1.000000
0.601794 -0.019254 -0.798420 2.888158 0.040195 0.999173 0.006202 104.083618 0.797640 -0.035825 0.602070 4.082439 0.000000 0.000000 0.000000 1.000000
0.611013 -0.015288 -0.791473 2.276668 0.039229 0.999170 0.010984 104.184761 0.790648 -0.037760 0.611106 2.702085 0.000000 0.000000 0.000000 1.000000
0.620390 -0.011260 -0.784213 1.655632 0.037858 0.999161 0.015603 104.286934 0.783379 -0.039369 0.620296 1.311119 0.000000 0.000000 0.000000 1.000000
0.628800 -0.007341 -0.777533 1.036910 0.036267 0.999144 0.019896 104.385536 0.776721 -0.040710 0.628528 -0.044102 0.000000 0.000000 0.000000 1.000000
0.635158 -0.003703 -0.772374 0.432358 0.034671 0.999117 0.023721 104.475967 0.771604 -0.041845 0.634725 -1.317221 0.000000 0.000000 0.000000 1.000000
0.639361 -0.000357 -0.768906 -0.168799 0.032913 0.999096 0.026904 104.566147 0.768202 -0.042508 0.638795 -2.518014 0.000000 0.000000 0.000000 1.000000
0.641972 0.002795 -0.766723 -0.768242 0.030979 0.999082 0.029581 104.655464 0.766102 -0.042743 0.641297 -3.663825 0.000000 0.000000 0.000000 1.000000
0.642919 0.005741 -0.765913 -1.340460 0.029321 0.999054 0.032101 104.726578 0.765373 -0.043096 0.642143 -4.719650 0.000000 0.000000 0.000000 1.000000
0.642126 0.008461 -0.766552 -1.859946 0.028391 0.998991 0.034809 104.762131 0.766073 -0.044115 0.641238 -5.650485 0.000000 0.000000 0.000000 1.000000
0.639550 0.010932 -0.768671 -2.323163 0.028301 0.998886 0.037754 104.758438 0.768228 -0.045900 0.638529 -6.451144 0.000000 0.000000 0.000000 1.000000
0.635529 0.013220 -0.771964 -2.750825 0.028720 0.998757 0.040749 104.729538 0.771542 -0.048068 0.634359 -7.159527 0.000000 0.000000 0.000000 1.000000
0.630553 0.015440 -0.775992 -3.153805 0.029426 0.998608 0.043780 104.684662 0.775588 -0.050440 0.629221 -7.805258 0.000000 0.000000 0.000000 1.000000
0.625120 0.017699 -0.780328 -3.542973 0.030202 0.998446 0.046842 104.633003 0.779944 -0.052850 0.623614 -8.417961 0.000000 0.000000 0.000000 1.000000
0.619737 0.020095 -0.784552 -3.929203 0.030843 0.998276 0.049933 104.583801 0.784203 -0.055143 0.618049 -9.027260 0.000000 0.000000 0.000000 1.000000
0.611242 0.023110 -0.791106 -4.190248 0.031555 0.998067 0.053537 104.492630 0.790814 -0.057687 0.609331 -9.355312 0.000000 0.000000 0.000000 1.000000
0.601257 0.026781 -0.798607 -4.356013 0.031325 0.997880 0.057048 104.417755 0.798442 -0.059317 0.599143 -9.484662 0.000000 0.000000 0.000000 1.000000
0.590928 0.030582 -0.806144 -4.499818 0.030898 0.997690 0.060498 104.348122 0.806132 -0.060658 0.588618 -9.569047 0.000000 0.000000 0.000000 1.000000
0.580843 0.033891 -0.813310 -4.578124 0.030238 0.997545 0.063163 104.313377 0.813454 -0.061280 0.578393 -9.530132 0.000000 0.000000 0.000000 1.000000
0.571178 0.036395 -0.820019 -4.561216 0.029293 0.997476 0.064675 104.330963 0.820303 -0.060962 0.568670 -9.313684 0.000000 0.000000 0.000000 1.000000
0.561776 0.038351 -0.826400 -4.478808 0.028142 0.997461 0.065420 104.383430 0.826810 -0.060008 0.559271 -8.973931 0.000000 0.000000 0.000000 1.000000
0.552744 0.039990 -0.832391 -4.376497 0.026930 0.997469 0.065803 104.448090 0.832916 -0.058789 0.550268 -8.595242 0.000000 0.000000 0.000000 1.000000
0.545910 0.040150 -0.836881 -4.189864 0.025392 0.997600 0.064424 104.566154 0.837459 -0.056420 0.543580 -8.049972 0.000000 0.000000 0.000000 1.000000
0.540778 0.039476 -0.840239 -3.995111 0.025576 0.997665 0.063333 104.721031 0.840777 -0.055739 0.538505 -7.450264 0.000000 0.000000 0.000000 1.000000
0.536007 0.038621 -0.843330 -3.798743 0.026036 0.997722 0.062239 104.883751 0.843812 -0.055317 0.533780 -6.838755 0.000000 0.000000 0.000000 1.000000
0.532083 0.037321 -0.845870 -3.600879 0.025990 0.997837 0.060375 105.061615 0.846293 -0.054108 0.529962 -6.201756 0.000000 0.000000 0.000000 1.000000
0.529375 0.035363 -0.847650 -3.401082 0.025009 0.998046 0.057256 105.261986 0.848019 -0.051509 0.527457 -5.527330 0.000000 0.000000 0.000000 1.000000
0.527525 0.032949 -0.848900 -3.199789 0.023545 0.998297 0.053379 105.477493 0.849213 -0.048146 0.525851 -4.827414 0.000000 0.000000 0.000000 1.000000
0.525925 0.030427 -0.849986 -2.998428 0.022149 0.998531 0.049450 105.693314 0.850242 -0.044834 0.524479 -4.124128 0.000000 0.000000 0.000000 1.000000
0.525407 0.027548 -0.850405 -2.797207 0.021238 0.998740 0.045475 105.905724 0.850586 -0.041954 0.524160 -3.411370 0.000000 0.000000 0.000000 1.000000
0.525842 0.024735 -0.850223 -2.593827 0.020992 0.998895 0.042043 106.101486 0.850323 -0.039956 0.524742 -2.702152 0.000000 0.000000 0.000000 1.000000
0.527259 0.022136 -0.849416 -2.387991 0.021139 0.999009 0.039156 106.274345 0.849442 -0.038601 0.526269 -1.997808 0.000000 0.000000 0.000000 1.000000
0.529636 0.019906 -0.847991 -2.180062 0.020683 0.999124 0.036372 106.415947 0.847973 -0.036803 0.528760 -1.284802 0.000000 0.000000 0.000000 1.000000
0.532272 0.017862 -0.846385 -1.971492 0.019957 0.999235 0.033638 106.545456 0.846338 -0.034796 0.531508 -0.569086 0.000000 0.000000 0.000000 1.000000
0.535259 0.016346 -0.844530 -1.761809 0.018501 0.999346 0.031069 106.645813 0.844485 -0.032255 0.534607 0.151518 0.000000 0.000000 0.000000 1.000000
0.538635 0.015840 -0.842390 -1.555704 0.015988 0.999451 0.029017 106.689209 0.842387 -0.029098 0.538086 0.865239 0.000000 0.000000 0.000000 1.000000
0.541917 0.015398 -0.840291 -1.348907 0.013218 0.999552 0.026841 106.731499 0.840328 -0.025652 0.541471 1.583530 0.000000 0.000000 0.000000 1.000000
0.545272 0.015085 -0.838123 -1.142990 0.010421 0.999639 0.024772 106.767349 0.838194 -0.022242 0.544918 2.298104 0.000000 0.000000 0.000000 1.000000
0.548870 0.014964 -0.835774 -0.939526 0.007833 0.999704 0.023043 106.791458 0.835871 -0.019195 0.548590 3.000673 0.000000 0.000000 0.000000 1.000000
0.552881 0.015095 -0.833123 -0.740089 0.005691 0.999744 0.021890 106.798492 0.833241 -0.016844 0.552654 3.682948 0.000000 0.000000 0.000000 1.000000
0.557965 0.015877 -0.829713 -0.545976 0.004214 0.999750 0.021964 106.764496 0.829854 -0.015752 0.557758 4.337708 0.000000 0.000000 0.000000 1.000000
0.563915 0.017165 -0.825654 -0.360133 0.003619 0.999723 0.023256 106.692940 0.825825 -0.016102 0.563697 4.951444 0.000000 0.000000 0.000000 1.000000
0.569622 0.018200 -0.821705 -0.186611 0.004154 0.999678 0.025021 106.619614 0.821896 -0.017666 0.569364 5.506447 0.000000 0.000000 0.000000 1.000000
0.574719 0.018767 -0.818135 -0.028238 0.006623 0.999598 0.027582 106.554535 0.818324 -0.021270 0.574364 5.978227 0.000000 0.000000 0.000000 1.000000
0.579559 0.019028 -0.814708 0.117815 0.010296 0.999477 0.030667 106.487686 0.814865 -0.026162 0.579060 6.391273 0.000000 0.000000 0.000000 1.000000
0.584153 0.018837 -0.811425 0.255993 0.013080 0.999382 0.032616 106.424866 0.811538 -0.029666 0.583546 6.801347 0.000000 0.000000 0.000000 1.000000
0.587718 0.016630 -0.808895 0.356276 0.010413 0.999550 0.028115 106.384071 0.808999 -0.024947 0.587280 7.215142 0.000000 0.000000 0.000000 1.000000
0.590139 0.013233 -0.807193 0.417817 0.009874 0.999673 0.023608 106.355408 0.807242 -0.021903 0.589815 7.509081 0.000000 0.000000 0.000000 1.000000
0.592309 0.009628 -0.805653 0.471316 0.009717 0.999771 0.019092 106.329605 0.805652 -0.019137 0.592080 7.778636 0.000000 0.000000 0.000000 1.000000
0.593922 0.006119 -0.804499 0.512392 0.009234 0.999853 0.014422 106.313324 0.804470 -0.015994 0.593778 8.017632 0.000000 0.000000 0.000000 1.000000
0.594566 0.002814 -0.804042 0.530383 0.007792 0.999927 0.009262 106.315002 0.804009 -0.011772 0.594500 8.206566 0.000000 0.000000 0.000000 1.000000
0.593886 -0.000234 -0.804549 0.523288 0.006011 0.999973 0.004145 106.337547 0.804527 -0.007298 0.593872 8.323431 0.000000 0.000000 0.000000 1.000000
0.592127 -0.003039 -0.805839 0.499966 0.004533 0.999990 -0.000440 106.378082 0.805832 -0.003393 0.592135 8.383898 0.000000 0.000000 0.000000 1.000000
0.589742 -0.005719 -0.807572 0.466770 0.003088 0.999984 -0.004826 106.427635 0.807586 0.000352 0.589750 8.410864 0.000000 0.000000 0.000000 1.000000
0.586821 -0.008221 -0.809675 0.428542 0.001470 0.999958 -0.009087 106.475410 0.809716 0.004142 0.586808 8.405252 0.000000 0.000000 0.000000 1.000000
0.583099 -0.010396 -0.812335 0.379890 -0.000740 0.999911 -0.013328 106.527428 0.812401 0.008373 0.583039 8.357914 0.000000 0.000000 0.000000 1.000000
0.578083 -0.012194 -0.815887 0.327646 -0.002844 0.999852 -0.016959 106.553963 0.815973 0.012124 0.577962 8.215461 0.000000 0.000000 0.000000 1.000000
0.572067 -0.013706 -0.820092 0.282322 -0.004349 0.999796 -0.019743 106.539078 0.820195 0.014860 0.571891 7.983196 0.000000 0.000000 0.000000 1.000000
0.565620 -0.015096 -0.824528 0.238348 -0.005699 0.999737 -0.022213 106.511566 0.824646 0.017263 0.565386 7.717816 0.000000 0.000000 0.000000 1.000000
0.558907 -0.016548 -0.829065 0.194778 -0.006846 0.999675 -0.024569 106.474098 0.829202 0.019408 0.558612 7.430971 0.000000 0.000000 0.000000 1.000000
0.552096 -0.018248 -0.833581 0.150667 -0.007747 0.999605 -0.027013 106.429382 0.833745 0.021371 0.551736 7.134308 0.000000 0.000000 0.000000 1.000000
0.544344 -0.021326 -0.838591 0.104162 -0.006912 0.999529 -0.029905 106.316696 0.838834 0.022074 0.543940 6.727022 0.000000 0.000000 0.000000 1.000000
0.534461 -0.027368 -0.844750 0.046075 -0.001728 0.999438 -0.033474 106.107803 0.845191 0.019350 0.534114 6.037738 0.000000 0.000000 0.000000 1.000000
0.524227 -0.033660 -0.850913 -0.012616 0.003748 0.999300 -0.037220 105.888565 0.851570 0.016323 0.523986 5.311405 0.000000 0.000000 0.000000 1.000000
0.513534 -0.040304 -0.857122 -0.074676 0.009544 0.999103 -0.041262 105.655411 0.858016 0.013009 0.513458 4.562129 0.000000 0.000000 0.000000 1.000000
0.502274 -0.047403 -0.863408 -0.142871 0.015673 0.998831 -0.045721 105.404785 0.864566 0.009432 0.502430 3.804015 0.000000 0.000000 0.000000 1.000000
0.487342 -0.058604 -0.871243 -0.256762 0.026108 0.998277 -0.052545 105.013832 0.872821 0.002861 0.488032 2.937866 0.000000 0.000000 0.000000 1.000000
0.471370 -0.071973 -0.878994 -0.449606 0.046081 0.997313 -0.056950 104.503723 0.880731 -0.013661 0.473420 1.927538 0.000000 0.000000 0.000000 1.000000
0.454223 -0.085159 -0.886809 -0.658369 0.066601 0.995881 -0.061520 103.970879 0.888395 -0.031118 0.458024 0.889488 0.000000 0.000000 0.000000 1.000000
0.435555 -0.097437 -0.894873 -0.884981 0.086595 0.994049 -0.066087 103.431885 0.895987 -0.048707 0.441401 -0.159578 0.000000 0.000000 0.000000 1.000000
0.412881 -0.107328 -0.904439 -1.201479 0.109401 0.991687 -0.067739 102.867661 0.904191 -0.070978 0.421191 -1.258152 0.000000 0.000000 0.000000 1.000000
0.383028 -0.112415 -0.916871 -1.559805 0.127715 0.989480 -0.067964 102.387962 0.914865 -0.091066 0.393356 -2.318814 0.000000 0.000000 0.000000 1.000000
0.339827 -0.108995 -0.934151 -1.916988 0.129375 0.989237 -0.068358 102.114319 0.931547 -0.097626 0.350271 -3.196425 0.000000 0.000000 0.000000 1.000000
0.287740 -0.100553 -0.952415 -2.306721 0.128552 0.989528 -0.065634 102.061249 0.949042 -0.103549 0.297653 -3.999282 0.000000 0.000000 0.000000 1.000000
0.217617 -0.081432 -0.972631 -2.752897 0.110056 0.992205 -0.058447 102.359619 0.969810 -0.094324 0.224883 -4.754503 0.000000 0.000000 0.000000 1.000000
0.150186 -0.059964 -0.986838 -3.293857 0.114754 0.992470 -0.042842 103.077438 0.981975 -0.106810 0.155936 -5.375614 0.000000 0.000000 0.000000 1.000000
0.075694 -0.037020 -0.996444 -3.919310 0.152744 0.987947 -0.025101 104.293648 0.985363 -0.150301 0.080436 -5.963408 0.000000 0.000000 0.000000 1.000000
-0.017078 -0.008568 -0.999817 -4.567930 0.159277 0.987171 -0.011180 105.730362 0.987086 -0.159438 -0.015494 -6.580383 0.000000 0.000000 0.000000 1.000000
-0.098894 0.019241 -0.994912 -5.267353 0.134066 0.990955 0.005839 107.103432 0.986026 -0.132806 -0.100579 -6.994858 0.000000 0.000000 0.000000 1.000000
-0.164333 0.045501 -0.985355 -6.045217 0.110384 0.993509 0.027468 108.128723 0.980209 -0.104254 -0.168289 -6.975154 0.000000 0.000000 0.000000 1.000000
-0.228914 0.072974 -0.970708 -6.884990 0.104640 0.993253 0.049993 108.822083 0.967806 -0.090131 -0.235005 -6.540564 0.000000 0.000000 0.000000 1.000000
-0.299298 0.100651 -0.948836 -7.750269 0.103734 0.991959 0.072504 109.403465 0.948504 -0.076727 -0.307332 -5.906362 0.000000 0.000000 0.000000 1.000000
-0.372339 0.128677 -0.919133 -8.638878 0.110598 0.989437 0.093716 109.894875 0.921483 -0.066760 -0.382637 -5.134840 0.000000 0.000000 0.000000 1.000000
-0.444395 0.157337 -0.881906 -9.548642 0.126182 0.985635 0.112259 110.318321 0.886900 -0.061393 -0.457864 -4.288291 0.000000 0.000000 0.000000 1.000000
-0.512264 0.186154 -0.838410 -10.477387 0.147315 0.980803 0.127761 110.695831 0.846099 -0.058063 -0.529854 -3.429005 0.000000 0.000000 0.000000 1.000000
-0.574316 0.212826 -0.790485 -11.422938 0.166033 0.975829 0.142098 111.049400 0.801620 -0.049637 -0.595770 -2.619276 0.000000 0.000000 0.000000 1.000000
-0.630844 0.232452 -0.740272 -12.383121 0.170170 0.972290 0.160292 111.401031 0.757020 -0.024852 -0.652919 -1.921396 0.000000 0.000000 0.000000 1.000000
-0.669161 0.255525 -0.697804 -13.638801 0.181674 0.966781 0.179802 111.478531 0.720567 -0.006456 -0.693355 -1.546802 0.000000 0.000000 0.000000 1.000000
-0.684201 0.278835 -0.673884 -14.746184 0.204717 0.960303 0.189496 111.350861 0.699971 -0.008302 -0.714123 -1.384422 0.000000 0.000000 0.000000 1.000000
-0.689449 0.291312 -0.663172 -15.372153 0.217491 0.956571 0.194084 111.293831 0.690910 -0.010423 -0.722865 -1.221302 0.000000 0.000000 0.000000 1.000000
-0.689861 0.301939 -0.657970 -15.883421 0.229198 0.953212 0.197117 111.229126 0.686702 -0.014822 -0.726787 -1.092567 0.000000 0.000000 0.000000 1.000000
-0.686645 0.309305 -0.657913 -16.240582 0.239793 0.950692 0.196684 111.159332 0.686308 -0.022711 -0.726957 -0.948853 0.000000 0.000000 0.000000 1.000000
-0.680936 0.311933 -0.662589 -16.404228 0.249276 0.949450 0.190803 111.087067 0.688613 -0.035243 -0.724272 -0.740800 0.000000 0.000000 0.000000 1.000000
-0.670288 0.305360 -0.676365 -16.208689 0.256509 0.950576 0.174954 111.011475 0.696360 -0.056225 -0.715487 -0.427335 0.000000 0.000000 0.000000 1.000000
-0.654642 0.289941 -0.698125 -15.692477 0.261280 0.953387 0.150950 110.929932 0.709350 -0.083588 -0.699883 -0.028740 0.000000 0.000000 0.000000 1.000000
-0.638780 0.272232 -0.719618 -15.122471 0.265289 0.955884 0.126124 110.842377 0.722206 -0.110341 -0.682820 0.412319 0.000000 0.000000 0.000000 1.000000
-0.624378 0.250758 -0.739779 -14.372454 0.268144 0.958328 0.098524 110.724747 0.733656 -0.136851 -0.665598 1.051480 0.000000 0.000000 0.000000 1.000000
-0.613142 0.226857 -0.756699 -13.507686 0.266599 0.961106 0.072116 110.581635 0.743628 -0.157517 -0.649774 1.844128 0.000000 0.000000 0.000000 1.000000
-0.605569 0.201762 -0.769791 -12.541382 0.266793 0.962817 0.042476 110.398087 0.749738 -0.179653 -0.636881 2.624758 0.000000 0.000000 0.000000 1.000000
-0.597969 0.176076 -0.781940 -11.634662 0.264497 0.964272 0.014866 110.177567 0.756621 -0.197931 -0.623176 3.392745 0.000000 0.000000 0.000000 1.000000
-0.588716 0.150271 -0.794250 -10.917427 0.255015 0.966918 -0.006083 109.908813 0.767060 -0.206126 -0.607561 4.132544 0.000000 0.000000 0.000000 1.000000
-0.576981 0.124120 -0.807271 -10.333967 0.242366 0.969885 -0.024104 109.556236 0.779969 -0.209563 -0.589688 4.864680 0.000000 0.000000 0.000000 1.000000
-0.556860 0.096917 -0.824933 -10.057019 0.226705 0.973194 -0.038699 108.905579 0.799069 -0.208567 -0.563905 5.612195 0.000000 0.000000 0.000000 1.000000
-0.525644 0.070582 -0.847772 -9.968391 0.209862 0.976511 -0.048820 107.872856 0.824413 -0.203578 -0.528110 6.548489 0.000000 0.000000 0.000000 1.000000
-0.468052 0.048526 -0.882368 -9.886081 0.193302 0.979933 -0.048645 106.594864 0.862300 -0.193332 -0.468040 7.863494 0.000000 0.000000 0.000000 1.000000
-0.403410 0.027547 -0.914605 -9.803840 0.174463 0.983526 -0.047328 105.269753 0.898233 -0.178657 -0.401570 9.252028 0.000000 0.000000 0.000000 1.000000
-0.331348 0.008285 -0.943472 -9.703764 0.157875 0.986350 -0.046784 103.926529 0.930207 -0.164452 -0.328133 10.680897 0.000000 0.000000 0.000000 1.000000
-0.230862 -0.006864 -0.972962 -9.508546 0.153187 0.987248 -0.043313 102.502426 0.960852 -0.159044 -0.226867 12.300371 0.000000 0.000000 0.000000 1.000000
-0.117582 -0.020411 -0.992853 -9.262336 0.147795 0.988295 -0.037820 101.038528 0.982004 -0.151185 -0.113189 13.964707 0.000000 0.000000 0.000000 1.000000
0.022271 -0.031893 -0.999243 -8.987209 0.165785 0.985771 -0.027768 99.504227 0.985910 -0.165042 0.027241 15.806831 0.000000 0.000000 0.000000 1.000000
0.149100 -0.037274 -0.988119 -8.728990 0.105233 0.994212 -0.021625 97.943039 0.983207 -0.100758 0.152160 17.725903 0.000000 0.000000 0.000000 1.000000
0.305727 -0.035803 -0.951446 -8.584219 0.061696 0.997938 -0.017728 96.317810 0.950118 -0.053280 0.307305 19.851921 0.000000 0.000000 0.000000 1.000000
0.472356 -0.026762 -0.881001 -8.629222 0.021979 0.999586 -0.018580 94.628906 0.881134 -0.010587 0.472749 21.899113 0.000000 0.000000 0.000000 1.000000
0.637222 -0.013021 -0.770570 -9.012064 -0.007981 0.999692 -0.023493 92.917435 0.770639 0.021120 0.636922 23.892323 0.000000 0.000000 0.000000 1.000000
0.775137 0.000649 -0.631793 -9.522522 -0.034735 0.998531 -0.041590 91.236511 0.630838 0.054184 0.774020 25.851471 0.000000 0.000000 0.000000 1.000000
0.876796 0.008027 -0.480795 -10.188581 -0.053091 0.995364 -0.080200 89.644348 0.477922 0.095845 0.873158 27.764036 0.000000 0.000000 0.000000 1.000000
0.945177 0.016231 -0.326155 -10.901216 -0.061157 0.989891 -0.127968 88.098160 0.320781 0.140899 0.936615 29.626019 0.000000 0.000000 0.000000 1.000000
0.979446 0.018839 -0.200824 -11.505961 -0.057625 0.980268 -0.189089 86.614304 0.193299 0.196775 0.961205 31.343145 0.000000 0.000000 0.000000 1.000000
0.994274 0.020324 -0.104913 -12.004354 -0.046426 0.966412 -0.252769 85.226967 0.096252 0.256192 0.961822 32.857353 0.000000 0.000000 0.000000 1.000000
0.999168 0.021738 -0.034514 -12.445817 -0.030557 0.959404 -0.280374 84.265472 0.027018 0.281195 0.959270 33.795879 0.000000 0.000000 0.000000 1.000000
0.999629 0.021740 0.016419 -12.871077 -0.015661 0.951691 -0.306656 83.648384 -0.022292 0.306286 0.951679 34.741436 0.000000 0.000000 0.000000 1.000000
0.998325 0.020424 0.054127 -13.263733 -0.000976 0.941425 -0.337221 83.273674 -0.057844 0.336604 0.939868 35.761333 0.000000 0.000000 0.000000 1.000000
0.996208 0.020691 0.084503 -13.589731 0.010907 0.933942 -0.357258 82.960129 -0.086313 0.356825 0.930175 36.637878 0.000000 0.000000 0.000000 1.000000
0.993278 0.022991 0.113444 -13.888578 0.021224 0.927283 -0.373758 82.668571 -0.113788 0.373654 0.920562 37.457527 0.000000 0.000000 0.000000 1.000000
0.989284 0.030936 0.142690 -14.118324 0.026717 0.922440 -0.385215 82.425880 -0.143540 0.384900 0.911728 38.136021 0.000000 0.000000 0.000000 1.000000
0.984254 0.042505 0.171572 -14.282980 0.030142 0.916080 -0.399862 82.194077 -0.174170 0.398737 0.900374 38.762001 0.000000 0.000000 0.000000 1.000000
0.978611 0.055382 0.198123 -14.376921 0.031544 0.911294 -0.410546 82.000954 -0.203285 0.408014 0.890056 39.217693 0.000000 0.000000 0.000000 1.000000
0.972827 0.067431 0.221497 -14.412093 0.031591 0.909047 -0.415495 81.841545 -0.229368 0.411202 0.882215 39.477669 0.000000 0.000000 0.000000 1.000000
0.967335 0.077568 0.241343 -14.411102 0.030923 0.908821 -0.416039 81.709091 -0.251609 0.409912 0.876735 39.570667 0.000000 0.000000 0.000000 1.000000
0.962588 0.085361 0.257173 -14.397727 0.030875 0.908353 -0.417064 81.580521 -0.269205 0.409401 0.871734 39.586376 0.000000 0.000000 0.000000 1.000000
0.959021 0.090835 0.268381 -14.385848 0.030670 0.908371 -0.417040 81.463539 -0.281671 0.408181 0.868360 39.516613 0.000000 0.000000 0.000000 1.000000
0.956913 0.094162 0.274684 -14.385584 0.030202 0.908558 -0.416666 81.358772 -0.288800 0.407009 0.866567 39.388969 0.000000 0.000000 0.000000 1.000000
0.956269 0.095490 0.276461 -14.400856 0.029322 0.909147 -0.415442 81.272049 -0.291014 0.405381 0.866589 39.221001 0.000000 0.000000 0.000000 1.000000
0.956967 0.094882 0.274249 -14.425958 0.027960 0.910497 -0.412569 81.209198 -0.288848 0.402483 0.868662 39.025879 0.000000 0.000000 0.000000 1.000000
0.958908 0.092423 0.268243 -14.449239 0.026254 0.912493 -0.408250 81.167236 -0.282501 0.398516 0.872570 38.809288 0.000000 0.000000 0.000000 1.000000
0.962107 0.088415 0.257940 -14.449184 0.023666 0.915324 -0.402023 81.142532 -0.271643 0.392893 0.878547 38.562214 0.000000 0.000000 0.000000 1.000000
0.966646 0.083064 0.242273 -14.403005 0.020000 0.918577 -0.394736 81.135445 -0.255334 0.386415 0.886277 38.259586 0.000000 0.000000 0.000000 1.000000
0.972644 0.076281 0.219418 -14.283425 0.014375 0.922974 -0.384594 81.145920 -0.231854 0.377227 0.896629 37.834579 0.000000 0.000000 0.000000 1.000000
0.979945 0.067501 0.187487 -14.057537 0.007055 0.928536 -0.371175 81.169991 -0.199143 0.365054 0.909438 37.246998 0.000000 0.000000 0.000000 1.000000
0.987949 0.055816 0.144364 -13.687818 -0.000342 0.933497 -0.358584 81.191483 -0.154778 0.354213 0.922267 36.547192 0.000000 0.000000 0.000000 1.000000
0.995290 0.041283 0.087718 -13.145855 -0.008198 0.937403 -0.348150 81.226128 -0.096600 0.345791 0.933326 35.772278 0.000000 0.000000 0.000000 1.000000
0.999577 0.023958 0.016471 -12.433533 -0.017150 0.943350 -0.331356 81.360397 -0.023477 0.330934 0.943362 34.844803 0.000000 0.000000 0.000000 1.000000
0.998084 0.005091 -0.061669 -11.556740 -0.024067 0.950078 -0.311084 81.602173 0.057007 0.311972 0.948380 33.821190 0.000000 0.000000 0.000000 1.000000
0.989559 -0.013674 -0.143477 -10.504342 -0.028635 0.956991 -0.288700 81.965538 0.141254 0.289794 0.946608 32.696442 0.000000 0.000000 0.000000 1.000000
0.973259 -0.031854 -0.227491 -9.302052 -0.030333 0.963845 -0.264732 82.457825 0.227699 0.264553 0.937105 31.180124 0.000000 0.000000 0.000000 1.000000
0.948901 -0.048440 -0.311835 -8.025928 -0.029263 0.970385 -0.239784 83.181458 0.314215 0.236657 0.919382 29.410301 0.000000 0.000000 0.000000 1.000000
0.916643 -0.062604 -0.394774 -6.774249 -0.025693 0.976387 -0.214494 84.179199 0.398881 0.206757 0.893390 27.576752 0.000000 0.000000 0.000000 1.000000
0.876998 -0.073817 -0.474790 -5.676908 -0.019958 0.981680 -0.189491 85.470940 0.480079 0.175659 0.859458 25.675547 0.000000 0.000000 0.000000 1.000000
0.830835 -0.081773 -0.550479 -4.847786 -0.012508 0.986152 -0.165371 86.912598 0.556379 0.144281 0.818306 23.703659 0.000000 0.000000 0.000000 1.000000
0.779379 -0.086458 -0.620559 -4.334987 -0.003787 0.989765 -0.142653 88.425682 0.626541 0.113531 0.771075 21.670986 0.000000 0.000000 0.000000 1.000000
0.724014 -0.087948 -0.684156 -4.140403 0.005514 0.992545 -0.121757 89.978958 0.689764 0.084381 0.719101 19.570103 0.000000 0.000000 0.000000 1.000000
0.666612 -0.086812 -0.740332 -4.166689 0.014958 0.994553 -0.103154 91.562271 0.745255 0.057690 0.664280 17.438896 0.000000 0.000000 0.000000 1.000000
0.612878 -0.083670 -0.785735 -4.332489 0.019953 0.995700 -0.090466 93.173416 0.789925 0.039767 0.611912 15.359354 0.000000 0.000000 0.000000 1.000000
0.568638 -0.079290 -0.818757 -4.515956 0.020093 0.996385 -0.082537 94.804344 0.822342 0.030482 0.568176 13.334284 0.000000 0.000000 0.000000 1.000000
0.535909 -0.074884 -0.840948 -4.754951 0.021761 0.996953 -0.074908 96.385078 0.843995 0.021844 0.535905 11.314592 0.000000 0.000000 0.000000 1.000000
0.512756 -0.071984 -0.855511 -5.011349 0.032311 0.997391 -0.064556 97.903419 0.857926 0.005459 0.513744 9.190451 0.000000 0.000000 0.000000 1.000000
0.495433 -0.071438 -0.865704 -5.244906 0.045682 0.997376 -0.056160 99.425217 0.867444 -0.011723 0.497396 7.030835 0.000000 0.000000 0.000000 1.000000
0.480459 -0.072397 -0.874024 -5.464855 0.059431 0.996984 -0.049912 100.931366 0.875001 -0.027963 0.483312 4.773254 0.000000 0.000000 0.000000 1.000000
0.465511 -0.073095 -0.882019 -5.675028 0.070557 0.996477 -0.045342 102.389633 0.882225 -0.041125 0.469028 2.751869 0.000000 0.000000 0.000000 1.000000
0.448487 -0.072780 -0.890821 -5.824215 0.079704 0.995965 -0.041243 103.717957 0.890228 -0.052506 0.452478 1.095395 0.000000 0.000000 0.000000 1.000000
0.428023 -0.071994 -0.900896 -5.888622 0.085655 0.995567 -0.038864 104.920105 0.899699 -0.060531 0.432293 -0.210433 0.000000 0.000000 0.000000 1.000000
0.403959 -0.072039 -0.911936 -5.890698 0.089815 0.995201 -0.038831 105.852753 0.910357 -0.066220 0.408491 -1.212020 0.000000 0.000000 0.000000 1.000000
0.377799 -0.073868 -0.922936 -5.881800 0.092723 0.994820 -0.041666 106.577789 0.921233 -0.069836 0.382691 -1.951044 0.000000 0.000000 0.000000 1.000000
0.351885 -0.077873 -0.932798 -5.851601 0.095138 0.994348 -0.047122 107.117569 0.931196 -0.072164 0.357305 -2.498216 0.000000 0.000000 0.000000 1.000000
0.328742 -0.083586 -0.940713 -5.780065 0.097189 0.993782 -0.054338 107.486893 0.939406 -0.073564 0.334822 -2.877967 0.000000 0.000000 0.000000 1.000000
0.311462 -0.089877 -0.945999 -5.659392 0.098917 0.993175 -0.061791 107.675865 0.945096 -0.074330 0.318227 -3.078359 0.000000 0.000000 0.000000 1.000000
0.296568 -0.096054 -0.950169 -5.520348 0.100158 0.992571 -0.069079 107.801094 0.949745 -0.074680 0.303985 -3.209969 0.000000 0.000000 0.000000 1.000000
0.287771 -0.101284 -0.952328 -5.338584 0.101079 0.992050 -0.074965 107.787949 0.952350 -0.074687 0.295721 -3.177029 0.000000 0.000000 0.000000 1.000000
0.283038 -0.106275 -0.953203 -5.125502 0.101537 0.991577 -0.080404 107.658066 0.953719 -0.074028 0.291445 -3.036925 0.000000 0.000000 0.000000 1.000000
0.281871 -0.110831 -0.953030 -4.879436 0.101604 0.991168 -0.085216 107.420921 0.954057 -0.072812 0.290642 -2.817524 0.000000 0.000000 0.000000 1.000000
0.284101 -0.114885 -0.951887 -4.611814 0.101467 0.990823 -0.089300 107.072113 0.953410 -0.071215 0.293151 -2.538871 0.000000 0.000000 0.000000 1.000000
0.290829 -0.118174 -0.949449 -4.318735 0.101180 0.990577 -0.092301 106.713684 0.951410 -0.069222 0.300045 -2.221796 0.000000 0.000000 0.000000 1.000000
0.299584 -0.121107 -0.946352 -4.016121 0.100837 0.990374 -0.094819 106.356949 0.948726 -0.067021 0.308912 -1.903159 0.000000 0.000000 0.000000 1.000000
0.313971 -0.123142 -0.941413 -3.691290 0.100694 0.990280 -0.095952 106.018295 0.944078 -0.064668 0.323319 -1.615133 0.000000 0.000000 0.000000 1.000000
0.333555 -0.124368 -0.934491 -3.353932 0.100837 0.990280 -0.095800 105.690514 0.937322 -0.062277 0.342853 -1.389398 0.000000 0.000000 0.000000 1.000000
0.358016 -0.124808 -0.925337 -3.006974 0.101232 0.990373 -0.094413 105.369942 0.928212 -0.059873 0.367204 -1.230237 0.000000 0.000000 0.000000 1.000000
0.385721 -0.124575 -0.914166 -2.653508 0.101678 0.990547 -0.092082 105.049789 0.916995 -0.057432 0.394741 -1.125358 0.000000 0.000000 0.000000 1.000000
0.413913 -0.123752 -0.901866 -2.296609 0.101890 0.990789 -0.089192 104.725288 0.904596 -0.054973 0.422710 -1.029423 0.000000 0.000000 0.000000 1.000000
0.440038 -0.122439 -0.889593 -1.936841 0.101683 0.991083 -0.086110 104.395897 0.892203 -0.052565 0.448564 -0.902200 0.000000 0.000000 0.000000 1.000000
0.462751 -0.120757 -0.878225 -1.580150 0.101065 0.991406 -0.083066 104.070290 0.880708 -0.050319 0.470979 -0.720246 0.000000 0.000000 0.000000 1.000000
0.483657 -0.118807 -0.867157 -1.231647 0.100288 0.991742 -0.079941 103.745712 0.869493 -0.048301 0.491578 -0.479629 0.000000 0.000000 0.000000 1.000000
0.499437 -0.116224 -0.858519 -0.888652 0.099077 0.992121 -0.076674 103.426285 0.860667 -0.046765 0.507017 -0.179787 0.000000 0.000000 0.000000 1.000000
0.506978 -0.112874 -0.854536 -0.551048 0.097028 0.992561 -0.073541 103.113403 0.856480 -0.045630 0.514159 0.171824 0.000000 0.000000 0.000000 1.000000
0.511024 -0.109147 -0.852608 -0.228907 0.094671 0.993018 -0.070379 102.807106 0.854337 -0.044751 0.517789 0.560914 0.000000 0.000000 0.000000 1.000000
0.513434 -0.105103 -0.851668 0.073155 0.092241 0.993480 -0.066996 102.504921 0.853157 -0.044161 0.519781 0.962726 0.000000 0.000000 0.000000 1.000000
0.515760 -0.100688 -0.850796 0.351171 0.089961 0.993945 -0.063093 102.212502 0.851997 -0.043998 0.521695 1.341280 0.000000 0.000000 0.000000 1.000000
0.517546 -0.096168 -0.850234 0.590431 0.087682 0.994394 -0.059100 101.928894 0.851151 -0.043963 0.523077 1.654543 0.000000 0.000000 0.000000 1.000000
0.519109 -0.091653 -0.849779 0.812248 0.085404 0.994820 -0.055125 101.648880 0.850430 -0.043959 0.524248 1.938984 0.000000 0.000000 0.000000 1.000000
0.520127 -0.087275 -0.849618 0.985608 0.083180 0.995213 -0.051309 101.378059 0.850029 -0.043984 0.524896 2.144608 0.000000 0.000000 0.000000 1.000000
0.520820 -0.083057 -0.849616 1.099910 0.081019 0.995572 -0.047661 101.114571 0.849813 -0.044013 0.525243 2.316813 0.000000 0.000000 0.000000 1.000000
0.521273 -0.079061 -0.849720 1.121782 0.079000 0.995894 -0.044198 100.885040 0.849726 -0.044088 0.525379 2.181291 0.000000 0.000000 0.000000 1.000000
0.521623 -0.075305 -0.849846 1.065467 0.077117 0.996181 -0.040939 100.715424 0.849683 -0.044183 0.525439 1.882765 0.000000 0.000000 0.000000 1.000000
0.521934 -0.071790 -0.849959 0.933689 0.075369 0.996436 -0.037880 100.606415 0.849650 -0.044290 0.525484 1.516363 0.000000 0.000000 0.000000 1.000000
0.522205 -0.068560 -0.850060 0.749750 0.073775 0.996658 -0.035062 100.563522 0.849623 -0.044403 0.525518 1.094093 0.000000 0.000000 0.000000 1.000000
0.522449 -0.065543 -0.850148 0.557554 0.072291 0.996856 -0.032428 100.543304 0.849601 -0.044516 0.525545 0.657332 0.000000 0.000000 0.000000 1.000000
0.522612 -0.063310 -0.850217 0.376226 0.071211 0.996996 -0.030467 100.570312 0.849592 -0.044622 0.525550 0.203985 0.000000 0.000000 0.000000 1.000000
0.522594 -0.061800 -0.850339 0.244218 0.070488 0.997087 -0.029145 100.605049 0.849663 -0.044707 0.525428 -0.239046 0.000000 0.000000 0.000000 1.000000
0.522624 -0.060280 -0.850430 0.204944 0.069749 0.997177 -0.027819 100.640305 0.849705 -0.044778 0.525353 -0.652219 0.000000 0.000000 0.000000 1.000000</float_array>
        <technique_common>
          <accessor source="#mixamorig_Hips-Matrix-animation-output-transform-array" count="225" stride="16">
            <param type="float4x4"/>
          </accessor>
        </technique_common>
      </source>
      <source id="mixamorig_Hips-Interpolations">
        <Name_array id="mixamorig_Hips-Interpolations-array" count="225">
 LINEAR LINEAR LINEAR LINEAR LINEAR LINEAR LINEAR LINEAR LINEAR LINEAR LINEAR
LINEAR LINEAR LINEAR LINEAR LINEAR LINEAR LINEAR LINEAR LINEAR LINEAR LINEAR LINEAR
LINEAR LINEAR LINEAR LINEAR LINEAR LINEAR LINEAR LINEAR LINEAR LINEAR LINEAR LINEAR
LINEAR LINEAR LINEAR LINEAR LINEAR LINEAR LINEAR LINEAR LINEAR LINEAR LINEAR LINEAR
LINEAR LINEAR LINEAR LINEAR LINEAR LINEAR LINEAR LINEAR LINEAR LINEAR LINEAR LINEAR
LINEAR LINEAR LINEAR LINEAR LINEAR LINEAR LINEAR LINEAR LINEAR LINEAR LINEAR LINEAR
LINEAR LINEAR LINEAR LINEAR LINEAR LINEAR LINEAR LINEAR LINEAR LINEAR LINEAR LINEAR
LINEAR LINEAR LINEAR LINEAR LINEAR LINEAR LINEAR LINEAR LINEAR LINEAR LINEAR LINEAR
LINEAR LINEAR LINEAR LINEAR LINEAR LINEAR LINEAR LINEAR LINEAR LINEAR LINEAR LINEAR
LINEAR LINEAR LINEAR LINEAR LINEAR LINEAR LINEAR LINEAR LINEAR LINEAR LINEAR LINEAR
LINEAR LINEAR LINEAR LINEAR LINEAR LINEAR LINEAR LINEAR LINEAR LINEAR LINEAR LINEAR
LINEAR LINEAR LINEAR LINEAR LINEAR LINEAR LINEAR LINEAR LINEAR LINEAR LINEAR LINEAR
LINEAR LINEAR LINEAR LINEAR LINEAR LINEAR LINEAR LINEAR LINEAR LINEAR LINEAR LINEAR
LINEAR LINEAR LINEAR LINEAR LINEAR LINEAR LINEAR LINEAR LINEAR LINEAR LINEAR LINEAR
LINEAR LINEAR LINEAR LINEAR LINEAR LINEAR LINEAR LINEAR LINEAR LINEAR LINEAR LINEAR
LINEAR LINEAR LINEAR LINEAR LINEAR LINEAR LINEAR LINEAR LINEAR LINEAR LINEAR LINEAR
LINEAR LINEAR LINEAR LINEAR LINEAR LINEAR LINEAR LINEAR LINEAR LINEAR LINEAR LINEAR
LINEAR LINEAR LINEAR LINEAR LINEAR LINEAR LINEAR LINEAR LINEAR LINEAR LINEAR LINEAR
LINEAR LINEAR LINEAR LINEAR LINEAR LINEAR LINEAR LINEAR LINEAR LINEAR</Name_array>
        <technique_common>
          <accessor source="#mixamorig_Hips-Interpolations-array" count="225">
            <param type="name"/>
          </accessor>
        </technique_common>
      </source>
      <sampler id="mixamorig_Hips-Matrix-animation-transform">
        <input semantic="INPUT" source="#mixamorig_Hips-Matrix-animation-input"/>
        <input semantic="OUTPUT" source="#mixamorig_Hips-Matrix-animation-output-transform"/>
        <input semantic="INTERPOLATION" source="#mixamorig_Hips-Interpolations"/>
      </sampler>
      <channel source="#mixamorig_Hips-Matrix-animation-transform" target="mixamorig_Hips/matrix"/>
    </animation>
    <animation id="mixamorig_Spine-anim" name="mixamorig_Spine">
      <source id="mixamorig_Spine-Matrix-animation-input">
        <float_array id="mixamorig_Spine-Matrix-animation-input-array" count="225">

