<?xml version="1.0" encoding="utf-8"?>
<COLLADA xmlns="http://www.collada.org/2005/11/COLLADASchema" version="1.4.1">
  <asset>
    <contributor>
      <author>Mixamo</author>
      <authoring_tool>COLLADA Mixamo exporter</authoring_tool>
      <comments/>
    </contributor>
    <created>2025-11-14T05:17:22Z</created>
    <modified>2025-11-14T05:17:22Z</modified>
    <revision/>
    <title/>
    <unit meter="0.010000"/>
    <up_axis>Y_UP</up_axis>
  </asset>
  <library_animations>
    <animation id="mixamorig_Hips-anim" name="mixamorig_Hips">
      <source id="mixamorig_Hips-Matrix-animation-input">
        <float_array id="mixamorig_Hips-Matrix-animation-input-array" count="101">

0.000000 0.033333 0.066667 0.100000 0.133333 0.166667 0.200000 0.233333 0.266667 0.300000 0.333333 0.366667 0.400000 0.433333 0.466667 0.500000
0.533333 0.566667 0.600000 0.633333 0.666667 0.700000 0.733333 0.766667 0.800000 0.833333 0.866667 0.900000 0.933333 0.966667 1.000000 1.033333
1.066667 1.100000 1.133333 1.166667 1.200000 1.233333 1.266667 1.300000 1.333333 1.366667 1.400000 1.433333 1.466667 1.500000 1.533333 1.566667
1.600000 1.633333 1.666667 1.700000 1.733333 1.766667 1.800000 1.833333 1.866667 1.900000 1.933333 1.966667 2.000000 2.033333 2.066667 2.100000
2.133333 2.166667 2.200000 2.233333 2.266667 2.300000 2.333333 2.366667 2.400000 2.433333 2.466667 2.500000 2.533333 2.566667 2.600000 2.633333
2.666667 2.700000 2.733333 2.766667 2.800000 2.833333 2.866667 2.900000 2.933333 2.966667 3.000000 3.033333 3.066667 3.100000 3.133333 3.166667
3.200000 3.233333 3.266667 3.300000 3.333333</float_array>
        <technique_common>
          <accessor source="#mixamorig_Hips-Matrix-animation-input-array" count="101">
            <param name="TIME" type="float"/>
          </accessor>
        </technique_common>
      </source>
      <source id="mixamorig_Hips-Matrix-animation-output-transform">
        <float_array id="mixamorig_Hips-Matrix-animation-output-transform-array" count="1616">

0.522569 -0.060166 -0.850471 0.204931 0.069742 0.997181 -0.027692 100.640610 0.849740 -0.044842 0.525292 -0.652182 0.000000 0.000000 0.000000 1.000000
0.568085 -0.069902 -0.819996 -0.011991 0.059267 0.997274 -0.043955 99.695221 0.820833 -0.023628 0.570679 -1.093425 0.000000 0.000000 0.000000 1.000000
0.611816 -0.077046 -0.787239 -0.228913 0.046112 0.997026 -0.061740 98.749832 0.789655 0.001472 0.613550 -1.534668 0.000000 0.000000 0.000000 1.000000
0.654552 -0.075170 -0.752271 -0.597137 0.033924 0.996963 -0.070103 97.682137 0.755256 0.020367 0.655114 -2.096146 0.000000 0.000000 0.000000 1.000000
0.698587 -0.058743 -0.713110 -1.335668 0.028471 0.998117 -0.054330 96.269424 0.714958 0.017651 0.698944 -2.947642 0.000000 0.000000 0.000000 1.000000
0.739363 -0.034278 -0.672434 -2.266616 0.027694 0.999406 -0.020496 94.792511 0.672738 -0.003468 0.739873 -3.960544 0.000000 0.000000 0.000000 1.000000
0.767789 0.000639 -0.640702 -3.234571 0.031625 0.998743 0.038894 93.788010 0.639921 -0.050124 0.766804 -5.049593 0.000000 0.000000 0.000000 1.000000
0.781575 0.030233 -0.623078 -4.202461 0.041098 0.994159 0.099792 93.522018 0.622455 -0.103602 0.775768 -5.985894 0.000000 0.000000 0.000000 1.000000
0.784162 0.062429 -0.617408 -5.112755 0.051342 0.984989 0.164805 94.151100 0.618429 -0.160933 0.769186 -6.623420 0.000000 0.000000 0.000000 1.000000
0.784446 0.095028 -0.612874 -6.011141 0.056850 0.973014 0.223635 95.585030 0.617586 -0.210272 0.757874 -6.952152 0.000000 0.000000 0.000000 1.000000
0.786305 0.112687 -0.607476 -6.980865 0.060842 0.964325 0.257635 97.505608 0.614836 -0.239540 0.751397 -7.055422 0.000000 0.000000 0.000000 1.000000
0.789890 0.114695 -0.602427 -7.991005 0.066993 0.960337 0.270676 99.582611 0.609578 -0.254163 0.750877 -7.015234 0.000000 0.000000 0.000000 1.000000
0.800125 0.117426 -0.588227 -8.857025 0.069277 0.955998 0.285075 101.643547 0.595819 -0.268847 0.756783 -6.763178 0.000000 0.000000 0.000000 1.000000
0.816309 0.126228 -0.563655 -9.499096 0.064497 0.949808 0.306111 103.528084 0.574004 -0.286235 0.767196 -6.234934 0.000000 0.000000 0.000000 1.000000
0.831846 0.122176 -0.541392 -9.964774 0.061916 0.948952 0.309285 104.761536 0.551542 -0.290798 0.781817 -5.511259 0.000000 0.000000 0.000000 1.000000
0.843883 0.101959 -0.526750 -10.278965 0.066949 0.954093 0.291933 105.535500 0.532334 -0.281623 0.798317 -4.729798 0.000000 0.000000 0.000000 1.000000
0.851082 0.086206 -0.517907 -10.327578 0.068340 0.959847 0.272071 105.931480 0.520566 -0.266948 0.811018 -3.794550 0.000000 0.000000 0.000000 1.000000
0.854355 0.077781 -0.513836 -10.109976 0.062716 0.966079 0.250516 106.082115 0.515891 -0.246255 0.820497 -2.623394 0.000000 0.000000 0.000000 1.000000
0.855162 0.069109 -0.513734 -9.753036 0.056067 0.972927 0.224210 106.073586 0.515320 -0.220539 0.828135 -1.191429 0.000000 0.000000 0.000000 1.000000
0.856763 0.060893 -0.512103 -9.275920 0.047928 0.979305 0.196631 105.919678 0.513479 -0.193010 0.836114 0.461037 0.000000 0.000000 0.000000 1.000000
0.862353 0.052484 -0.503580 -8.593143 0.038527 0.984927 0.168626 105.593933 0.504840 -0.164817 0.847332 2.194367 0.000000 0.000000 0.000000 1.000000
0.881775 0.042801 -0.469725 -7.880701 0.024830 0.990281 0.136845 105.065369 0.471017 -0.132330 0.872142 3.965469 0.000000 0.000000 0.000000 1.000000
0.905548 0.035298 -0.422774 -7.237491 0.008903 0.994732 0.102119 104.467171 0.424151 -0.096238 0.900463 5.726321 0.000000 0.000000 0.000000 1.000000
0.940666 0.031398 -0.337877 -6.970119 -0.011618 0.998106 0.060407 103.723640 0.339134 -0.052897 0.939250 7.398154 0.000000 0.000000 0.000000 1.000000
0.971831 0.023221 -0.234533 -7.157443 -0.022070 0.999728 0.007528 102.853592 0.234644 -0.002140 0.972079 8.820117 0.000000 0.000000 0.000000 1.000000
0.992276 -0.003165 -0.124009 -7.933020 -0.004665 0.998015 -0.062803 101.736671 0.123961 0.062896 0.990292 10.073765 0.000000 0.000000 0.000000 1.000000
0.998819 -0.029687 -0.038457 -8.739642 0.024731 0.992038 -0.123489 100.255737 0.041817 0.122392 0.991601 11.165324 0.000000 0.000000 0.000000 1.000000
0.999281 -0.037244 -0.007145 -9.068017 0.035892 0.989652 -0.138930 98.174011 0.012245 0.138573 0.990276 12.263531 0.000000 0.000000 0.000000 1.000000
0.999098 -0.036517 0.021659 -9.281487 0.038879 0.991879 -0.121093 95.006325 -0.017061 0.121826 0.992405 13.618551 0.000000 0.000000 0.000000 1.000000
0.995319 -0.034289 0.090353 -9.712620 0.045662 0.990854 -0.126976 91.177460 -0.085173 0.130507 0.987782 15.489413 0.000000 0.000000 0.000000 1.000000
0.989020 -0.020955 0.146290 -9.780189 0.042735 0.988157 -0.147373 88.449036 -0.141470 0.152007 0.978203 18.018919 0.000000 0.000000 0.000000 1.000000
0.988565 -0.018293 0.149681 -9.224287 0.037445 0.991304 -0.126154 86.999992 -0.146072 0.130317 0.980653 20.124832 0.000000 0.000000 0.000000 1.000000
0.993246 -0.018143 0.114602 -8.351819 0.029667 0.994578 -0.099668 85.716309 -0.112172 0.102395 0.988399 21.217882 0.000000 0.000000 0.000000 1.000000
0.997145 -0.023135 0.071878 -7.540071 0.030601 0.994046 -0.104580 84.831253 -0.069031 0.106481 0.991916 21.994476 0.000000 0.000000 0.000000 1.000000
0.998094 -0.028125 0.054925 -6.830699 0.034044 0.993351 -0.109981 84.411598 -0.051467 0.111641 0.992415 22.441513 0.000000 0.000000 0.000000 1.000000
0.997988 -0.030339 0.055675 -6.316991 0.036550 0.992788 -0.114176 84.278244 -0.051809 0.115981 0.991899 22.539539 0.000000 0.000000 0.000000 1.000000
0.998177 -0.033771 0.050019 -6.007370 0.039589 0.991946 -0.120314 84.398056 -0.045553 0.122075 0.991475 22.593716 0.000000 0.000000 0.000000 1.000000
0.998396 -0.035826 0.043849 -5.815108 0.041233 0.990740 -0.129362 84.628769 -0.038809 0.130962 0.990627 22.715157 0.000000 0.000000 0.000000 1.000000
0.998633 -0.035164 0.038666 -5.741533 0.040142 0.989817 -0.136567 84.897636 -0.033470 0.137932 0.989876 22.835171 0.000000 0.000000 0.000000 1.000000
0.998836 -0.034104 0.034107 -5.700472 0.038649 0.988973 -0.142962 85.173470 -0.028855 0.144114 0.989140 22.976177 0.000000 0.000000 0.000000 1.000000
0.998932 -0.033569 0.031762 -5.703285 0.037896 0.988374 -0.147247 85.446030 -0.026450 0.148293 0.988590 23.223555 0.000000 0.000000 0.000000 1.000000
0.998790 -0.033133 0.036354 -5.665262 0.038173 0.988234 -0.148108 85.651596 -0.031019 0.149317 0.988303 23.493834 0.000000 0.000000 0.000000 1.000000
0.998661 -0.032387 0.040346 -5.583065 0.038031 0.988247 -0.148057 85.780212 -0.035077 0.149393 0.988156 23.759544 0.000000 0.000000 0.000000 1.000000
0.998718 -0.032201 0.039055 -5.497580 0.037720 0.987966 -0.150000 85.856895 -0.033755 0.151281 0.987914 24.008978 0.000000 0.000000 0.000000 1.000000
0.998825 -0.032230 0.036187 -5.443711 0.037422 0.987451 -0.153429 85.850464 -0.030788 0.154603 0.987497 24.173258 0.000000 0.000000 0.000000 1.000000
0.998907 -0.032075 0.033987 -5.401969 0.037027 0.986927 -0.156857 85.831551 -0.028512 0.157944 0.987036 24.309189 0.000000 0.000000 0.000000 1.000000
0.998855 -0.030679 0.036700 -5.389238 0.036139 0.986647 -0.158813 85.833305 -0.031338 0.159957 0.986626 24.388517 0.000000 0.000000 0.000000 1.000000
0.998874 -0.029438 0.037212 -5.429729 0.034986 0.986736 -0.158520 85.839005 -0.032052 0.159643 0.986654 24.397106 0.000000 0.000000 0.000000 1.000000
0.998974 -0.029489 0.034377 -5.453720 0.034564 0.986851 -0.157892 85.844009 -0.029269 0.158919 0.986858 24.347618 0.000000 0.000000 0.000000 1.000000
0.999017 -0.029041 0.033480 -5.462646 0.033958 0.986992 -0.157143 85.834000 -0.028481 0.158126 0.987008 24.253048 0.000000 0.000000 0.000000 1.000000
0.999126 -0.029633 0.029473 -5.553347 0.033868 0.987258 -0.155483 85.813980 -0.024490 0.156345 0.987399 24.091267 0.000000 0.000000 0.000000 1.000000
0.999285 -0.029545 0.023612 -5.644588 0.032819 0.987661 -0.153126 85.788582 -0.018797 0.153792 0.987924 23.946136 0.000000 0.000000 0.000000 1.000000
0.999321 -0.028260 0.023634 -5.734074 0.031513 0.988023 -0.151052 85.698212 -0.019082 0.151694 0.988243 23.854973 0.000000 0.000000 0.000000 1.000000
0.999248 -0.030819 0.023547 -5.866204 0.033972 0.988404 -0.147995 85.546898 -0.018712 0.148684 0.988708 23.735937 0.000000 0.000000 0.000000 1.000000
0.999156 -0.033554 0.023709 -5.992787 0.036644 0.988760 -0.144951 85.383690 -0.018579 0.145697 0.989155 23.619255 0.000000 0.000000 0.000000 1.000000
0.999124 -0.033328 0.025321 -6.048991 0.036615 0.989053 -0.142949 85.221970 -0.020280 0.143751 0.989406 23.542212 0.000000 0.000000 0.000000 1.000000
0.998811 -0.032887 0.035987 -6.113600 0.037588 0.989593 -0.138898 85.030029 -0.031044 0.140086 0.989653 23.473846 0.000000 0.000000 0.000000 1.000000
0.998598 -0.034126 0.040468 -6.166858 0.039230 0.990353 -0.132901 84.820450 -0.035542 0.134303 0.990303 23.335335 0.000000 0.000000 0.000000 1.000000
0.998673 -0.034871 0.037896 -6.145514 0.039578 0.990519 -0.131549 84.624229 -0.032949 0.132874 0.990585 23.202822 0.000000 0.000000 0.000000 1.000000
0.998556 -0.034417 0.041252 -6.112385 0.039639 0.990280 -0.133323 84.468933 -0.036262 0.134766 0.990214 23.068319 0.000000 0.000000 0.000000 1.000000
0.998341 -0.034495 0.046105 -6.094411 0.040393 0.990181 -0.133828 84.380959 -0.041036 0.135469 0.989931 22.852644 0.000000 0.000000 0.000000 1.000000
0.998507 -0.032382 0.043989 -6.014590 0.038032 0.990202 -0.134367 84.366135 -0.039207 0.135839 0.989955 22.597071 0.000000 0.000000 0.000000 1.000000
0.998777 -0.029276 0.039832 -5.885545 0.034422 0.990200 -0.135352 84.407257 -0.035479 0.136557 0.989997 22.375957 0.000000 0.000000 0.000000 1.000000
0.998943 -0.027950 0.036482 -5.743979 0.032677 0.990147 -0.136166 84.452728 -0.032317 0.137214 0.990014 22.175007 0.000000 0.000000 0.000000 1.000000
0.999116 -0.026171 0.032906 -5.574018 0.030416 0.990251 -0.135936 84.479507 -0.029028 0.136817 0.990171 22.006100 0.000000 0.000000 0.000000 1.000000
0.999220 -0.026416 0.029344 -5.341782 0.030193 0.990136 -0.136815 84.439163 -0.025441 0.137594 0.990162 21.956493 0.000000 0.000000 0.000000 1.000000
0.999302 -0.026919 0.025893 -5.100766 0.030241 0.989984 -0.137903 84.388458 -0.021922 0.138590 0.990107 21.920612 0.000000 0.000000 0.000000 1.000000
0.999373 -0.027630 0.022159 -4.856266 0.030447 0.989836 -0.138919 84.336365 -0.018095 0.139507 0.990056 21.899588 0.000000 0.000000 0.000000 1.000000
0.999436 -0.028495 0.017744 -4.613578 0.030697 0.989735 -0.139583 84.291817 -0.013585 0.140049 0.990051 21.894543 0.000000 0.000000 0.000000 1.000000
0.999492 -0.030715 0.008463 -4.373947 0.031589 0.989942 -0.137906 84.290634 -0.004142 0.138103 0.990409 22.022718 0.000000 0.000000 0.000000 1.000000
0.999522 -0.030219 0.006501 -4.179804 0.030822 0.990267 -0.135724 84.301971 -0.002336 0.135860 0.990725 22.129517 0.000000 0.000000 0.000000 1.000000
0.999558 -0.029126 0.005984 -4.013484 0.029667 0.990448 -0.134661 84.299469 -0.002005 0.134779 0.990874 22.210558 0.000000 0.000000 0.000000 1.000000
0.999600 -0.027758 0.005344 -3.940793 0.028233 0.989791 -0.139705 84.215233 -0.001412 0.139800 0.990179 22.184193 0.000000 0.000000 0.000000 1.000000
0.999602 -0.027774 0.004993 -3.911967 0.028204 0.989120 -0.144384 84.101700 -0.000929 0.144467 0.989509 22.133099 0.000000 0.000000 0.000000 1.000000
0.999574 -0.028652 0.005529 -3.897456 0.029152 0.988888 -0.145776 84.037582 -0.001291 0.145875 0.989302 22.087212 0.000000 0.000000 0.000000 1.000000
0.999583 -0.028626 0.003848 -3.861963 0.028881 0.989055 -0.144690 84.118454 0.000336 0.144741 0.989470 22.022758 0.000000 0.000000 0.000000 1.000000
0.999533 -0.030006 -0.005792 -3.759343 0.028887 0.989536 -0.141366 84.431747 0.009974 0.141133 0.989940 21.975168 0.000000 0.000000 0.000000 1.000000
0.999127 -0.031751 -0.027154 -3.542062 0.027968 0.991138 -0.129860 84.963478 0.031036 0.128987 0.991160 21.879988 0.000000 0.000000 0.000000 1.000000
0.996907 -0.030809 -0.072297 -3.073204 0.023555 0.994795 -0.099136 85.897491 0.074975 0.097126 0.992444 21.668949 0.000000 0.000000 0.000000 1.000000
0.990719 -0.027242 -0.133171 -2.470810 0.019821 0.998192 -0.056739 87.100510 0.134476 0.053573 0.989468 21.365755 0.000000 0.000000 0.000000 1.000000
0.978787 -0.019654 -0.203934 -1.776328 0.018950 0.999806 -0.005404 88.521561 0.204001 0.001425 0.978970 21.019510 0.000000 0.000000 0.000000 1.000000
0.957292 -0.009275 -0.288975 -1.082618 0.023978 0.998589 0.047383 90.097542 0.288127 -0.052289 0.956163 20.485752 0.000000 0.000000 0.000000 1.000000
0.918122 -0.000216 -0.396298 -0.490325 0.039529 0.995063 0.091036 91.792160 0.394322 -0.099247 0.913598 19.610600 0.000000 0.000000 0.000000 1.000000
0.862707 0.011827 -0.505565 -0.017540 0.058502 0.990680 0.123005 93.474052 0.502309 -0.135694 0.853975 18.471395 0.000000 0.000000 0.000000 1.000000
0.802102 0.011042 -0.597084 0.040297 0.081290 0.988504 0.127483 94.801346 0.591628 -0.150791 0.791984 16.730659 0.000000 0.000000 0.000000 1.000000
0.741553 0.005136 -0.670875 -0.149033 0.101895 0.987508 0.120190 95.748535 0.663111 -0.157486 0.731766 14.467871 0.000000 0.000000 0.000000 1.000000
0.685991 0.001517 -0.727608 -0.349823 0.113234 0.987591 0.108817 96.390610 0.718745 -0.157038 0.677307 11.912925 0.000000 0.000000 0.000000 1.000000
0.634562 -0.004119 -0.772861 -0.413207 0.115423 0.989276 0.089496 96.946152 0.764205 -0.145997 0.628232 9.307760 0.000000 0.000000 0.000000 1.000000
0.588976 -0.008776 -0.808103 -0.369378 0.110783 0.991378 0.069976 97.492287 0.800522 -0.130738 0.584870 6.857512 0.000000 0.000000 0.000000 1.000000
0.554010 -0.010440 -0.832444 -0.296940 0.102154 0.993217 0.055529 98.104691 0.826219 -0.115802 0.551319 4.717070 0.000000 0.000000 0.000000 1.000000
0.531655 -0.012479 -0.846869 -0.287984 0.091772 0.994853 0.042954 98.888664 0.841974 -0.100556 0.530064 2.946387 0.000000 0.000000 0.000000 1.000000
0.525305 -0.015381 -0.850775 -0.346125 0.080083 0.996292 0.031435 99.654663 0.847137 -0.084646 0.524589 1.547993 0.000000 0.000000 0.000000 1.000000
0.531586 -0.028418 -0.846527 -0.413223 0.074324 0.997147 0.013198 100.226776 0.843737 -0.069933 0.532181 0.505654 0.000000 0.000000 0.000000 1.000000
0.536128 -0.043616 -0.843009 -0.407172 0.072883 0.997327 -0.005249 100.549789 0.840984 -0.058627 0.537874 -0.185102 0.000000 0.000000 0.000000 1.000000
0.535091 -0.052983 -0.843131 -0.328942 0.072988 0.997199 -0.016343 100.803024 0.841636 -0.052793 0.537459 -0.667822 0.000000 0.000000 0.000000 1.000000
0.532203 -0.058679 -0.844581 -0.178999 0.074332 0.996981 -0.022428 100.880112 0.843347 -0.050843 0.534958 -1.050102 0.000000 0.000000 0.000000 1.000000
0.527873 -0.062489 -0.847021 -0.002088 0.074821 0.996834 -0.026912 100.799423 0.846021 -0.049169 0.530877 -1.299034 0.000000 0.000000 0.000000 1.000000
0.520660 -0.063887 -0.851370 0.132614 0.072934 0.996879 -0.030202 100.704544 0.850643 -0.046369 0.523695 -1.313930 0.000000 0.000000 0.000000 1.000000
0.517005 -0.064133 -0.853577 0.175289 0.071908 0.996919 -0.031349 100.636368 0.852957 -0.045171 0.520023 -1.187529 0.000000 0.000000 0.000000 1.000000
0.515603 -0.063614 -0.854463 0.196673 0.071009 0.996982 -0.031376 100.591034 0.853880 -0.044496 0.518564 -1.005770 0.000000 0.000000 0.000000 1.000000
0.521901 -0.060422 -0.850863 0.203618 0.069847 0.997166 -0.027969 100.633179 0.850141 -0.044834 0.524642 -0.688509 0.000000 0.000000 0.000000 1.000000</float_array>
        <technique_common>
          <accessor source="#mixamorig_Hips-Matrix-animation-output-transform-array" count="101" stride="16">
            <param type="float4x4"/>
          </accessor>
        </technique_common>
      </source>
      <source id="mixamorig_Hips-Interpolations">
        <Name_array id="mixamorig_Hips-Interpolations-array" count="101">
 LINEAR LINEAR LINEAR LINEAR LINEAR LINEAR LINEAR LINEAR LINEAR LINEAR LINEAR
LINEAR LINEAR LINEAR LINEAR LINEAR LINEAR LINEAR LINEAR LINEAR LINEAR LINEAR LINEAR
LINEAR LINEAR LINEAR LINEAR LINEAR LINEAR LINEAR LINEAR LINEAR LINEAR LINEAR LINEAR
LINEAR LINEAR LINEAR LINEAR LINEAR LINEAR LINEAR LINEAR LINEAR LINEAR LINEAR LINEAR
LINEAR LINEAR LINEAR LINEAR LINEAR LINEAR LINEAR LINEAR LINEAR LINEAR LINEAR LINEAR
LINEAR LINEAR LINEAR LINEAR LINEAR LINEAR LINEAR LINEAR LINEAR LINEAR LINEAR LINEAR
LINEAR LINEAR LINEAR LINEAR LINEAR LINEAR LINEAR LINEAR LINEAR LINEAR LINEAR LINEAR
LINEAR LINEAR LINEAR LINEAR LINEAR LINEAR LINEAR LINEAR LINEAR LINEAR LINEAR LINEAR
LINEAR LINEAR LINEAR LINEAR LINEAR LINEAR</Name_array>
        <technique_common>
          <accessor source="#mixamorig_Hips-Interpolations-array" count="101">
            <param type="name"/>
          </accessor>
        </technique_common>
      </source>
      <sampler id="mixamorig_Hips-Matrix-animation-transform">
        <input semantic="INPUT" source="#mixamorig_Hips-Matrix-animation-input"/>
        <input semantic="OUTPUT" source="#mixamorig_Hips-Matrix-animation-output-transform"/>
        <input semantic="INTERPOLATION" source="#mixamorig_Hips-Interpolations"/>
      </sampler>
      <channel source="#mixamorig_Hips-Matrix-animation-transform" target="mixamorig_Hips/matrix"/>
    </animation>
    <animation id="mixamorig_Spine-anim" name="mixamorig_Spine">
      <source id="mixamorig_Spine-Matrix-animation-input">
        <float_array id="mixamorig_Spine-Matrix-animation-input-array" count="101">

0.000000 0.033333 0.066667 0.100000 0.133333 0.166667 0.200000 0.233333 0.266667 0.300000 0.333333 0.366667 0.400000 0.433333 0.466667 0.500000
0.533333 0.566667 0.600000 0.633333 0.666667 0.700000 0.733333 0.766667 0.800000 0.833333 0.866667 0.900000 0.933333 0.966667 1.000000 1.033333
1.066667 1.100000 1.133333 1.166667 1.200000 1.233333 1.266667 1.300000 1.333333 1.366667 1.400000 1.433333 1.466667 1.500000 1.533333 1.566667
1.600000 1.633333 1.666667 1.700000 1.733333 1.766667 1.800000 1.833333 1.866667 1.900000 1.933333 1.966667 2.000000 2.033333 2.066667 2.100000
2.133333 2.166667 2.200000 2.233333 2.266667 2.300000 2.333333 2.366667 2.400000 2.433333 2.466667 2.500000 2.533333 2.566667 2.600000 2.633333
2.666667 2.700000 2.733333 2.766667 2.800000 2.833333 2.866667 2.900000 2.933333 2.966667 3.000000 3.033333 3.066667 3.100000 3.133333 3.166667
3.200000 3.233333 3.266667 3.300000 3.333333</float_array>
        <technique_common>
          <accessor source="#mixamorig_Spine-Matrix-animation-input-array" count="101">
            <param name="TIME" type="float"/>
          </accessor>
        </technique_common>
      </source>
      <source id="mixamorig_Spine-Matrix-animation-output-transform">
        <float_array id="mixamorig_Spine-Matrix-animation-output-transform-array" count="1616">

0.998816 0.048626 0.001207 0.000000 -0.047275 0.976313 -0.211136 8.536500 -0.011445 0.210829 0.977456 0.187100 0.000000 0.000000 0.000000 1.000000
0.998951 0.045786 -0.000710 0.000000 -0.044913 0.976646 -0.210107 8.536500 -0.008926 0.209918 0.977678 0.187100 0.000000 0.000000 0.000000 1.000000
0.999074 0.042949 -0.002633 0.000000 -0.042550 0.976971 -0.209087 8.536500 -0.006407 0.209005 0.977894 0.187100 0.000000 0.000000 0.000000 1.000000
0.999176 0.040358 -0.004324 0.000000 -0.040373 0.977249 -0.208219 8.536500 -0.004177 0.208222 0.978073 0.187100 0.000000 0.000000 0.000000 1.000000
0.999254 0.038242 -0.005410 -0.000000 -0.038531 0.977442 -0.207662 8.536500 -0.002654 0.207715 0.978186 0.187100 0.000000 0.000000 0.000000 1.000000
0.999308 0.036674 -0.006247 -0.000000 -0.037172 0.977556 -0.207370 8.536500 -0.001499 0.207459 0.978243 0.187100 0.000000 0.000000 0.000000 1.000000
0.999307 0.036486 -0.007316 0.000000 -0.037210 0.977513 -0.207565 8.536500 -0.000422 0.207693 0.978194 0.187100 0.000000 0.000000 0.000000 1.000000
0.999290 0.037432 -0.004366 0.000000 -0.037533 0.978089 -0.204776 8.536500 -0.003395 0.204795 0.978799 0.187100 0.000000 0.000000 0.000000 1.000000
0.999283 0.037739 0.002885 0.000000 -0.036393 0.978983 -0.200668 8.536500 -0.010397 0.200419 0.979655 0.187100 0.000000 0.000000 0.000000 1.000000
0.999331 0.035491 0.008815 0.000000 -0.033069 0.979938 -0.196539 8.536500 -0.015614 0.196116 0.980456 0.187100 0.000000 0.000000 0.000000 1.000000
0.999458 0.031059 0.010918 -0.000000 -0.028429 0.981461 -0.189540 8.536500 -0.016603 0.189127 0.981812 0.187100 0.000000 0.000000 0.000000 1.000000
0.999600 0.026528 0.009775 0.000000 -0.024354 0.983579 -0.178829 8.536500 -0.014359 0.178520 0.983832 0.187100 0.000000 0.000000 0.000000 1.000000
0.999761 0.020810 0.006756 -0.000000 -0.019365 0.985347 -0.169460 8.536500 -0.010183 0.169289 0.985514 0.187100 0.000000 0.000000 0.000000 1.000000
0.999884 0.014471 0.004784 0.000000 -0.013490 0.986349 -0.164117 8.536500 -0.007093 0.164033 0.986429 0.187100 0.000000 0.000000 0.000000 1.000000
0.999926 0.011040 0.005079 0.000000 -0.010093 0.987268 -0.158745 8.536500 -0.006767 0.158682 0.987307 0.187100 0.000000 0.000000 0.000000 1.000000
0.999933 0.009880 0.006030 0.000000 -0.008844 0.988231 -0.152710 8.536500 -0.007468 0.152647 0.988253 0.187100 0.000000 0.000000 0.000000 1.000000
0.999942 0.006515 0.008607 0.000000 -0.005160 0.988819 -0.149029 8.536500 -0.009482 0.148975 0.988795 0.187100 0.000000 0.000000 0.000000 1.000000
0.999929 0.003342 0.011442 -0.000000 -0.001615 0.989026 -0.147733 8.536500 -0.011810 0.147704 0.988961 0.187100 0.000000 0.000000 0.000000 1.000000
0.999904 0.000755 0.013860 0.000000 0.001294 0.989104 -0.147211 8.536500 -0.013820 0.147215 0.989008 0.187100 0.000000 0.000000 0.000000 1.000000
0.999870 -0.002594 0.015897 0.000000 0.004916 0.989003 -0.147814 8.536500 -0.015338 0.147873 0.988887 0.187100 0.000000 0.000000 0.000000 1.000000
0.999815 -0.004765 0.018648 0.000000 0.007510 0.988652 -0.150036 8.536500 -0.017722 0.150148 0.988505 0.187100 0.000000 0.000000 0.000000 1.000000
0.999760 -0.004805 0.021369 -0.000000 0.008008 0.988279 -0.152446 8.536500 -0.020386 0.152580 0.988081 0.187100 0.000000 0.000000 0.000000 1.000000
0.999717 -0.004318 0.023374 -0.000000 0.007904 0.987790 -0.155593 8.536500 -0.022417 0.155734 0.987545 0.187100 0.000000 0.000000 0.000000 1.000000
0.999756 -0.003393 0.021841 -0.000000 0.006893 0.986730 -0.162225 8.536500 -0.021001 0.162336 0.986512 0.187100 0.000000 0.000000 0.000000 1.000000
0.999822 0.001001 0.018847 -0.000000 0.002287 0.984803 -0.173659 8.536500 -0.018734 0.173671 0.984626 0.187100 0.000000 0.000000 0.000000 1.000000
0.999798 0.012700 0.015556 -0.000000 -0.009583 0.982466 -0.186193 8.536500 -0.017648 0.186007 0.982390 0.187100 0.000000 0.000000 0.000000 1.000000
0.999533 0.028074 0.012058 0.000000 -0.025042 0.978831 -0.203133 8.536500 -0.017505 0.202737 0.979077 0.187100 0.000000 0.000000 0.000000 1.000000
0.999242 0.037129 0.011730 0.000000 -0.033549 0.973868 -0.224622 8.536500 -0.019763 0.224058 0.974375 0.187100 0.000000 0.000000 0.000000 1.000000
0.999076 0.042534 0.006119 0.000000 -0.039827 0.969998 -0.239829 8.536500 -0.016136 0.239364 0.970796 0.187100 0.000000 0.000000 0.000000 1.000000
0.998940 0.045569 -0.006452 0.000000 -0.045755 0.968225 -0.245859 8.536500 -0.004957 0.245894 0.969284 0.187100 0.000000 0.000000 0.000000 1.000000
0.998993 0.043756 -0.009936 0.000000 -0.044849 0.966945 -0.251009 8.536500 -0.001375 0.251202 0.967934 0.187100 0.000000 0.000000 0.000000 1.000000
0.999045 0.042712 -0.009241 0.000000 -0.043653 0.965524 -0.256629 8.536500 -0.002039 0.256788 0.966466 0.187100 0.000000 0.000000 0.000000 1.000000
0.999080 0.042220 -0.007575 0.000000 -0.042739 0.964854 -0.259289 8.536500 -0.003639 0.259374 0.965770 0.187100 0.000000 0.000000 0.000000 1.000000
0.999118 0.041760 -0.004442 0.000000 -0.041492 0.965277 -0.257912 8.536500 -0.006483 0.257869 0.966158 0.187100 0.000000 0.000000 0.000000 1.000000
0.999178 0.040420 -0.003095 0.000000 -0.039850 0.965338 -0.257943 8.536500 -0.007439 0.257854 0.966155 0.187100 0.000000 0.000000 0.000000 1.000000
0.999232 0.038996 -0.003938 0.000000 -0.038685 0.965151 -0.258817 8.536500 -0.006292 0.258770 0.965918 0.187100 0.000000 0.000000 0.000000 1.000000
0.999225 0.039201 -0.003680 0.000000 -0.038813 0.964975 -0.259455 8.536500 -0.006620 0.259396 0.965748 0.187100 0.000000 0.000000 0.000000 1.000000
0.999207 0.039731 -0.002590 0.000000 -0.039045 0.965047 -0.259154 8.536500 -0.007797 0.259049 0.965833 0.187100 0.000000 0.000000 0.000000 1.000000
0.999215 0.039566 -0.002202 0.000000 -0.038786 0.965103 -0.258983 8.536500 -0.008122 0.258865 0.965879 0.187100 0.000000 0.000000 0.000000 1.000000
0.999224 0.039329 -0.001953 -0.000000 -0.038495 0.965163 -0.258801 8.536500 -0.008294 0.258676 0.965929 0.187100 0.000000 0.000000 0.000000 1.000000
0.999221 0.039427 -0.001692 0.000000 -0.038525 0.965261 -0.258431 8.536500 -0.008556 0.258295 0.966028 0.187100 0.000000 0.000000 0.000000 1.000000
0.999246 0.038760 -0.002037 -0.000000 -0.037970 0.965298 -0.258377 8.536500 -0.008048 0.258260 0.966042 0.187100 0.000000 0.000000 0.000000 1.000000
0.999272 0.038087 -0.002091 -0.000000 -0.037333 0.965313 -0.258412 8.536500 -0.007824 0.258302 0.966033 0.187100 0.000000 0.000000 0.000000 1.000000
0.999265 0.038290 -0.001578 0.000000 -0.037399 0.965365 -0.258208 8.536500 -0.008363 0.258077 0.966088 0.187100 0.000000 0.000000 0.000000 1.000000
0.999247 0.038757 -0.001534 0.000000 -0.037842 0.965461 -0.257783 8.536500 -0.008510 0.257648 0.966201 0.187100 0.000000 0.000000 0.000000 1.000000
0.999229 0.039228 -0.001566 -0.000000 -0.038309 0.965553 -0.257370 8.536500 -0.008584 0.257232 0.966312 0.187100 0.000000 0.000000 0.000000 1.000000
0.999220 0.039453 -0.001519 0.000000 -0.038516 0.965582 -0.257232 8.536500 -0.008682 0.257090 0.966348 0.187100 0.000000 0.000000 0.000000 1.000000
0.999230 0.039206 -0.001602 0.000000 -0.038300 0.965636 -0.257061 8.536500 -0.008532 0.256925 0.966394 0.187100 0.000000 0.000000 0.000000 1.000000
0.999257 0.038524 -0.000714 0.000000 -0.037412 0.965648 -0.257147 8.536500 -0.009217 0.256983 0.966372 0.187100 0.000000 0.000000 0.000000 1.000000
0.999272 0.038140 -0.000031 0.000000 -0.036865 0.965673 -0.257132 8.536500 -0.009777 0.256946 0.966376 0.187100 0.000000 0.000000 0.000000 1.000000
0.999283 0.037857 -0.000917 -0.000000 -0.036823 0.965765 -0.256791 8.536500 -0.008835 0.256640 0.966467 0.187100 0.000000 0.000000 0.000000 1.000000
0.999281 0.037890 -0.001259 0.000000 -0.036945 0.965819 -0.256573 8.536500 -0.008505 0.256435 0.966524 0.187100 0.000000 0.000000 0.000000 1.000000
0.999261 0.038436 -0.000100 0.000000 -0.037179 0.965895 -0.256249 8.536500 -0.009752 0.256064 0.966611 0.187100 0.000000 0.000000 0.000000 1.000000
0.999256 0.038562 -0.001010 -0.000000 -0.037536 0.965990 -0.255842 8.536500 -0.008890 0.255689 0.966718 0.187100 0.000000 0.000000 0.000000 1.000000
0.999251 0.038663 -0.001841 0.000000 -0.037851 0.966073 -0.255481 8.536500 -0.008099 0.255359 0.966812 0.187100 0.000000 0.000000 0.000000 1.000000
0.999237 0.039066 -0.000207 -0.000000 -0.037823 0.966085 -0.255440 8.536500 -0.009779 0.255253 0.966825 0.187100 0.000000 0.000000 0.000000 1.000000
0.999262 0.038405 -0.000467 0.000000 -0.037252 0.966144 -0.255301 8.536500 -0.009354 0.255130 0.966861 0.187100 0.000000 0.000000 0.000000 1.000000
0.999277 0.037929 -0.002517 0.000000 -0.037313 0.966096 -0.255473 8.536500 -0.007258 0.255383 0.966813 0.187100 0.000000 0.000000 0.000000 1.000000
0.999254 0.038569 -0.001824 0.000000 -0.037755 0.966093 -0.255419 8.536500 -0.008089 0.255298 0.966829 0.187100 0.000000 0.000000 0.000000 1.000000
0.999227 0.039310 -0.001027 0.000000 -0.038272 0.966193 -0.254963 8.536500 -0.009030 0.254805 0.966950 0.187100 0.000000 0.000000 0.000000 1.000000
0.999218 0.039460 -0.002303 0.000000 -0.038742 0.966160 -0.255016 8.536500 -0.007838 0.254906 0.966934 0.187100 0.000000 0.000000 0.000000 1.000000
0.999212 0.039626 -0.002409 -0.000000 -0.038927 0.966055 -0.255388 8.536500 -0.007793 0.255280 0.966836 0.187100 0.000000 0.000000 0.000000 1.000000
0.999220 0.039475 -0.000884 -0.000000 -0.038389 0.966029 -0.255567 8.536500 -0.009234 0.255402 0.966791 0.187100 0.000000 0.000000 0.000000 1.000000
0.999246 0.038813 -0.000362 0.000000 -0.037615 0.966006 -0.255767 8.536500 -0.009577 0.255588 0.966738 0.187100 0.000000 0.000000 0.000000 1.000000
0.999269 0.038230 -0.000344 -0.000000 -0.037043 0.965925 -0.256158 8.536500 -0.009461 0.255984 0.966635 0.187100 0.000000 0.000000 0.000000 1.000000
0.999283 0.037855 -0.000417 0.000000 -0.036700 0.965968 -0.256045 8.536500 -0.009290 0.255877 0.966665 0.187100 0.000000 0.000000 0.000000 1.000000
0.999297 0.037495 -0.000515 0.000000 -0.036379 0.966029 -0.255861 8.536500 -0.009096 0.255699 0.966714 0.187100 0.000000 0.000000 0.000000 1.000000
0.999308 0.037183 -0.000587 0.000000 -0.036097 0.966096 -0.255648 8.536500 -0.008939 0.255492 0.966770 0.187100 0.000000 0.000000 0.000000 1.000000
0.999317 0.036952 -0.000583 -0.000000 -0.035875 0.966157 -0.255448 8.536500 -0.008876 0.255295 0.966823 0.187100 0.000000 0.000000 0.000000 1.000000
0.999303 0.037327 -0.000053 0.000000 -0.036104 0.966197 -0.255265 8.536500 -0.009477 0.255089 0.966871 0.187100 0.000000 0.000000 0.000000 1.000000
0.999310 0.037151 0.000542 0.000000 -0.035776 0.966068 -0.255798 8.536500 -0.010027 0.255602 0.966730 0.187100 0.000000 0.000000 0.000000 1.000000
0.999316 0.036964 0.001010 0.000000 -0.035471 0.965944 -0.256309 8.536500 -0.010450 0.256098 0.966594 0.187100 0.000000 0.000000 0.000000 1.000000
0.999305 0.037272 0.000771 -0.000000 -0.035832 0.966014 -0.255995 8.536500 -0.010287 0.255789 0.966678 0.187100 0.000000 0.000000 0.000000 1.000000
0.999270 0.038208 0.000646 0.000000 -0.036769 0.965983 -0.255980 8.536500 -0.010405 0.255769 0.966682 0.187100 0.000000 0.000000 0.000000 1.000000
0.999226 0.039335 0.000926 -0.000000 -0.037782 0.965822 -0.256439 8.536500 -0.010981 0.256205 0.966560 0.187100 0.000000 0.000000 0.000000 1.000000
0.999173 0.040624 0.001951 0.000000 -0.038754 0.965537 -0.257366 8.536500 -0.012339 0.257077 0.966312 0.187100 0.000000 0.000000 0.000000 1.000000
0.999059 0.043193 0.003904 0.000000 -0.040720 0.965220 -0.258247 8.536500 -0.014923 0.257845 0.966071 0.187100 0.000000 0.000000 0.000000 1.000000
0.998931 0.045642 0.007287 0.000000 -0.042195 0.964884 -0.259267 8.536500 -0.018865 0.258682 0.965778 0.187100 0.000000 0.000000 0.000000 1.000000
0.998783 0.047312 0.013918 -0.000000 -0.042047 0.964420 -0.261011 8.536500 -0.025772 0.260108 0.965236 0.187100 0.000000 0.000000 0.000000 1.000000
0.998602 0.048109 0.021891 0.000000 -0.040702 0.964163 -0.262168 8.536500 -0.033719 0.260911 0.964774 0.187100 0.000000 0.000000 0.000000 1.000000
0.998422 0.047499 0.029966 0.000000 -0.038032 0.964442 -0.261545 8.536500 -0.041323 0.259992 0.964726 0.187100 0.000000 0.000000 0.000000 1.000000
0.998221 0.045965 0.037966 0.000000 -0.034579 0.965164 -0.259350 8.536500 -0.048565 0.257575 0.965037 0.187100 0.000000 0.000000 0.000000 1.000000
0.998015 0.043483 0.045564 0.000000 -0.030462 0.966438 -0.255087 8.536500 -0.055127 0.253192 0.965844 0.187100 0.000000 0.000000 0.000000 1.000000
0.997807 0.041045 0.051934 0.000000 -0.026817 0.967935 -0.249765 8.536500 -0.060520 0.247825 0.966913 0.187100 0.000000 0.000000 0.000000 1.000000
0.997732 0.041173 0.053244 0.000000 -0.026991 0.969434 -0.243865 8.536500 -0.061657 0.241875 0.968347 0.187100 0.000000 0.000000 0.000000 1.000000
0.997915 0.040964 0.049878 0.000000 -0.027835 0.970362 -0.240046 8.536500 -0.058233 0.238157 0.969479 0.187100 0.000000 0.000000 0.000000 1.000000
0.998191 0.039228 0.045567 0.000000 -0.027247 0.970689 -0.238792 8.536500 -0.053599 0.237118 0.970001 0.187100 0.000000 0.000000 0.000000 1.000000
0.998311 0.038953 0.043103 0.000000 -0.027591 0.970802 -0.238292 8.536500 -0.051126 0.236700 0.970237 0.187100 0.000000 0.000000 0.000000 1.000000
0.998350 0.039511 0.041674 0.000000 -0.028489 0.970850 -0.237989 8.536500 -0.049862 0.236409 0.970373 0.187100 0.000000 0.000000 0.000000 1.000000
0.998437 0.040757 0.038243 0.000000 -0.030509 0.970767 -0.238076 8.536500 -0.046828 0.236537 0.970493 0.187100 0.000000 0.000000 0.000000 1.000000
0.998505 0.042349 0.034572 0.000000 -0.032955 0.970843 -0.237442 8.536500 -0.043619 0.235947 0.970786 0.187100 0.000000 0.000000 0.000000 1.000000
0.998630 0.042303 0.030801 0.000000 -0.033903 0.971415 -0.234954 8.536500 -0.039860 0.233588 0.971518 0.187100 0.000000 0.000000 0.000000 1.000000
0.998814 0.041885 0.024831 -0.000000 -0.035078 0.972638 -0.229663 8.536500 -0.033771 0.228520 0.972953 0.187100 0.000000 0.000000 0.000000 1.000000
0.998930 0.042186 0.018943 -0.000000 -0.036877 0.973855 -0.224157 8.536500 -0.027904 0.223219 0.974369 0.187100 0.000000 0.000000 0.000000 1.000000
0.998979 0.042968 0.013970 0.000000 -0.038843 0.974678 -0.220212 8.536500 -0.023078 0.219444 0.975352 0.187100 0.000000 0.000000 0.000000 1.000000
0.998989 0.043913 0.009608 0.000000 -0.040773 0.975178 -0.217634 8.536500 -0.018926 0.217023 0.975983 0.187100 0.000000 0.000000 0.000000 1.000000
0.998948 0.045386 0.006587 0.000000 -0.042891 0.975410 -0.216183 8.536500 -0.016237 0.215673 0.976331 0.187100 0.000000 0.000000 0.000000 1.000000
0.998893 0.046777 0.004880 0.000000 -0.044639 0.975639 -0.214791 8.536500 -0.014809 0.214335 0.976648 0.187100 0.000000 0.000000 0.000000 1.000000
0.998857 0.047691 0.003263 0.000000 -0.045900 0.975930 -0.213200 8.536500 -0.013352 0.212806 0.977003 0.187100 0.000000 0.000000 0.000000 1.000000
0.998826 0.048410 0.001831 0.000000 -0.046926 0.976199 -0.211741 8.536500 -0.012038 0.211406 0.977324 0.187100 0.000000 0.000000 0.000000 1.000000
0.998817 0.048622 0.001226 0.000000 -0.047267 0.976310 -0.211153 8.536500 -0.011464 0.210845 0.977452 0.187100 0.000000 0.000000 0.000000 1.000000</float_array>
        <technique_common>
          <accessor source="#mixamorig_Spine-Matrix-animation-output-transform-array" count="101" stride="16">
            <param type="float4x4"/>
          </accessor>
        </technique_common>
      </source>
      <source id="mixamorig_Spine-Interpolations">
        <Name_array id="mixamorig_Spine-Interpolations-array" count="101">
 LINEAR LINEAR LINEAR LINEAR LINEAR LINEAR LINEAR LINEAR LINEAR LINEAR LINEAR
LINEAR LINEAR LINEAR LINEAR LINEAR LINEAR LINEAR LINEAR LINEAR LINEAR LINEAR LINEAR
LINEAR LINEAR LINEAR LINEAR LINEAR LINEAR LINEAR LINEAR LINEAR LINEAR LINEAR LINEAR
LINEAR LINEAR LINEAR LINEAR LINEAR LINEAR LINEAR LINEAR LINEAR LINEAR LINEAR LINEAR
LINEAR LINEAR LINEAR LINEAR LINEAR LINEAR LINEAR LINEAR LINEAR LINEAR LINEAR LINEAR
LINEAR LINEAR LINEAR LINEAR LINEAR LINEAR LINEAR LINEAR LINEAR LINEAR LINEAR LINEAR
LINEAR LINEAR LINEAR LINEAR LINEAR LINEAR LINEAR LINEAR LINEAR LINEAR LINEAR LINEAR
LINEAR LINEAR LINEAR LINEAR LINEAR LINEAR LINEAR LINEAR LINEAR LINEAR LINEAR LINEAR
LINEAR LINEAR LINEAR LINEAR LINEAR LINEAR</Name_array>
        <technique_common>
          <accessor source="#mixamorig_Spine-Interpolations-array" count="101">
            <param type="name"/>
          </accessor>
        </technique_common>
      </source>
      <sampler id="mixamorig_Spine-Matrix-animation-transform">
        <input semantic="INPUT" source="#mixamorig_Spine-Matrix-animation-input"/>
        <input semantic="OUTPUT" source="#mixamorig_Spine-Matrix-animation-output-transform"/>
        <input semantic="INTERPOLATION" source="#mixamorig_Spine-Interpolations"/>
      </sampler>
      <channel source="#mixamorig_Spine-Matrix-animation-transform" target="mixamorig_Spine/matrix"/>
    </animation>
    <animation id="mixamorig_Spine1-anim" name="mixamorig_Spine1">
      <source id="mixamorig_Spine1-Matrix-animation-input">
        <float_array id="mixamorig_Spine1-Matrix-animation-input-array" count="101">

0.000000 0.033333 0.066667 0.100000 0.133333 0.166667 0.200000 0.233333 0.266667 0.300000 0.333333 0.366667 0.400000 0.433333 0.466667 0.500000
0.533333 0.566667 0.600000 0.633333 0.666667 0.700000 0.733333 0.766667 0.800000 0.833333 0.866667 0.900000 0.933333 0.966667 1.000000 1.033333
1.066667 1.100000 1.133333 1.166667 1.200000 1.233333 1.266667 1.300000 1.333333 1.366667 1.400000 1.433333 1.466667 1.500000 1.533333 1.566667
1.600000 1.633333 1.666667 1.700000 1.733333 1.766667 1.800000 1.833333 1.866667 1.900000 1.933333 1.966667 2.000000 2.033333 2.066667 2.100000
2.133333 2.166667 2.200000 2.233333 2.266667 2.300000 2.333333 2.366667 2.400000 2.433333 2.466667 2.500000 2.533333 2.566667 2.600000 2.633333
2.666667 2.700000 2.733333 2.766667 2.800000 2.833333 2.866667 2.900000 2.933333 2.966667 3.000000 3.033333 3.066667 3.100000 3.133333 3.166667
3.200000 3.233333 3.266667 3.300000 3.333333</float_array>
        <technique_common>
          <accessor source="#mixamorig_Spine1-Matrix-animation-input-array" count="101">
            <param name="TIME" type="float"/>
          </accessor>
        </technique_common>
      </source>
      <source id="mixamorig_Spine1-Matrix-animation-output-transform">
        <float_array id="mixamorig_Spine1-Matrix-animation-output-transform-array" count="1616">

0.995240 0.097445 -0.001099 -0.000000 -0.096568 0.984646 -0.145419 9.685800 -0.013089 0.144833 0.989370 0.000000 0.000000 0.000000 0.000000 1.000000
0.995842 0.090984 -0.004465 -0.000000 -0.090684 0.985523 -0.143248 9.685800 -0.008633 0.143057 0.989677 0.000000 0.000000 0.000000 0.000000 1.000000
0.996390 0.084533 -0.007860 -0.000000 -0.084794 0.986354 -0.141121 9.685800 -0.004177 0.141278 0.989961 0.000000 0.000000 0.000000 0.000000 1.000000
0.996836 0.078734 -0.010905 0.000000 -0.079485 0.987052 -0.139325 9.685800 -0.000206 0.139751 0.990187 0.000000 0.000000 0.000000 0.000000 1.000000
0.997151 0.074303 -0.012979 0.000000 -0.075385 0.987535 -0.138176 9.685800 0.002550 0.138761 0.990323 0.000000 0.000000 0.000000 0.000000 1.000000
0.997359 0.071122 -0.014707 0.000000 -0.072472 0.987838 -0.137566 9.685800 0.004744 0.138269 0.990383 -0.000000 0.000000 0.000000 0.000000 1.000000
0.997369 0.070462 -0.017047 0.000000 -0.072144 0.987812 -0.137923 9.685800 0.007121 0.138790 0.990296 0.000000 0.000000 0.000000 0.000000 1.000000
0.997317 0.072319 -0.011367 0.000000 -0.073188 0.988495 -0.132368 9.685800 0.001663 0.132845 0.991135 0.000000 0.000000 0.000000 0.000000 1.000000
0.997250 0.074049 0.002953 0.000000 -0.073109 0.989548 -0.124294 9.685800 -0.012126 0.123736 0.992241 0.000000 0.000000 0.000000 0.000000 1.000000
