<?xml version="1.0" encoding="utf-8"?>
<COLLADA xmlns="http://www.collada.org/2005/11/COLLADASchema" version="1.4.1">
  <asset>
    <contributor>
      <author>Mixamo</author>
      <authoring_tool>COLLADA Mixamo exporter</authoring_tool>
      <comments/>
    </contributor>
    <created>2025-11-14T05:17:23Z</created>
    <modified>2025-11-14T05:17:23Z</modified>
    <revision/>
    <title/>
    <unit meter="0.010000"/>
    <up_axis>Y_UP</up_axis>
  </asset>
  <library_animations>
    <animation id="mixamorig_Hips-anim" name="mixamorig_Hips">
      <source id="mixamorig_Hips-Matrix-animation-input">
        <float_array id="mixamorig_Hips-Matrix-animation-input-array" count="107">

0.000000 0.033333 0.066667 0.100000 0.133333 0.166667 0.200000 0.233333 0.266667 0.300000 0.333333 0.366667 0.400000 0.433333 0.466667 0.500000
0.533333 0.566667 0.600000 0.633333 0.666667 0.700000 0.733333 0.766667 0.800000 0.833333 0.866667 0.900000 0.933333 0.966667 1.000000 1.033333
1.066667 1.100000 1.133333 1.166667 1.200000 1.233333 1.266667 1.300000 1.333333 1.366667 1.400000 1.433333 1.466667 1.500000 1.533333 1.566667
1.600000 1.633333 1.666667 1.700000 1.733333 1.766667 1.800000 1.833333 1.866667 1.900000 1.933333 1.966667 2.000000 2.033333 2.066667 2.100000
2.133333 2.166667 2.200000 2.233333 2.266667 2.300000 2.333333 2.366667 2.400000 2.433333 2.466667 2.500000 2.533333 2.566667 2.600000 2.633333
2.666667 2.700000 2.733333 2.766667 2.800000 2.833333 2.866667 2.900000 2.933333 2.966667 3.000000 3.033333 3.066667 3.100000 3.133333 3.166667
3.200000 3.233333 3.266667 3.300000 3.333333 3.366667 3.400000 3.433333 3.466667 3.500000 3.533333</float_array>
        <technique_common>
          <accessor source="#mixamorig_Hips-Matrix-animation-input-array" count="107">
            <param name="TIME" type="float"/>
          </accessor>
        </technique_common>
      </source>
      <source id="mixamorig_Hips-Matrix-animation-output-transform">
        <float_array id="mixamorig_Hips-Matrix-animation-output-transform-array" count="1712">

0.522570 -0.060167 -0.850471 0.207005 0.069743 0.997181 -0.027692 100.651711 0.849739 -0.044843 0.525293 -0.653046 0.000000 0.000000 0.000000 1.000000
0.511606 -0.059883 -0.857131 0.292933 0.071026 0.997102 -0.027267 100.752975 0.856280 -0.046928 0.514376 -0.742966 0.000000 0.000000 0.000000 1.000000
0.497714 -0.060338 -0.865240 0.381187 0.072648 0.996972 -0.027735 100.906174 0.864293 -0.049054 0.500590 -0.820517 0.000000 0.000000 0.000000 1.000000
0.467814 -0.065025 -0.881432 0.482225 0.076173 0.996545 -0.033090 101.345016 0.880538 -0.051661 0.471151 -0.830040 0.000000 0.000000 0.000000 1.000000
0.424806 -0.069714 -0.902596 0.589907 0.078681 0.996101 -0.039904 101.971802 0.901859 -0.054066 0.428634 -0.755402 0.000000 0.000000 0.000000 1.000000
0.375556 -0.075667 -0.923706 0.700417 0.078751 0.995662 -0.049543 102.721725 0.923448 -0.054136 0.379886 -0.588807 0.000000 0.000000 0.000000 1.000000
0.330636 -0.083918 -0.940020 0.793537 0.076125 0.995165 -0.062065 103.493370 0.940683 -0.051038 0.335425 -0.359656 0.000000 0.000000 0.000000 1.000000
0.304694 -0.091039 -0.948089 0.861462 0.067097 0.995000 -0.073980 104.213486 0.950084 -0.041072 0.309279 -0.127973 0.000000 0.000000 0.000000 1.000000
0.314581 -0.102967 -0.943629 0.846560 0.054819 0.994411 -0.090232 104.838791 0.947646 -0.023344 0.318468 -0.016912 0.000000 0.000000 0.000000 1.000000
0.374117 -0.123254 -0.919154 0.671266 0.046126 0.992375 -0.114298 105.368477 0.926234 0.000364 0.376950 -0.116978 0.000000 0.000000 0.000000 1.000000
0.476309 -0.143458 -0.867496 0.293520 0.043760 0.989246 -0.139564 105.743050 0.878188 0.028514 0.477464 -0.383904 0.000000 0.000000 0.000000 1.000000
0.591463 -0.159228 -0.790454 -0.387032 0.043562 0.985187 -0.165860 105.878487 0.805155 0.063666 0.589638 -0.587129 0.000000 0.000000 0.000000 1.000000
0.700214 -0.163547 -0.694948 -1.342163 0.041690 0.981114 -0.188887 105.730202 0.712715 0.103289 0.693807 -0.530935 0.000000 0.000000 0.000000 1.000000
0.790991 -0.160780 -0.590324 -2.462268 0.041539 0.976740 -0.210365 104.514397 0.610415 0.141875 0.779272 -0.490031 0.000000 0.000000 0.000000 1.000000
0.860495 -0.155325 -0.485203 -3.730892 0.040337 0.970172 -0.239039 101.647049 0.507859 0.186121 0.841094 -0.774922 0.000000 0.000000 0.000000 1.000000
0.911840 -0.139192 -0.386229 -4.936051 0.033124 0.962648 -0.268723 96.977936 0.409207 0.232239 0.882392 -1.452745 0.000000 0.000000 0.000000 1.000000
0.943661 -0.122974 -0.307216 -6.095739 0.027644 0.954436 -0.297132 90.753677 0.329757 0.271899 0.904064 -2.504993 0.000000 0.000000 0.000000 1.000000
0.959075 -0.117979 -0.257401 -7.225046 0.029498 0.945745 -0.323568 83.985611 0.281610 0.302734 0.910521 -3.573837 0.000000 0.000000 0.000000 1.000000
0.967394 -0.119917 -0.223088 -8.015409 0.038268 0.939904 -0.339287 77.599098 0.250368 0.319687 0.913847 -4.472956 0.000000 0.000000 0.000000 1.000000
0.977522 -0.118949 -0.174075 -8.396935 0.054200 0.939678 -0.337738 71.816673 0.203748 0.320711 0.925003 -5.423609 0.000000 0.000000 0.000000 1.000000
0.989222 -0.105415 -0.101621 -8.583734 0.068330 0.946179 -0.316349 66.730179 0.129499 0.305995 0.943184 -6.760324 0.000000 0.000000 0.000000 1.000000
0.995396 -0.087375 -0.039394 -8.615800 0.071207 0.949284 -0.306252 62.683594 0.064155 0.302037 0.951135 -8.206932 0.000000 0.000000 0.000000 1.000000
0.997228 -0.074293 -0.004093 -8.650917 0.069143 0.945619 -0.317843 59.662834 0.027483 0.316679 0.948135 -9.407269 0.000000 0.000000 0.000000 1.000000
0.997277 -0.072786 0.011897 -8.888360 0.072565 0.939553 -0.334625 57.572258 0.013178 0.334577 0.942276 -10.209951 0.000000 0.000000 0.000000 1.000000
0.996778 -0.079594 0.009935 -9.262514 0.078263 0.937940 -0.337851 56.796650 0.017572 0.337540 0.941147 -10.829335 0.000000 0.000000 0.000000 1.000000
0.996706 -0.081012 0.003680 -9.618787 0.077625 0.939930 -0.332425 56.696667 0.023472 0.331616 0.943122 -11.190508 0.000000 0.000000 0.000000 1.000000
0.997137 -0.075414 0.005584 -9.882127 0.073188 0.943853 -0.322157 56.596031 0.019025 0.321644 0.946670 -11.376084 0.000000 0.000000 0.000000 1.000000
0.997534 -0.069593 0.009079 -10.068032 0.069052 0.950085 -0.304254 56.717918 0.012548 0.304130 0.952548 -11.503631 0.000000 0.000000 0.000000 1.000000
0.997817 -0.065969 0.003024 -10.188435 0.064190 0.958113 -0.279105 57.181938 0.015515 0.278690 0.960256 -11.576684 0.000000 0.000000 0.000000 1.000000
0.997876 -0.064843 -0.006292 -10.237555 0.061197 0.966102 -0.250803 58.026588 0.022341 0.249885 0.968018 -11.591445 0.000000 0.000000 0.000000 1.000000
0.997843 -0.065388 -0.005850 -10.231200 0.062359 0.971920 -0.226899 59.207695 0.020522 0.226045 0.973901 -11.489330 0.000000 0.000000 0.000000 1.000000
0.997908 -0.064400 -0.005660 -10.227372 0.061954 0.977660 -0.200855 60.761162 0.018469 0.200084 0.979605 -11.369679 0.000000 0.000000 0.000000 1.000000
0.998062 -0.061431 -0.009922 -10.198303 0.058826 0.983439 -0.171429 62.725235 0.020289 0.170513 0.985147 -11.306959 0.000000 0.000000 0.000000 1.000000
0.998131 -0.059337 -0.014620 -10.112821 0.056563 0.987584 -0.146555 65.027458 0.023135 0.145454 0.989094 -11.248311 0.000000 0.000000 0.000000 1.000000
0.998168 -0.057198 -0.019716 -10.017454 0.054376 0.991019 -0.122167 67.547958 0.026527 0.120871 0.992314 -11.156442 0.000000 0.000000 0.000000 1.000000
0.998052 -0.055829 -0.027861 -9.923568 0.052816 0.993671 -0.099141 70.219322 0.033220 0.097476 0.994683 -11.033859 0.000000 0.000000 0.000000 1.000000
0.997850 -0.055504 -0.034855 -9.852354 0.052827 0.995894 -0.073519 72.964729 0.038793 0.071520 0.996685 -10.888426 0.000000 0.000000 0.000000 1.000000
0.997806 -0.053142 -0.039493 -9.829898 0.051389 0.997703 -0.044138 75.696144 0.041748 0.042012 0.998244 -10.730549 0.000000 0.000000 0.000000 1.000000
0.997863 -0.049239 -0.042961 -9.828093 0.048548 0.998677 -0.016972 78.427582 0.043740 0.014851 0.998933 -10.542471 0.000000 0.000000 0.000000 1.000000
0.997860 -0.046587 -0.045891 -9.880722 0.047042 0.998853 0.008884 81.164268 0.045425 -0.011024 0.998907 -10.291615 0.000000 0.000000 0.000000 1.000000
0.997886 -0.043056 -0.048677 -9.971953 0.044741 0.998417 0.034077 83.878639 0.047133 -0.036183 0.998233 -9.988060 0.000000 0.000000 0.000000 1.000000
0.997968 -0.039523 -0.049979 -10.073777 0.042502 0.997292 0.060019 86.576584 0.047472 -0.062022 0.996945 -9.697336 0.000000 0.000000 0.000000 1.000000
0.998132 -0.036326 -0.049121 -10.206981 0.040635 0.995132 0.089788 89.180779 0.045620 -0.091617 0.994749 -9.330443 0.000000 0.000000 0.000000 1.000000
0.998424 -0.031601 -0.046385 -10.350376 0.036792 0.992601 0.115711 91.523338 0.042385 -0.117236 0.992199 -8.693163 0.000000 0.000000 0.000000 1.000000
0.998649 -0.029638 -0.042684 -10.543788 0.035184 0.990132 0.135653 93.554657 0.038243 -0.136971 0.989837 -7.812751 0.000000 0.000000 0.000000 1.000000
0.998821 -0.027883 -0.039747 -10.726414 0.033680 0.987561 0.153587 95.372162 0.034970 -0.154745 0.987335 -6.760398 0.000000 0.000000 0.000000 1.000000
0.998845 -0.026506 -0.040088 -10.911748 0.032800 0.985659 0.165529 97.020264 0.035126 -0.166652 0.985390 -5.570405 0.000000 0.000000 0.000000 1.000000
0.998670 -0.024747 -0.045224 -11.111094 0.032232 0.984374 0.173117 98.555054 0.040233 -0.174345 0.983862 -4.291652 0.000000 0.000000 0.000000 1.000000
0.998488 -0.023136 -0.049873 -11.301835 0.031611 0.983793 0.176501 100.015762 0.044981 -0.177810 0.983036 -2.987537 0.000000 0.000000 0.000000 1.000000
0.998459 -0.022687 -0.050636 -11.486094 0.031078 0.984671 0.171629 101.365936 0.045966 -0.172938 0.983859 -1.671373 0.000000 0.000000 0.000000 1.000000
0.998520 -0.021790 -0.049821 -11.610140 0.029626 0.986279 0.162407 102.619125 0.045598 -0.163642 0.985465 -0.337042 0.000000 0.000000 0.000000 1.000000
0.998718 -0.016814 -0.047743 -11.464352 0.023724 0.988692 0.148070 103.633003 0.044713 -0.149013 0.987824 1.046482 0.000000 0.000000 0.000000 1.000000
0.998811 -0.006764 -0.048275 -10.956675 0.012964 0.991523 0.129284 104.363953 0.046992 -0.129756 0.990432 2.400301 0.000000 0.000000 0.000000 1.000000
0.998832 -0.000708 -0.048312 -10.341997 0.005440 0.995182 0.097892 104.672440 0.048010 -0.098040 0.994024 3.707729 0.000000 0.000000 0.000000 1.000000
0.998725 0.000894 -0.050469 -9.770342 0.001935 0.998430 0.055977 104.503098 0.050440 -0.056004 0.997156 4.654542 0.000000 0.000000 0.000000 1.000000
0.998856 -0.000347 -0.047822 -9.178377 0.000664 0.999978 0.006613 103.550629 0.047818 -0.006637 0.998834 5.914394 0.000000 0.000000 0.000000 1.000000
0.999861 -0.003380 -0.016356 -8.602741 0.002725 0.999202 -0.039854 101.956985 0.016478 0.039804 0.999072 8.063310 0.000000 0.000000 0.000000 1.000000
0.999250 -0.007968 0.037894 -9.017731 0.010597 0.997513 -0.069684 101.165291 -0.037244 0.070034 0.996849 10.513456 0.000000 0.000000 0.000000 1.000000
0.996412 0.002942 0.084582 -10.504035 0.001156 0.998829 -0.048357 100.089874 -0.084625 0.048281 0.995242 12.892562 0.000000 0.000000 0.000000 1.000000
0.995453 0.020177 0.093097 -10.325687 -0.022894 0.999340 0.028216 98.663612 -0.092466 -0.030219 0.995257 14.881284 0.000000 0.000000 0.000000 1.000000
0.997624 0.019849 0.065967 -9.520749 -0.028711 0.990261 0.136233 98.265137 -0.062620 -0.137803 0.988478 14.940737 0.000000 0.000000 0.000000 1.000000
0.998342 0.018919 0.054358 -9.456836 -0.031288 0.971091 0.236649 98.589172 -0.048309 -0.237958 0.970073 13.750755 0.000000 0.000000 0.000000 1.000000
0.997857 0.028378 0.058960 -9.482463 -0.043547 0.960550 0.274677 99.134506 -0.048839 -0.276656 0.959727 12.510859 0.000000 0.000000 0.000000 1.000000
0.999102 0.022672 0.035788 -9.877728 -0.031695 0.960542 0.276323 99.615784 -0.028111 -0.277209 0.960398 11.337465 0.000000 0.000000 0.000000 1.000000
0.999952 0.009840 -0.000311 -10.402265 -0.009351 0.959237 0.282447 99.839073 0.003077 -0.282430 0.959283 9.862488 0.000000 0.000000 0.000000 1.000000
0.999794 0.011417 -0.016769 -10.812613 -0.006153 0.958312 0.285657 99.853111 0.019331 -0.285495 0.958185 7.818823 0.000000 0.000000 0.000000 1.000000
0.999920 0.008260 -0.009597 -11.408621 -0.005160 0.957968 0.286828 99.690170 0.011562 -0.286755 0.957934 5.400880 0.000000 0.000000 0.000000 1.000000
0.999915 0.000781 0.013013 -12.092368 -0.004505 0.957402 0.288723 99.685074 -0.012233 -0.288757 0.957324 3.163908 0.000000 0.000000 0.000000 1.000000
0.999553 -0.000924 0.029877 -12.620835 -0.007641 0.958412 0.285285 99.919662 -0.028898 -0.285386 0.957977 1.242520 0.000000 0.000000 0.000000 1.000000
0.999554 -0.001789 0.029801 -12.921061 -0.006633 0.959945 0.280109 100.240814 -0.029108 -0.280182 0.959505 -0.544744 0.000000 0.000000 0.000000 1.000000
0.999517 -0.005298 0.030619 -13.149775 -0.003324 0.961468 0.274897 100.636749 -0.030896 -0.274866 0.960986 -2.157307 0.000000 0.000000 0.000000 1.000000
0.999434 -0.009136 0.032378 -13.333488 0.000063 0.962928 0.269760 101.037621 -0.033643 -0.269605 0.962383 -3.569187 0.000000 0.000000 0.000000 1.000000
0.999268 -0.012458 0.036165 -13.442265 0.002437 0.964290 0.264838 101.421188 -0.038173 -0.264556 0.963615 -4.573236 0.000000 0.000000 0.000000 1.000000
0.999061 -0.015332 0.040510 -13.511261 0.004276 0.965596 0.260013 101.770950 -0.043103 -0.259596 0.964755 -5.354882 0.000000 0.000000 0.000000 1.000000
0.998904 -0.016743 0.043716 -13.537448 0.005036 0.966868 0.255227 101.982399 -0.046541 -0.254727 0.965892 -5.842371 0.000000 0.000000 0.000000 1.000000
0.998832 -0.018472 0.044642 -13.526764 0.006663 0.967862 0.251393 102.112427 -0.047851 -0.250802 0.966855 -6.166142 0.000000 0.000000 0.000000 1.000000
0.998807 -0.019298 0.044859 -13.501620 0.007598 0.968830 0.247608 102.230400 -0.048239 -0.246972 0.967821 -6.408224 0.000000 0.000000 0.000000 1.000000
0.998825 -0.017648 0.045125 -13.462371 0.006135 0.969879 0.243509 102.361938 -0.048063 -0.242946 0.968848 -6.535922 0.000000 0.000000 0.000000 1.000000
0.998933 -0.014805 0.043745 -13.408920 0.003921 0.970992 0.239079 102.498627 -0.046016 -0.238653 0.970014 -6.593325 0.000000 0.000000 0.000000 1.000000
0.999327 -0.010745 0.035075 -13.320012 0.002258 0.972346 0.233534 102.648460 -0.036614 -0.233297 0.971716 -6.549665 0.000000 0.000000 0.000000 1.000000
0.999736 -0.004360 0.022545 -13.147289 -0.000937 0.973237 0.229803 102.792809 -0.022944 -0.229763 0.972976 -6.398185 0.000000 0.000000 0.000000 1.000000
0.999971 0.005477 0.005323 -12.813963 -0.006523 0.974977 0.222211 102.964127 -0.003973 -0.222239 0.974984 -6.038595 0.000000 0.000000 0.000000 1.000000
0.999567 0.017986 -0.023276 -12.346665 -0.012745 0.977969 0.208359 103.198441 0.026510 -0.207972 0.977775 -5.451369 0.000000 0.000000 0.000000 1.000000
0.997564 0.029046 -0.063429 -11.742301 -0.016122 0.980573 0.195489 103.470306 0.067875 -0.193990 0.978653 -4.708496 0.000000 0.000000 0.000000 1.000000
0.993130 0.037729 -0.110764 -10.995932 -0.017008 0.983084 0.182365 103.750061 0.115771 -0.179228 0.976972 -3.822873 0.000000 0.000000 0.000000 1.000000
0.985746 0.044624 -0.162215 -10.149759 -0.017382 0.986036 0.165621 104.005844 0.167340 -0.160440 0.972757 -2.840616 0.000000 0.000000 0.000000 1.000000
0.974598 0.044997 -0.219393 -9.194368 -0.012974 0.989307 0.145269 104.218475 0.223584 -0.138732 0.964761 -1.863520 0.000000 0.000000 0.000000 1.000000
0.958668 0.041581 -0.281472 -8.160913 -0.006346 0.992142 0.124953 104.351158 0.284456 -0.118003 0.951399 -0.958818 0.000000 0.000000 0.000000 1.000000
0.939911 0.038306 -0.339263 -7.067591 -0.001895 0.994256 0.107009 104.401695 0.341413 -0.099936 0.934585 -0.089757 0.000000 0.000000 0.000000 1.000000
0.920105 0.032671 -0.390306 -5.957118 0.004027 0.995673 0.092836 104.342194 0.391651 -0.086990 0.915993 0.727837 0.000000 0.000000 0.000000 1.000000
0.897330 0.024955 -0.440655 -4.854856 0.010638 0.996887 0.078119 104.117073 0.441233 -0.074786 0.894271 1.477101 0.000000 0.000000 0.000000 1.000000
0.868451 0.014934 -0.495549 -3.771567 0.019923 0.997688 0.064981 103.743843 0.495374 -0.066305 0.866146 2.120897 0.000000 0.000000 0.000000 1.000000
0.831997 0.000737 -0.554779 -2.760269 0.031283 0.998346 0.048242 103.299431 0.553897 -0.057492 0.830598 2.680126 0.000000 0.000000 0.000000 1.000000
0.789354 -0.014422 -0.613769 -1.847579 0.037608 0.998982 0.024893 102.845734 0.612785 -0.042732 0.789093 3.185941 0.000000 0.000000 0.000000 1.000000
0.743690 -0.026253 -0.668009 -1.068599 0.040367 0.999169 0.005673 102.376289 0.667305 -0.031184 0.744131 3.573020 0.000000 0.000000 0.000000 1.000000
0.696316 -0.039296 -0.716658 -0.445930 0.044684 0.998937 -0.011359 101.907074 0.716343 -0.024113 0.697332 3.801542 0.000000 0.000000 0.000000 1.000000
0.654423 -0.045265 -0.754773 -0.018912 0.044427 0.998784 -0.021378 101.405373 0.754823 -0.019542 0.655638 3.783090 0.000000 0.000000 0.000000 1.000000
0.614121 -0.049677 -0.787647 0.340787 0.043149 0.998638 -0.029341 100.911095 0.788031 -0.015967 0.615428 3.673018 0.000000 0.000000 0.000000 1.000000
0.581905 -0.052392 -0.811567 0.559545 0.041955 0.998528 -0.034379 100.486374 0.812173 -0.014044 0.583247 3.351815 0.000000 0.000000 0.000000 1.000000
0.552550 -0.055484 -0.831631 0.705819 0.039779 0.998400 -0.040181 100.157608 0.832530 -0.010880 0.553873 2.920169 0.000000 0.000000 0.000000 1.000000
0.539028 -0.055994 -0.840425 0.725596 0.040562 0.998356 -0.040501 100.011139 0.841311 -0.012258 0.540413 2.374723 0.000000 0.000000 0.000000 1.000000
0.528573 -0.055962 -0.847041 0.720633 0.041872 0.998329 -0.039828 99.900841 0.847854 -0.014415 0.530033 1.808169 0.000000 0.000000 0.000000 1.000000
0.519617 -0.056143 -0.852553 0.699330 0.043853 0.998276 -0.039012 99.822296 0.853273 -0.017116 0.521183 1.245286 0.000000 0.000000 0.000000 1.000000
0.517938 -0.057882 -0.853458 0.599129 0.049620 0.998061 -0.037576 99.901093 0.853978 -0.022886 0.519806 0.709015 0.000000 0.000000 0.000000 1.000000
0.519150 -0.058662 -0.852667 0.476655 0.055879 0.997837 -0.034628 100.121101 0.852854 -0.029669 0.521305 0.260288 0.000000 0.000000 0.000000 1.000000
0.520836 -0.059294 -0.851595 0.350006 0.062278 0.997566 -0.031368 100.367584 0.851382 -0.036698 0.523261 -0.172024 0.000000 0.000000 0.000000 1.000000
0.522439 -0.059955 -0.850566 0.223356 0.068724 0.997240 -0.028082 100.614075 0.849903 -0.043783 0.525118 -0.604336 0.000000 0.000000 0.000000 1.000000</float_array>
        <technique_common>
          <accessor source="#mixamorig_Hips-Matrix-animation-output-transform-array" count="107" stride="16">
            <param type="float4x4"/>
          </accessor>
        </technique_common>
      </source>
      <source id="mixamorig_Hips-Interpolations">
        <Name_array id="mixamorig_Hips-Interpolations-array" count="107">
 LINEAR LINEAR LINEAR LINEAR LINEAR LINEAR LINEAR LINEAR LINEAR LINEAR LINEAR
LINEAR LINEAR LINEAR LINEAR LINEAR LINEAR LINEAR LINEAR LINEAR LINEAR LINEAR LINEAR
LINEAR LINEAR LINEAR LINEAR LINEAR LINEAR LINEAR LINEAR LINEAR LINEAR LINEAR LINEAR
LINEAR LINEAR LINEAR LINEAR LINEAR LINEAR LINEAR LINEAR LINEAR LINEAR LINEAR LINEAR
LINEAR LINEAR LINEAR LINEAR LINEAR LINEAR LINEAR LINEAR LINEAR LINEAR LINEAR LINEAR
LINEAR LINEAR LINEAR LINEAR LINEAR LINEAR LINEAR LINEAR LINEAR LINEAR LINEAR LINEAR
LINEAR LINEAR LINEAR LINEAR LINEAR LINEAR LINEAR LINEAR LINEAR LINEAR LINEAR LINEAR
LINEAR LINEAR LINEAR LINEAR LINEAR LINEAR LINEAR LINEAR LINEAR LINEAR LINEAR LINEAR
LINEAR LINEAR LINEAR LINEAR LINEAR LINEAR LINEAR LINEAR LINEAR LINEAR LINEAR LINEAR</Name_array>
        <technique_common>
          <accessor source="#mixamorig_Hips-Interpolations-array" count="107">
            <param type="name"/>
          </accessor>
        </technique_common>
      </source>
      <sampler id="mixamorig_Hips-Matrix-animation-transform">
        <input semantic="INPUT" source="#mixamorig_Hips-Matrix-animation-input"/>
        <input semantic="OUTPUT" source="#mixamorig_Hips-Matrix-animation-output-transform"/>
        <input semantic="INTERPOLATION" source="#mixamorig_Hips-Interpolations"/>
      </sampler>
      <channel source="#mixamorig_Hips-Matrix-animation-transform" target="mixamorig_Hips/matrix"/>
    </animation>
    <animation id="mixamorig_Spine-anim" name="mixamorig_Spine">
      <source id="mixamorig_Spine-Matrix-animation-input">
        <float_array id="mixamorig_Spine-Matrix-animation-input-array" count="107">

0.000000 0.033333 0.066667 0.100000 0.133333 0.166667 0.200000 0.233333 0.266667 0.300000 0.333333 0.366667 0.400000 0.433333 0.466667 0.500000
0.533333 0.566667 0.600000 0.633333 0.666667 0.700000 0.733333 0.766667 0.800000 0.833333 0.866667 0.900000 0.933333 0.966667 1.000000 1.033333
1.066667 1.100000 1.133333 1.166667 1.200000 1.233333 1.266667 1.300000 1.333333 1.366667 1.400000 1.433333 1.466667 1.500000 1.533333 1.566667
1.600000 1.633333 1.666667 1.700000 1.733333 1.766667 1.800000 1.833333 1.866667 1.900000 1.933333 1.966667 2.000000 2.033333 2.066667 2.100000
2.133333 2.166667 2.200000 2.233333 2.266667 2.300000 2.333333 2.366667 2.400000 2.433333 2.466667 2.500000 2.533333 2.566667 2.600000 2.633333
2.666667 2.700000 2.733333 2.766667 2.800000 2.833333 2.866667 2.900000 2.933333 2.966667 3.000000 3.033333 3.066667 3.100000 3.133333 3.166667
3.200000 3.233333 3.266667 3.300000 3.333333 3.366667 3.400000 3.433333 3.466667 3.500000 3.533333</float_array>
        <technique_common>
          <accessor source="#mixamorig_Spine-Matrix-animation-input-array" count="107">
            <param name="TIME" type="float"/>
          </accessor>
        </technique_common>
      </source>
      <source id="mixamorig_Spine-Matrix-animation-output-transform">
        <float_array id="mixamorig_Spine-Matrix-animation-output-transform-array" count="1712">

0.998816 0.048627 0.001205 0.000000 -0.047277 0.976312 -0.211140 8.536500 -0.011444 0.210833 0.977455 0.187100 0.000000 0.000000 0.000000 1.000000
0.998915 0.046560 0.000988 -0.000000 -0.045297 0.976305 -0.211607 8.536500 -0.010817 0.211333 0.977354 0.187100 0.000000 0.000000 0.000000 1.000000
0.999008 0.044518 0.000599 0.000000 -0.043379 0.976310 -0.211982 8.536500 -0.010022 0.211746 0.977273 0.187100 0.000000 0.000000 0.000000 1.000000
0.999091 0.042618 -0.000743 0.000000 -0.041808 0.976408 -0.211847 8.536500 -0.008303 0.211685 0.977303 0.187100 0.000000 0.000000 0.000000 1.000000
0.999149 0.041079 -0.003580 -0.000000 -0.040907 0.976529 -0.211464 8.536500 -0.005191 0.211430 0.977379 0.187100 0.000000 0.000000 0.000000 1.000000
0.999181 0.039718 -0.007698 0.000000 -0.040449 0.976795 -0.210324 8.536500 -0.000834 0.210463 0.977601 0.187100 0.000000 0.000000 0.000000 1.000000
0.999234 0.036922 -0.012956 0.000000 -0.038816 0.977127 -0.209086 8.536500 0.004940 0.209429 0.977811 0.187100 0.000000 0.000000 0.000000 1.000000
0.999317 0.031587 -0.019174 -0.000000 -0.034897 0.977348 -0.208741 8.536500 0.012146 0.209268 0.977783 0.187100 0.000000 0.000000 0.000000 1.000000
0.999373 0.025840 -0.024204 0.000000 -0.030317 0.977644 -0.208070 8.536500 0.018286 0.208674 0.977814 0.187100 0.000000 0.000000 0.000000 1.000000
0.999428 0.019269 -0.027779 0.000000 -0.024570 0.978394 -0.205284 8.536500 0.023223 0.205849 0.978308 0.187100 0.000000 0.000000 0.000000 1.000000
0.999518 0.011362 -0.028895 -0.000000 -0.016939 0.979485 -0.200806 8.536500 0.026021 0.201199 0.979205 0.187100 0.000000 0.000000 0.000000 1.000000
0.999585 0.004126 -0.028519 0.000000 -0.009618 0.980712 -0.195220 8.536500 0.027163 0.195413 0.980345 0.187100 0.000000 0.000000 0.000000 1.000000
0.999669 -0.001645 -0.025656 -0.000000 -0.003242 0.981919 -0.189275 8.536500 0.025503 0.189295 0.981589 0.187100 0.000000 0.000000 0.000000 1.000000
0.999819 -0.004615 -0.018445 0.000000 0.001150 0.982998 -0.183614 8.536500 0.018979 0.183559 0.982825 0.187100 0.000000 0.000000 0.000000 1.000000
0.999877 -0.013770 -0.007524 -0.000000 0.012244 0.984533 -0.174773 8.536500 0.009814 0.174660 0.984580 0.187100 0.000000 0.000000 0.000000 1.000000
0.999574 -0.029055 -0.002683 0.000000 0.028175 0.985013 -0.170162 8.536500 0.007587 0.170014 0.985412 0.187100 0.000000 0.000000 0.000000 1.000000
0.998974 -0.045282 -0.000661 0.000000 0.044456 0.983322 -0.176354 8.536500 0.008635 0.176143 0.984327 0.187100 0.000000 0.000000 0.000000 1.000000
0.997985 -0.062927 0.008140 0.000000 0.063317 0.979287 -0.192323 8.536500 0.004131 0.192450 0.981298 0.187100 0.000000 0.000000 0.000000 1.000000
0.997443 -0.069571 0.016380 0.000000 0.071472 0.972387 -0.222158 8.536500 -0.000472 0.222761 0.974873 0.187100 0.000000 0.000000 0.000000 1.000000
0.997352 -0.065351 0.031919 -0.000000 0.071255 0.965935 -0.248782 8.536500 -0.014574 0.250398 0.968033 0.187100 0.000000 0.000000 0.000000 1.000000
0.997738 -0.055134 0.038465 -0.000000 0.063357 0.962492 -0.263808 8.536500 -0.022478 0.265648 0.963808 0.187100 0.000000 0.000000 0.000000 1.000000
0.998743 -0.035637 0.035245 0.000000 0.043560 0.964990 -0.258643 8.536500 -0.024794 0.259853 0.965330 0.187100 0.000000 0.000000 0.000000 1.000000
0.999534 -0.013575 0.027357 0.000000 0.019675 0.971339 -0.236881 8.536500 -0.023358 0.237309 0.971153 0.187100 0.000000 0.000000 0.000000 1.000000
0.999828 0.003221 0.018256 -0.000000 0.000798 0.976396 -0.215988 8.536500 -0.018521 0.215966 0.976225 0.187100 0.000000 0.000000 0.000000 1.000000
0.999784 0.017858 0.010596 -0.000000 -0.015428 0.980370 -0.196562 8.536500 -0.013898 0.196356 0.980434 0.187100 0.000000 0.000000 0.000000 1.000000
0.999674 0.023313 0.010416 0.000000 -0.020946 0.982012 -0.187655 8.536500 -0.014603 0.187376 0.982180 0.187100 0.000000 0.000000 0.000000 1.000000
0.999639 0.025270 0.009079 0.000000 -0.023152 0.982420 -0.185241 8.536500 -0.013600 0.184964 0.982651 0.187100 0.000000 0.000000 0.000000 1.000000
0.999637 0.026094 0.006771 0.000000 -0.024404 0.982632 -0.183953 8.536500 -0.011453 0.183721 0.982912 0.187100 0.000000 0.000000 0.000000 1.000000
0.999624 0.026877 0.005381 -0.000000 -0.025462 0.983194 -0.180777 8.536500 -0.010150 0.180572 0.983509 0.187100 0.000000 0.000000 0.000000 1.000000
0.999583 0.028626 0.003713 -0.000000 -0.027532 0.984119 -0.175360 8.536500 -0.008673 0.175185 0.984497 0.187100 0.000000 0.000000 0.000000 1.000000
0.999533 0.030545 -0.000537 -0.000000 -0.030201 0.985327 -0.167984 8.536500 -0.004602 0.167922 0.985790 0.187100 0.000000 0.000000 0.000000 1.000000
0.999499 0.031319 -0.004590 0.000000 -0.031650 0.986480 -0.160799 8.536500 -0.000508 0.160864 0.986977 0.187100 0.000000 0.000000 0.000000 1.000000
0.999487 0.031382 -0.006374 0.000000 -0.031989 0.987673 -0.153226 8.536500 0.001487 0.153351 0.988171 0.187100 0.000000 0.000000 0.000000 1.000000
0.999492 0.031044 -0.007147 0.000000 -0.031753 0.988865 -0.145391 8.536500 0.002553 0.145544 0.989348 0.187100 0.000000 0.000000 0.000000 1.000000
0.999491 0.030817 -0.008235 0.000000 -0.031661 0.989856 -0.138505 8.536500 0.003883 0.138695 0.990328 0.187100 0.000000 0.000000 0.000000 1.000000
0.999481 0.030999 -0.008711 0.000000 -0.031878 0.990749 -0.131912 8.536500 0.004541 0.132122 0.991223 0.187100 0.000000 0.000000 0.000000 1.000000
0.999489 0.030758 -0.008682 0.000000 -0.031613 0.991372 -0.127206 8.536500 0.004695 0.127415 0.991838 0.187100 0.000000 0.000000 0.000000 1.000000
0.999531 0.029276 -0.008991 0.000000 -0.030170 0.991730 -0.124742 8.536500 0.005264 0.124955 0.992148 0.187100 0.000000 0.000000 0.000000 1.000000
0.999592 0.026902 -0.009611 -0.000000 -0.027877 0.992084 -0.122445 8.536500 0.006241 0.122662 0.992429 0.187100 0.000000 0.000000 0.000000 1.000000
0.999667 0.023738 -0.010137 0.000000 -0.024791 0.992344 -0.120989 8.536500 0.007187 0.121200 0.992602 0.187100 0.000000 0.000000 0.000000 1.000000
0.999756 0.019552 -0.010272 0.000000 -0.020649 0.992474 -0.120705 8.536500 0.007835 0.120888 0.992635 0.187100 0.000000 0.000000 0.000000 1.000000
0.999821 0.015992 -0.010154 0.000000 -0.017099 0.992579 -0.120391 8.536500 0.008153 0.120543 0.992675 0.187100 0.000000 0.000000 0.000000 1.000000
0.999874 0.012444 -0.009904 0.000000 -0.013554 0.992523 -0.121305 8.536500 0.008321 0.121424 0.992566 0.187100 0.000000 0.000000 0.000000 1.000000
0.999930 0.007380 -0.009234 0.000000 -0.008457 0.992411 -0.122675 8.536500 0.008258 0.122745 0.992404 0.187100 0.000000 0.000000 0.000000 1.000000
0.999966 0.001437 -0.008181 0.000000 -0.002438 0.992314 -0.123724 8.536500 0.007940 0.123739 0.992283 0.187100 0.000000 0.000000 0.000000 1.000000
0.999982 -0.004074 -0.004352 -0.000000 0.003501 0.992215 -0.124486 8.536500 0.004825 0.124469 0.992212 0.187100 0.000000 0.000000 0.000000 1.000000
0.999974 -0.006876 -0.002114 0.000000 0.006564 0.992359 -0.123208 8.536500 0.002945 0.123191 0.992379 0.187100 0.000000 0.000000 0.000000 1.000000
0.999931 -0.011689 0.001359 0.000000 0.011767 0.992385 -0.122614 8.536500 0.000085 0.122621 0.992454 0.187100 0.000000 0.000000 0.000000 1.000000
0.999857 -0.016178 0.004857 0.000000 0.016648 0.992464 -0.121404 8.536500 -0.002856 0.121468 0.992591 0.187100 0.000000 0.000000 0.000000 1.000000
0.999790 -0.018812 0.008164 0.000000 0.019646 0.992769 -0.118425 8.536500 -0.005877 0.118561 0.992929 0.187100 0.000000 0.000000 0.000000 1.000000
0.999737 -0.020463 0.010356 0.000000 0.021514 0.993210 -0.114327 8.536500 -0.007946 0.114519 0.993389 0.187100 0.000000 0.000000 0.000000 1.000000
0.999764 -0.020377 0.007556 0.000000 0.021074 0.993924 -0.108032 8.536500 -0.005309 0.108165 0.994119 0.187100 0.000000 0.000000 0.000000 1.000000
0.999821 -0.018878 0.000978 0.000000 0.018880 0.994634 -0.101717 8.536500 0.000948 0.101717 0.994813 0.187100 0.000000 0.000000 0.000000 1.000000
0.999852 -0.014695 -0.008909 0.000000 0.013770 0.995255 -0.096324 8.536500 0.010282 0.096187 0.995310 0.187100 0.000000 0.000000 0.000000 1.000000
0.999911 -0.002621 -0.013063 0.000000 0.001368 0.995470 -0.095070 8.536500 0.013253 0.095044 0.995385 0.187100 0.000000 0.000000 0.000000 1.000000
0.999859 0.001502 -0.016715 0.000000 -0.003244 0.994502 -0.104663 8.536500 0.016466 0.104703 0.994367 0.187100 0.000000 0.000000 0.000000 1.000000
0.999817 0.001388 -0.019075 0.000000 -0.003672 0.992739 -0.120234 8.536500 0.018770 0.120282 0.992562 0.187100 0.000000 0.000000 0.000000 1.000000
0.999791 0.000617 -0.020451 0.000000 -0.003008 0.993117 -0.117092 8.536500 0.020238 0.117129 0.992911 0.187100 0.000000 0.000000 0.000000 1.000000
0.999785 -0.000251 -0.020744 0.000000 -0.001889 0.994671 -0.103081 8.536500 0.020660 0.103098 0.994457 0.187100 0.000000 0.000000 0.000000 1.000000
0.999767 -0.003329 -0.021315 0.000000 0.000744 0.992756 -0.120148 8.536500 0.021561 0.120105 0.992527 0.187100 0.000000 0.000000 0.000000 1.000000
0.999853 -0.003945 -0.016715 0.000000 0.001728 0.991427 -0.130652 8.536500 0.017087 0.130604 0.991287 0.187100 0.000000 0.000000 0.000000 1.000000
0.999851 0.003154 -0.016984 0.000000 -0.005373 0.991199 -0.132269 8.536500 0.016417 0.132341 0.991068 0.187100 0.000000 0.000000 0.000000 1.000000
0.999449 0.002637 -0.033092 -0.000000 -0.006848 0.991779 -0.127781 8.536500 0.032483 0.127938 0.991250 0.187100 0.000000 0.000000 0.000000 1.000000
0.999465 -0.004110 -0.032446 0.000000 0.000054 0.992278 -0.124031 8.536500 0.032705 0.123963 0.991748 0.187100 0.000000 0.000000 0.000000 1.000000
0.999819 -0.002559 -0.018833 0.000000 0.000121 0.991726 -0.128373 8.536500 0.019005 0.128348 0.991547 0.187100 0.000000 0.000000 0.000000 1.000000
0.999893 -0.001428 -0.014565 0.000000 -0.000509 0.991238 -0.132088 8.536500 0.014626 0.132082 0.991131 0.187100 0.000000 0.000000 0.000000 1.000000
0.999895 -0.002684 -0.014272 0.000000 0.000800 0.991452 -0.130468 8.536500 0.014500 0.130443 0.991350 0.187100 0.000000 0.000000 0.000000 1.000000
0.999843 -0.001833 -0.017601 0.000000 -0.000490 0.991372 -0.131074 8.536500 0.017690 0.131063 0.991216 0.187100 0.000000 0.000000 0.000000 1.000000
0.999818 -0.000821 -0.019081 0.000000 -0.001730 0.991077 -0.133279 8.536500 0.019020 0.133288 0.990895 0.187100 0.000000 0.000000 0.000000 1.000000
0.999839 0.000737 -0.017906 0.000000 -0.003174 0.990645 -0.136427 8.536500 0.017638 0.136462 0.990488 0.187100 0.000000 0.000000 0.000000 1.000000
0.999842 0.002131 -0.017668 0.000000 -0.004565 0.990298 -0.138885 8.536500 0.017200 0.138943 0.990151 0.187100 0.000000 0.000000 0.000000 1.000000
0.999834 0.003413 -0.017873 0.000000 -0.005896 0.990026 -0.140761 8.536500 0.017214 0.140843 0.989882 0.187100 0.000000 0.000000 0.000000 1.000000
0.999813 0.004537 -0.018772 -0.000000 -0.007149 0.989914 -0.141490 8.536500 0.017941 0.141598 0.989762 0.187100 0.000000 0.000000 0.000000 1.000000
0.999788 0.005494 -0.019821 0.000000 -0.008250 0.989868 -0.141750 8.536500 0.018841 0.141883 0.989704 0.187100 0.000000 0.000000 0.000000 1.000000
0.999778 0.005980 -0.020210 -0.000000 -0.008790 0.989835 -0.141952 8.536500 0.019156 0.142098 0.989667 0.187100 0.000000 0.000000 0.000000 1.000000
0.999769 0.006687 -0.020450 0.000000 -0.009545 0.989670 -0.143049 8.536500 0.019282 0.143211 0.989504 0.187100 0.000000 0.000000 0.000000 1.000000
0.999764 0.007210 -0.020491 0.000000 -0.010087 0.989525 -0.144009 8.536500 0.019238 0.144182 0.989364 0.187100 0.000000 0.000000 0.000000 1.000000
0.999771 0.007153 -0.020151 0.000000 -0.009981 0.989530 -0.143981 8.536500 0.018910 0.144149 0.989375 0.187100 0.000000 0.000000 0.000000 1.000000
0.999787 0.006802 -0.019500 0.000000 -0.009538 0.989550 -0.143871 8.536500 0.018318 0.144026 0.989404 0.187100 0.000000 0.000000 0.000000 1.000000
0.999818 0.006068 -0.018093 -0.000000 -0.008628 0.989400 -0.144960 8.536500 0.017022 0.145089 0.989272 0.187100 0.000000 0.000000 0.000000 1.000000
0.999857 0.004911 -0.016209 0.000000 -0.007240 0.989123 -0.146911 8.536500 0.015311 0.147008 0.989017 0.187100 0.000000 0.000000 0.000000 1.000000
0.999881 0.003462 -0.015013 0.000000 -0.005659 0.988841 -0.148865 8.536500 0.014331 0.148932 0.988744 0.187100 0.000000 0.000000 0.000000 1.000000
0.999898 0.002515 -0.014054 -0.000000 -0.004610 0.988508 -0.151099 8.536500 0.013513 0.151148 0.988419 0.187100 0.000000 0.000000 0.000000 1.000000
0.999912 0.002651 -0.013002 0.000000 -0.004601 0.988324 -0.152296 8.536500 0.012446 0.152342 0.988249 0.187100 0.000000 0.000000 0.000000 1.000000
0.999913 0.003790 -0.012630 0.000000 -0.005685 0.988125 -0.153545 8.536500 0.011898 0.153603 0.988061 0.187100 0.000000 0.000000 0.000000 1.000000
0.999896 0.006187 -0.013065 0.000000 -0.008137 0.987893 -0.154921 8.536500 0.011948 0.155011 0.987840 0.187100 0.000000 0.000000 0.000000 1.000000
0.999867 0.009745 -0.013042 -0.000000 -0.011657 0.987739 -0.155676 8.536500 0.011365 0.155808 0.987722 0.187100 0.000000 0.000000 0.000000 1.000000
0.999835 0.013548 -0.012071 0.000000 -0.015281 0.987396 -0.157531 8.536500 0.009785 0.157689 0.987440 0.187100 0.000000 0.000000 0.000000 1.000000
0.999799 0.016827 -0.010859 -0.000000 -0.018361 0.986677 -0.161653 8.536500 0.007994 0.161820 0.986788 0.187100 0.000000 0.000000 0.000000 1.000000
0.999724 0.020902 -0.010689 0.000000 -0.022395 0.985685 -0.167104 8.536500 0.007043 0.167297 0.985881 0.187100 0.000000 0.000000 0.000000 1.000000
0.999634 0.025112 -0.010024 -0.000000 -0.026466 0.984644 -0.172555 8.536500 0.005537 0.172757 0.984949 0.187100 0.000000 0.000000 0.000000 1.000000
0.999538 0.029371 -0.007780 0.000000 -0.030288 0.983525 -0.178214 8.536500 0.002418 0.178368 0.983961 0.187100 0.000000 0.000000 0.000000 1.000000
0.999420 0.033652 -0.005202 0.000000 -0.034036 0.982564 -0.182785 8.536500 -0.001040 0.182856 0.983139 0.187100 0.000000 0.000000 0.000000 1.000000
0.999313 0.036907 -0.003484 0.000000 -0.036912 0.981926 -0.185632 8.536500 -0.003430 0.185633 0.982613 0.187100 0.000000 0.000000 0.000000 1.000000
0.999224 0.039354 -0.001494 0.000000 -0.038928 0.981237 -0.188832 8.536500 -0.005965 0.188744 0.982008 0.187100 0.000000 0.000000 0.000000 1.000000
0.999106 0.042216 0.002337 0.000000 -0.040992 0.980716 -0.191089 8.536500 -0.010359 0.190822 0.981570 0.187100 0.000000 0.000000 0.000000 1.000000
0.999013 0.044265 0.003763 0.000000 -0.042693 0.980029 -0.194219 8.536500 -0.012285 0.193867 0.980951 0.187100 0.000000 0.000000 0.000000 1.000000
0.998926 0.046110 0.004526 0.000000 -0.044309 0.979300 -0.197505 8.536500 -0.013539 0.197093 0.980291 0.187100 0.000000 0.000000 0.000000 1.000000
0.998851 0.047722 0.004417 0.000000 -0.045866 0.978578 -0.200703 8.536500 -0.013900 0.200270 0.979642 0.187100 0.000000 0.000000 0.000000 1.000000
0.998790 0.048963 0.004529 0.000000 -0.047023 0.978007 -0.203203 8.536500 -0.014379 0.202745 0.979126 0.187100 0.000000 0.000000 0.000000 1.000000
0.998757 0.049687 0.003990 0.000000 -0.047810 0.977517 -0.205367 8.536500 -0.014104 0.204921 0.978677 0.187100 0.000000 0.000000 0.000000 1.000000
0.998728 0.050303 0.003327 0.000000 -0.048520 0.977041 -0.207454 8.536500 -0.013686 0.207029 0.978239 0.187100 0.000000 0.000000 0.000000 1.000000
0.998705 0.050801 0.002673 0.000000 -0.049116 0.976605 -0.209358 8.536500 -0.013246 0.208955 0.977836 0.187100 0.000000 0.000000 0.000000 1.000000
0.998711 0.050714 0.002118 0.000000 -0.049136 0.976399 -0.210311 8.536500 -0.012734 0.209936 0.977632 0.187100 0.000000 0.000000 0.000000 1.000000
0.998740 0.050152 0.001957 0.000000 -0.048614 0.976345 -0.210681 8.536500 -0.012476 0.210320 0.977553 0.187100 0.000000 0.000000 0.000000 1.000000
0.998772 0.049499 0.001870 0.000000 -0.047992 0.976320 -0.210941 8.536500 -0.012267 0.210592 0.977497 0.187100 0.000000 0.000000 0.000000 1.000000
0.998805 0.048847 0.001783 0.000000 -0.047369 0.976294 -0.211201 8.536500 -0.012058 0.210865 0.977441 0.187100 0.000000 0.000000 0.000000 1.000000</float_array>
        <technique_common>
          <accessor source="#mixamorig_Spine-Matrix-animation-output-transform-array" count="107" stride="16">
            <param type="float4x4"/>
          </accessor>
        </technique_common>
      </source>
      <source id="mixamorig_Spine-Interpolations">
        <Name_array id="mixamorig_Spine-Interpolations-array" count="107">
 LINEAR LINEAR LINEAR LINEAR LINEAR LINEAR LINEAR LINEAR LINEAR LINEAR LINEAR
LINEAR LINEAR LINEAR LINEAR LINEAR LINEAR LINEAR LINEAR LINEAR LINEAR LINEAR LINEAR
LINEAR LINEAR LINEAR LINEAR LINEAR LINEAR LINEAR LINEAR LINEAR LINEAR LINEAR LINEAR
LINEAR LINEAR LINEAR LINEAR LINEAR LINEAR LINEAR LINEAR LINEAR LINEAR LINEAR LINEAR
LINEAR LINEAR LINEAR LINEAR LINEAR LINEAR LINEAR LINEAR LINEAR LINEAR LINEAR LINEAR
LINEAR LINEAR LINEAR LINEAR LINEAR LINEAR LINEAR LINEAR LINEAR LINEAR LINEAR LINEAR
LINEAR LINEAR LINEAR LINEAR LINEAR LINEAR LINEAR LINEAR LINEAR LINEAR LINEAR LINEAR
LINEAR LINEAR LINEAR LINEAR LINEAR LINEAR LINEAR LINEAR LINEAR LINEAR LINEAR LINEAR
LINEAR LINEAR LINEAR LINEAR LINEAR LINEAR LINEAR LINEAR LINEAR LINEAR LINEAR LINEAR</Name_array>
        <technique_common>
          <accessor source="#mixamorig_Spine-Interpolations-array" count="107">
            <param type="name"/>
          </accessor>
        </technique_common>
      </source>
      <sampler id="mixamorig_Spine-Matrix-animation-transform">
        <input semantic="INPUT" source="#mixamorig_Spine-Matrix-animation-input"/>
        <input semantic="OUTPUT" source="#mixamorig_Spine-Matrix-animation-output-transform"/>
        <input semantic="INTERPOLATION" source="#mixamorig_Spine-Interpolations"/>
      </sampler>
      <channel source="#mixamorig_Spine-Matrix-animation-transform" target="mixamorig_Spine/matrix"/>
    </animation>
    <animation id="mixamorig_Spine1-anim" name="mixamorig_Spine1">
      <source id="mixamorig_Spine1-Matrix-animation-input">
        <float_array id="mixamorig_Spine1-Matrix-animation-input-array" count="107">

0.000000 0.033333 0.066667 0.100000 0.133333 0.166667 0.200000 0.233333 0.266667 0.300000 0.333333 0.366667 0.400000 0.433333 0.466667 0.500000
0.533333 0.566667 0.600000 0.633333 0.666667 0.700000 0.733333 0.766667 0.800000 0.833333 0.866667 0.900000 0.933333 0.966667 1.000000 1.033333
1.066667 1.100000 1.133333 1.166667 1.200000 1.233333 1.266667 1.300000 1.333333 1.366667 1.400000 1.433333 1.466667 1.500000 1.533333 1.566667
1.600000 1.633333 1.666667 1.700000 1.733333 1.766667 1.800000 1.833333 1.866667 1.900000 1.933333 1.966667 2.000000 2.033333 2.066667 2.100000
