<?xml version="1.0" encoding="utf-8"?>
<COLLADA xmlns="http://www.collada.org/2005/11/COLLADASchema" version="1.4.1">
  <asset>
    <contributor>
      <author>Mixamo</author>
      <authoring_tool>COLLADA Mixamo exporter</authoring_tool>
      <comments/>
    </contributor>
    <created>2025-11-14T05:17:34Z</created>
    <modified>2025-11-14T05:17:34Z</modified>
    <revision/>
    <title/>
    <unit meter="0.010000"/>
    <up_axis>Y_UP</up_axis>
  </asset>
  <library_animations>
    <animation id="mixamorig_Hips-anim" name="mixamorig_Hips">
      <source id="mixamorig_Hips-Matrix-animation-input">
        <float_array id="mixamorig_Hips-Matrix-animation-input-array" count="42">

0.000000 0.033333 0.066667 0.100000 0.133333 0.166667 0.200000 0.233333 0.266667 0.300000 0.333333 0.366667 0.400000 0.433333 0.466667 0.500000
0.533333 0.566667 0.600000 0.633333 0.666667 0.700000 0.733333 0.766667 0.800000 0.833333 0.866667 0.900000 0.933333 0.966667 1.000000 1.033333
1.066667 1.100000 1.133333 1.166667 1.200000 1.233333 1.266667 1.300000 1.333333 1.366667</float_array>
        <technique_common>
          <accessor source="#mixamorig_Hips-Matrix-animation-input-array" count="42">
            <param name="TIME" type="float"/>
          </accessor>
        </technique_common>
      </source>
      <source id="mixamorig_Hips-Matrix-animation-output-transform">
        <float_array id="mixamorig_Hips-Matrix-animation-output-transform-array" count="672">

0.918481 -0.144956 -0.367940 -0.180286 0.122042 0.988884 -0.084936 159.543823 0.376162 0.033108 0.925962 3.017635 0.000000 0.000000 0.000000 1.000000
0.902540 -0.134968 -0.408907 1.334790 0.105771 0.990003 -0.093310 158.219513 0.417413 0.040966 0.907793 15.279330 0.000000 0.000000 0.000000 1.000000
0.884672 -0.124589 -0.449259 2.702742 0.088791 0.991019 -0.099985 156.733459 0.457681 0.048563 0.887789 27.546976 0.000000 0.000000 0.000000 1.000000
0.865601 -0.108889 -0.488751 3.261507 0.066656 0.992440 -0.103055 154.357773 0.496278 0.056626 0.866315 39.847370 0.000000 0.000000 0.000000 1.000000
0.848616 -0.087648 -0.521699 3.253271 0.036899 0.993584 -0.106906 150.678970 0.527722 0.071472 0.846405 53.250328 0.000000 0.000000 0.000000 1.000000
0.844344 -0.066277 -0.531687 2.996773 -0.000300 0.992261 -0.124166 145.969360 0.535802 0.104998 0.837790 67.199326 0.000000 0.000000 0.000000 1.000000
0.848803 -0.078379 -0.522867 2.119126 -0.002773 0.988277 -0.152646 139.980804 0.528702 0.131016 0.838635 81.070076 0.000000 0.000000 0.000000 1.000000
0.864194 -0.107103 -0.491628 0.765665 0.020837 0.983862 -0.177711 132.577774 0.502727 0.143333 0.852479 94.897499 0.000000 0.000000 0.000000 1.000000
0.881421 -0.074965 -0.466344 0.056157 0.008988 0.989808 -0.142124 124.365005 0.472246 0.121080 0.873112 108.285904 0.000000 0.000000 0.000000 1.000000
0.899125 -0.023965 -0.437035 -0.140884 -0.028216 0.993249 -0.112515 114.779495 0.436781 0.113497 0.892380 120.742455 0.000000 0.000000 0.000000 1.000000
0.926463 -0.042852 -0.373938 -0.508782 -0.007011 0.991361 -0.130976 105.974350 0.376320 0.123966 0.918159 132.617371 0.000000 0.000000 0.000000 1.000000
0.950195 -0.079406 -0.301370 -1.092696 0.036563 0.988722 -0.145229 98.909286 0.309503 0.126977 0.942382 142.595779 0.000000 0.000000 0.000000 1.000000
0.960480 -0.078535 -0.267038 -1.594570 0.031150 0.983672 -0.177254 93.407532 0.276599 0.161931 0.947244 153.843475 0.000000 0.000000 0.000000 1.000000
0.958436 -0.057284 -0.279499 -1.887342 -0.010472 0.971913 -0.235106 90.622925 0.285117 0.228261 0.930916 166.452438 0.000000 0.000000 0.000000 1.000000
0.937816 -0.094033 -0.334155 -2.848856 -0.012257 0.953042 -0.302590 89.646698 0.346917 0.287869 0.892625 177.971802 0.000000 0.000000 0.000000 1.000000
0.892707 -0.156229 -0.422690 -3.476185 -0.003567 0.935502 -0.353303 89.047760 0.450623 0.316903 0.834572 188.012909 0.000000 0.000000 0.000000 1.000000
0.863434 -0.165614 -0.476501 -3.257216 -0.016835 0.934587 -0.355335 89.121773 0.504180 0.314831 0.804167 198.049805 0.000000 0.000000 0.000000 1.000000
0.842261 -0.170542 -0.511383 -3.113821 -0.031271 0.931584 -0.362179 89.543274 0.538163 0.321041 0.779303 207.457962 0.000000 0.000000 0.000000 1.000000
0.828384 -0.201830 -0.522537 -3.547458 -0.025857 0.918062 -0.395593 90.224289 0.559563 0.341214 0.755289 217.038345 0.000000 0.000000 0.000000 1.000000
0.819144 -0.238084 -0.521843 -4.294358 -0.006219 0.906046 -0.423134 91.492012 0.573555 0.349853 0.740701 226.956100 0.000000 0.000000 0.000000 1.000000
0.827147 -0.242628 -0.506912 -4.800785 0.010780 0.908685 -0.417342 93.955765 0.561883 0.339739 0.754232 235.848679 0.000000 0.000000 0.000000 1.000000
0.849731 -0.225405 -0.476603 -5.154322 0.017958 0.915847 -0.401125 96.436478 0.526911 0.332289 0.782271 245.983566 0.000000 0.000000 0.000000 1.000000
0.880128 -0.203618 -0.428853 -5.367039 0.022488 0.920216 -0.390764 98.727158 0.474204 0.334278 0.814487 257.445129 0.000000 0.000000 0.000000 1.000000
0.909941 -0.176374 -0.375366 -5.226717 0.021718 0.924090 -0.381557 101.060646 0.414169 0.339042 0.844698 270.125946 0.000000 0.000000 0.000000 1.000000
0.925820 -0.115701 -0.359821 -4.137446 -0.017831 0.937565 -0.347354 102.636139 0.377545 0.328003 0.865953 283.458496 0.000000 0.000000 0.000000 1.000000
0.934223 -0.055348 -0.352370 -2.871310 -0.060738 0.948775 -0.310058 103.737366 0.351481 0.311066 0.883006 296.847839 0.000000 0.000000 0.000000 1.000000
0.931526 -0.029627 -0.362466 -1.669798 -0.076446 0.958456 -0.274806 103.225281 0.355550 0.283698 0.890562 309.869446 0.000000 0.000000 0.000000 1.000000
0.936992 -0.048654 -0.345946 -0.745796 -0.043609 0.966219 -0.254005 101.954483 0.346618 0.253087 0.903218 322.218781 0.000000 0.000000 0.000000 1.000000
0.939881 -0.084335 -0.330926 0.172542 0.002264 0.970545 -0.240908 100.697029 0.341496 0.225676 0.912388 334.435059 0.000000 0.000000 0.000000 1.000000
0.932890 -0.103725 -0.344903 1.200044 0.009212 0.964191 -0.265050 99.911613 0.360044 0.244085 0.900439 347.878540 0.000000 0.000000 0.000000 1.000000
0.920566 -0.100270 -0.377498 1.942962 -0.005434 0.963106 -0.269069 99.965736 0.390550 0.249747 0.886057 361.831268 0.000000 0.000000 0.000000 1.000000
0.920247 -0.066069 -0.385720 2.361458 -0.033192 0.968916 -0.245154 100.810776 0.389928 0.238405 0.889449 376.843994 0.000000 0.000000 0.000000 1.000000
0.926297 -0.011178 -0.376629 2.581916 -0.073996 0.974699 -0.210916 102.197914 0.369457 0.223240 0.902034 392.970032 0.000000 0.000000 0.000000 1.000000
0.925604 0.014746 -0.378206 2.613287 -0.097826 0.974608 -0.201416 103.739517 0.365633 0.223430 0.903544 409.111328 0.000000 0.000000 0.000000 1.000000
0.924360 0.026917 -0.380571 2.564247 -0.111256 0.973170 -0.201399 105.165710 0.364940 0.228506 0.902554 425.228912 0.000000 0.000000 0.000000 1.000000
0.927364 -0.000632 -0.374159 2.302237 -0.090108 0.970190 -0.224972 105.860329 0.363148 0.242345 0.899662 441.212677 0.000000 0.000000 0.000000 1.000000
0.931764 -0.026107 -0.362125 1.903551 -0.061148 0.971879 -0.227405 105.569672 0.357879 0.234031 0.903965 456.293518 0.000000 0.000000 0.000000 1.000000
0.935737 -0.042267 -0.350156 1.489702 -0.037253 0.975395 -0.217294 104.984421 0.350725 0.216374 0.911139 471.089905 0.000000 0.000000 0.000000 1.000000
0.940078 -0.012883 -0.340716 1.136723 -0.047409 0.984640 -0.168036 103.911453 0.337647 0.174120 0.925028 485.366821 0.000000 0.000000 0.000000 1.000000
0.936523 0.016468 -0.350219 0.779999 -0.072392 0.986454 -0.147199 103.050690 0.343050 0.163209 0.925029 498.423615 0.000000 0.000000 0.000000 1.000000
0.927819 0.011306 -0.372859 0.344075 -0.078870 0.982890 -0.166456 101.781120 0.364598 0.183849 0.912835 509.687317 0.000000 0.000000 0.000000 1.000000
0.918144 0.000562 -0.396248 0.059615 -0.083645 0.977740 -0.192428 100.357727 0.387319 0.209821 0.897752 521.959839 0.000000 0.000000 0.000000 1.000000</float_array>
        <technique_common>
          <accessor source="#mixamorig_Hips-Matrix-animation-output-transform-array" count="42" stride="16">
            <param type="float4x4"/>
          </accessor>
        </technique_common>
      </source>
      <source id="mixamorig_Hips-Interpolations">
        <Name_array id="mixamorig_Hips-Interpolations-array" count="42">
 LINEAR LINEAR LINEAR LINEAR LINEAR LINEAR LINEAR LINEAR LINEAR LINEAR LINEAR
LINEAR LINEAR LINEAR LINEAR LINEAR LINEAR LINEAR LINEAR LINEAR LINEAR LINEAR LINEAR
LINEAR LINEAR LINEAR LINEAR LINEAR LINEAR LINEAR LINEAR LINEAR LINEAR LINEAR LINEAR
LINEAR LINEAR LINEAR LINEAR LINEAR LINEAR LINEAR</Name_array>
        <technique_common>
          <accessor source="#mixamorig_Hips-Interpolations-array" count="42">
            <param type="name"/>
          </accessor>
        </technique_common>
      </source>
      <sampler id="mixamorig_Hips-Matrix-animation-transform">
        <input semantic="INPUT" source="#mixamorig_Hips-Matrix-animation-input"/>
        <input semantic="OUTPUT" source="#mixamorig_Hips-Matrix-animation-output-transform"/>
        <input semantic="INTERPOLATION" source="#mixamorig_Hips-Interpolations"/>
      </sampler>
      <channel source="#mixamorig_Hips-Matrix-animation-transform" target="mixamorig_Hips/matrix"/>
    </animation>
    <animation id="mixamorig_Spine-anim" name="mixamorig_Spine">
      <source id="mixamorig_Spine-Matrix-animation-input">
        <float_array id="mixamorig_Spine-Matrix-animation-input-array" count="42">

0.000000 0.033333 0.066667 0.100000 0.133333 0.166667 0.200000 0.233333 0.266667 0.300000 0.333333 0.366667 0.400000 0.433333 0.466667 0.500000
0.533333 0.566667 0.600000 0.633333 0.666667 0.700000 0.733333 0.766667 0.800000 0.833333 0.866667 0.900000 0.933333 0.966667 1.000000 1.033333
1.066667 1.100000 1.133333 1.166667 1.200000 1.233333 1.266667 1.300000 1.333333 1.366667</float_array>
        <technique_common>
          <accessor source="#mixamorig_Spine-Matrix-animation-input-array" count="42">
            <param name="TIME" type="float"/>
          </accessor>
        </technique_common>
      </source>
      <source id="mixamorig_Spine-Matrix-animation-output-transform">
        <float_array id="mixamorig_Spine-Matrix-animation-output-transform-array" count="672">

0.983085 0.161446 -0.086485 0.000000 -0.179591 0.757079 -0.628154 8.536500 -0.035937 0.633061 0.773267 0.187100 0.000000 0.000000 0.000000 1.000000
0.985054 0.152063 -0.080900 0.000000 -0.167967 0.744030 -0.646689 8.536500 -0.038145 0.650612 0.758451 0.187100 0.000000 0.000000 0.000000 1.000000
0.988113 0.135762 -0.072123 0.000000 -0.149428 0.737976 -0.658075 8.536500 -0.036117 0.661030 0.749490 0.187100 0.000000 0.000000 0.000000 1.000000
0.995643 0.078484 -0.050351 0.000000 -0.092622 0.770006 -0.631278 8.536500 -0.010774 0.633191 0.773921 0.187100 0.000000 0.000000 0.000000 1.000000
0.996830 -0.077957 -0.015924 0.000000 0.056865 0.837982 -0.542727 8.536500 0.055654 0.540101 0.839758 0.187100 0.000000 0.000000 0.000000 1.000000
0.980319 -0.197410 0.002013 0.000000 0.177344 0.876105 -0.448318 8.536500 0.086739 0.439852 0.893872 0.187100 0.000000 0.000000 0.000000 1.000000
0.980501 -0.196387 -0.007096 -0.000000 0.183211 0.926588 -0.328433 8.536500 0.071075 0.320729 0.944501 0.187100 0.000000 0.000000 0.000000 1.000000
0.983801 -0.177245 -0.026819 0.000000 0.163341 0.947970 -0.273262 8.536500 0.073858 0.264455 0.961566 0.187100 0.000000 0.000000 0.000000 1.000000
0.981179 -0.187218 -0.047295 0.000000 0.163735 0.936468 -0.310190 8.536500 0.102363 0.296609 0.949497 0.187100 0.000000 0.000000 0.000000 1.000000
0.977447 -0.200285 -0.066957 0.000000 0.169308 0.932717 -0.318393 8.536500 0.126221 0.299876 0.945591 0.187100 0.000000 0.000000 0.000000 1.000000
0.988498 -0.107826 -0.106048 -0.000000 0.075066 0.958538 -0.274900 8.536500 0.131292 0.263777 0.955607 0.187100 0.000000 0.000000 0.000000 1.000000
0.991195 0.009238 -0.132091 0.000000 -0.049142 0.951983 -0.302180 8.536500 0.122957 0.306010 0.944055 0.187100 0.000000 0.000000 0.000000 1.000000
0.990198 -0.018183 -0.138484 0.000000 -0.032247 0.934943 -0.353329 8.536500 0.135899 0.354332 0.925192 0.187100 0.000000 0.000000 0.000000 1.000000
0.989243 -0.080320 -0.122255 -0.000000 0.026654 0.920748 -0.389247 8.536500 0.143830 0.381801 0.912985 0.187100 0.000000 0.000000 0.000000 1.000000
0.993232 -0.020985 -0.114238 0.000000 -0.019287 0.940090 -0.340382 8.536500 0.114537 0.340281 0.933322 0.187100 0.000000 0.000000 0.000000 1.000000
0.994090 0.049488 -0.096623 0.000000 -0.074976 0.956659 -0.281393 8.536500 0.078510 0.286975 0.954716 0.187100 0.000000 0.000000 0.000000 1.000000
0.995092 0.057114 -0.080805 0.000000 -0.080950 0.939510 -0.332819 8.536500 0.056909 0.337726 0.939522 0.187100 0.000000 0.000000 0.000000 1.000000
0.995900 0.055951 -0.071077 0.000000 -0.078426 0.925629 -0.370217 8.536500 0.045077 0.374274 0.926222 0.187100 0.000000 0.000000 0.000000 1.000000
0.994724 0.077237 -0.067524 0.000000 -0.094725 0.944224 -0.315387 8.536500 0.039398 0.320119 0.946558 0.187100 0.000000 0.000000 0.000000 1.000000
0.988521 0.133710 -0.070342 0.000000 -0.147621 0.953899 -0.261312 8.536500 0.032159 0.268696 0.962688 0.187100 0.000000 0.000000 0.000000 1.000000
0.978799 0.190316 -0.075714 0.000000 -0.202516 0.954559 -0.218642 8.536500 0.030663 0.229340 0.972863 0.187100 0.000000 0.000000 0.000000 1.000000
0.972219 0.220055 -0.079788 0.000000 -0.231477 0.954483 -0.188097 8.536500 0.034765 0.201341 0.978904 0.187100 0.000000 0.000000 0.000000 1.000000
0.968167 0.234920 -0.086398 0.000000 -0.246395 0.955237 -0.163743 8.536500 0.044064 0.179819 0.982712 0.187100 0.000000 0.000000 0.000000 1.000000
0.967109 0.238363 -0.088786 0.000000 -0.249180 0.957915 -0.142506 8.536500 0.051081 0.159943 0.985804 0.187100 0.000000 0.000000 0.000000 1.000000
0.977917 0.192938 -0.080334 0.000000 -0.202881 0.968668 -0.143255 8.536500 0.050177 0.156390 0.986420 0.187100 0.000000 0.000000 0.000000 1.000000
0.986758 0.145437 -0.071807 0.000000 -0.154786 0.976659 -0.148926 8.536500 0.048472 0.158069 0.986238 0.187100 0.000000 0.000000 0.000000 1.000000
0.987438 0.139177 -0.074806 -0.000000 -0.149675 0.975606 -0.160595 8.536500 0.050630 0.169775 0.984181 0.187100 0.000000 0.000000 0.000000 1.000000
0.979890 0.176322 -0.093418 0.000000 -0.191290 0.963299 -0.188315 8.536500 0.056786 0.202398 0.977656 0.187100 0.000000 0.000000 0.000000 1.000000
0.967899 0.222976 -0.115991 0.000000 -0.244662 0.941529 -0.231654 8.536500 0.057556 0.252597 0.965858 0.187100 0.000000 0.000000 0.000000 1.000000
0.966767 0.226997 -0.117621 -0.000000 -0.247657 0.945721 -0.210424 8.536500 0.063471 0.232560 0.970509 0.187100 0.000000 0.000000 0.000000 1.000000
0.972384 0.204428 -0.112598 0.000000 -0.222689 0.957082 -0.185482 8.536500 0.069848 0.205434 0.976175 0.187100 0.000000 0.000000 0.000000 1.000000
0.982677 0.144960 -0.115463 -0.000000 -0.165359 0.967142 -0.193113 8.536500 0.083675 0.208861 0.974359 0.187100 0.000000 0.000000 0.000000 1.000000
0.990798 0.055681 -0.123366 0.000000 -0.080886 0.974384 -0.209840 8.536500 0.108522 0.217888 0.969922 0.187100 0.000000 0.000000 0.000000 1.000000
0.991454 -0.003276 -0.130416 0.000000 -0.023649 0.978609 -0.204366 8.536500 0.128295 0.205703 0.970168 0.187100 0.000000 0.000000 0.000000 1.000000
0.989215 -0.047728 -0.138475 -0.000000 0.021056 0.981939 -0.188024 8.536500 0.144948 0.183081 0.972354 0.187100 0.000000 0.000000 0.000000 1.000000
0.988005 -0.051167 -0.145700 0.000000 0.031285 0.990267 -0.135616 8.536500 0.151221 0.129431 0.979990 0.187100 0.000000 0.000000 0.000000 1.000000
0.988560 -0.037688 -0.146043 0.000000 0.021843 0.993844 -0.108617 8.536500 0.149237 0.104184 0.983297 0.187100 0.000000 0.000000 0.000000 1.000000
0.989349 -0.027839 -0.142874 0.000000 0.013016 0.994528 -0.103652 8.536500 0.144978 0.100688 0.984298 0.187100 0.000000 0.000000 0.000000 1.000000
0.990119 -0.051451 -0.130449 -0.000000 0.027012 0.982814 -0.182611 8.536500 0.137602 0.177283 0.974493 0.187100 0.000000 0.000000 0.000000 1.000000
0.991277 -0.073679 -0.109278 0.000000 0.041692 0.961865 -0.270328 8.536500 0.125029 0.263413 0.956547 0.187100 0.000000 0.000000 0.000000 1.000000
0.994502 -0.043142 -0.095414 0.000000 0.010068 0.946359 -0.322960 8.536500 0.104229 0.320224 0.941591 0.187100 0.000000 0.000000 0.000000 1.000000
0.996376 0.011707 -0.084253 -0.000000 -0.040784 0.934962 -0.352396 8.536500 0.074647 0.354555 0.932051 0.187100 0.000000 0.000000 0.000000 1.000000</float_array>
        <technique_common>
          <accessor source="#mixamorig_Spine-Matrix-animation-output-transform-array" count="42" stride="16">
            <param type="float4x4"/>
          </accessor>
        </technique_common>
      </source>
      <source id="mixamorig_Spine-Interpolations">
        <Name_array id="mixamorig_Spine-Interpolations-array" count="42">
 LINEAR LINEAR LINEAR LINEAR LINEAR LINEAR LINEAR LINEAR LINEAR LINEAR LINEAR
LINEAR LINEAR LINEAR LINEAR LINEAR LINEAR LINEAR LINEAR LINEAR LINEAR LINEAR LINEAR
LINEAR LINEAR LINEAR LINEAR LINEAR LINEAR LINEAR LINEAR LINEAR LINEAR LINEAR LINEAR
LINEAR LINEAR LINEAR LINEAR LINEAR LINEAR LINEAR</Name_array>
        <technique_common>
          <accessor source="#mixamorig_Spine-Interpolations-array" count="42">
            <param type="name"/>
          </accessor>
        </technique_common>
      </source>
      <sampler id="mixamorig_Spine-Matrix-animation-transform">
        <input semantic="INPUT" source="#mixamorig_Spine-Matrix-animation-input"/>
        <input semantic="OUTPUT" source="#mixamorig_Spine-Matrix-animation-output-transform"/>
        <input semantic="INTERPOLATION" source="#mixamorig_Spine-Interpolations"/>
      </sampler>
      <channel source="#mixamorig_Spine-Matrix-animation-transform" target="mixamorig_Spine/matrix"/>
    </animation>
    <animation id="mixamorig_Spine1-anim" name="mixamorig_Spine1">
      <source id="mixamorig_Spine1-Matrix-animation-input">
        <float_array id="mixamorig_Spine1-Matrix-animation-input-array" count="42">

0.000000 0.033333 0.066667 0.100000 0.133333 0.166667 0.200000 0.233333 0.266667 0.300000 0.333333 0.366667 0.400000 0.433333 0.466667 0.500000
0.533333 0.566667 0.600000 0.633333 0.666667 0.700000 0.733333 0.766667 0.800000 0.833333 0.866667 0.900000 0.933333 0.966667 1.000000 1.033333
1.066667 1.100000 1.133333 1.166667 1.200000 1.233333 1.266667 1.300000 1.333333 1.366667</float_array>
        <technique_common>
          <accessor source="#mixamorig_Spine1-Matrix-animation-input-array" count="42">
            <param name="TIME" type="float"/>
          </accessor>
        </technique_common>
      </source>
      <source id="mixamorig_Spine1-Matrix-animation-output-transform">
        <float_array id="mixamorig_Spine1-Matrix-animation-output-transform-array" count="672">

0.999693 0.019463 -0.015328 0.000000 -0.018782 0.998880 0.043420 9.685800 0.016156 -0.043118 0.998939 0.000000 0.000000 0.000000 0.000000 1.000000
0.999689 0.017180 -0.018098 0.000000 -0.016051 0.998024 0.060742 9.685800 0.019106 -0.060433 0.997989 0.000000 0.000000 0.000000 0.000000 1.000000
0.999601 0.018830 -0.021065 0.000000 -0.017254 0.997208 0.072648 9.685800 0.022374 -0.072255 0.997135 0.000000 0.000000 0.000000 0.000000 1.000000
0.998821 0.041512 -0.025166 0.000000 -0.040078 0.997680 0.055034 9.685800 0.027392 -0.053961 0.998167 0.000000 0.000000 0.000000 0.000000 1.000000
0.992925 0.111299 -0.041378 0.000000 -0.111100 0.993784 0.007089 9.685800 0.041910 -0.002442 0.999118 0.000000 0.000000 0.000000 0.000000 1.000000
0.987675 0.141726 -0.066418 0.000000 -0.143654 0.989307 -0.025196 9.685800 0.062136 0.034426 0.997474 -0.000000 0.000000 0.000000 0.000000 1.000000
0.990487 0.109994 -0.082691 0.000000 -0.115181 0.991482 -0.060804 9.685800 0.075298 0.069750 0.994719 0.000000 0.000000 0.000000 0.000000 1.000000
0.993222 0.067273 -0.094790 0.000000 -0.072251 0.996127 -0.050099 9.685800 0.091053 0.056608 0.994236 -0.000000 0.000000 0.000000 0.000000 1.000000
0.993241 0.034455 -0.110843 0.000000 -0.037709 0.998913 -0.027396 9.685800 0.109778 0.031390 0.993460 -0.000000 0.000000 0.000000 0.000000 1.000000
0.991276 0.001514 -0.131791 0.000000 -0.004696 0.999705 -0.023831 9.685800 0.131716 0.024242 0.990991 0.000000 0.000000 0.000000 0.000000 1.000000
0.985978 -0.058589 -0.156249 0.000000 0.052550 0.997713 -0.042507 9.685800 0.158382 0.033700 0.986803 0.000000 0.000000 0.000000 0.000000 1.000000
0.979964 -0.120474 -0.158610 0.000000 0.112213 0.991866 -0.060084 9.685800 0.164558 0.041082 0.985511 -0.000000 0.000000 0.000000 0.000000 1.000000
0.975262 -0.135294 -0.174811 0.000000 0.130114 0.990659 -0.040814 9.685800 0.178700 0.017059 0.983756 0.000000 0.000000 0.000000 0.000000 1.000000
0.975427 -0.138267 -0.171536 0.000000 0.138574 0.990299 -0.010241 9.685800 0.171288 -0.013781 0.985125 0.000000 0.000000 0.000000 0.000000 1.000000
0.976290 -0.160147 -0.145640 0.000000 0.159537 0.987063 -0.015938 9.685800 0.146308 -0.007675 0.989209 0.000000 0.000000 0.000000 0.000000 1.000000
0.981052 -0.159583 -0.109863 0.000000 0.157730 0.987155 -0.025409 9.685800 0.112507 0.007599 0.993622 0.000000 0.000000 0.000000 0.000000 1.000000
0.984091 -0.154966 -0.086899 -0.000000 0.155255 0.987868 -0.003468 9.685800 0.086382 -0.010079 0.996211 0.000000 0.000000 0.000000 0.000000 1.000000
0.986532 -0.148312 -0.068984 0.000000 0.149732 0.988600 0.015856 9.685800 0.065846 -0.025972 0.997492 0.000000 0.000000 0.000000 0.000000 1.000000
0.987966 -0.142249 -0.060733 0.000000 0.142733 0.989754 0.003688 9.685800 0.059586 -0.012312 0.998147 0.000000 0.000000 0.000000 0.000000 1.000000
0.987945 -0.144853 -0.054612 0.000000 0.144713 0.989452 -0.006528 9.685800 0.054982 -0.001453 0.998486 0.000000 0.000000 0.000000 0.000000 1.000000
0.988341 -0.143253 -0.051590 0.000000 0.142415 0.989613 -0.019586 9.685800 0.053860 0.012010 0.998476 0.000000 0.000000 0.000000 0.000000 1.000000
0.988949 -0.137598 -0.055206 0.000000 0.136114 0.990245 -0.029814 9.685800 0.058770 0.021970 0.998030 0.000000 0.000000 0.000000 0.000000 1.000000
0.989194 -0.133049 -0.061592 -0.000000 0.131429 0.990882 -0.029663 9.685800 0.064977 0.021248 0.997660 0.000000 0.000000 0.000000 0.000000 1.000000
0.989516 -0.127398 -0.068023 0.000000 0.126030 0.991735 -0.024060 9.685800 0.070526 0.015235 0.997394 -0.000000 0.000000 0.000000 0.000000 1.000000
0.991574 -0.112693 -0.063891 -0.000000 0.111650 0.993553 -0.019671 9.685800 0.065696 0.012372 0.997763 0.000000 0.000000 0.000000 0.000000 1.000000
0.993572 -0.096740 -0.058788 0.000000 0.095949 0.995256 -0.016130 9.685800 0.060069 0.010386 0.998140 0.000000 0.000000 0.000000 0.000000 1.000000
0.994705 -0.083559 -0.059830 0.000000 0.082823 0.996456 -0.014683 9.685800 0.060845 0.009650 0.998101 0.000000 0.000000 0.000000 0.000000 1.000000
0.994327 -0.079096 -0.071121 0.000000 0.078871 0.996867 -0.005980 9.685800 0.071371 0.000336 0.997450 -0.000000 0.000000 0.000000 0.000000 1.000000
0.993813 -0.075999 -0.080991 0.000000 0.076414 0.997074 0.002035 9.685800 0.080599 -0.008211 0.996713 0.000000 0.000000 0.000000 0.000000 1.000000
0.993841 -0.069852 -0.086031 0.000000 0.069693 0.997557 -0.004855 9.685800 0.086160 -0.001170 0.996281 0.000000 0.000000 0.000000 0.000000 1.000000
0.993972 -0.062818 -0.089851 0.000000 0.061523 0.997959 -0.017115 9.685800 0.090743 0.011484 0.995808 0.000000 0.000000 0.000000 0.000000 1.000000
0.993402 -0.054085 -0.101126 0.000000 0.051796 0.998342 -0.025122 9.685800 0.102317 0.019718 0.994556 -0.000000 0.000000 0.000000 0.000000 1.000000
0.991973 -0.043372 -0.118776 0.000000 0.040336 0.998798 -0.027851 9.685800 0.119841 0.022837 0.992530 0.000000 0.000000 0.000000 0.000000 1.000000
0.990517 -0.042154 -0.130766 0.000000 0.039175 0.998913 -0.025271 9.685800 0.131689 0.019909 0.991091 0.000000 0.000000 0.000000 0.000000 1.000000
0.989094 -0.043708 -0.140651 -0.000000 0.040799 0.998891 -0.023504 9.685800 0.141522 0.017509 0.989780 -0.000000 0.000000 0.000000 0.000000 1.000000
0.988062 -0.050104 -0.145681 0.000000 0.046086 0.998462 -0.030824 9.685800 0.147002 0.023742 0.988851 -0.000000 0.000000 0.000000 0.000000 1.000000
0.988534 -0.046885 -0.143538 0.000000 0.042093 0.998456 -0.036248 9.685800 0.145016 0.029791 0.988981 0.000000 0.000000 0.000000 0.000000 1.000000
0.989339 -0.041197 -0.139684 0.000000 0.036277 0.998635 -0.037590 9.685800 0.141042 0.032122 0.989482 0.000000 0.000000 0.000000 0.000000 1.000000
0.990426 -0.033103 -0.134015 0.000000 0.030654 0.999324 -0.020297 9.685800 0.134596 0.015995 0.990771 0.000000 0.000000 0.000000 0.000000 1.000000
0.991759 -0.024699 -0.125713 -0.000000 0.025631 0.999655 0.005802 9.685800 0.125526 -0.008976 0.992050 0.000000 0.000000 0.000000 0.000000 1.000000
0.993853 -0.022006 -0.108500 0.000000 0.023457 0.999651 0.012118 9.685800 0.108196 -0.014588 0.994023 0.000000 0.000000 0.000000 0.000000 1.000000
0.995425 -0.041743 -0.085944 0.000000 0.041643 0.999128 -0.002959 9.685800 0.085993 -0.000633 0.996296 0.000000 0.000000 0.000000 0.000000 1.000000</float_array>
        <technique_common>
          <accessor source="#mixamorig_Spine1-Matrix-animation-output-transform-array" count="42" stride="16">
            <param type="float4x4"/>
          </accessor>
        </technique_common>
      </source>
      <source id="mixamorig_Spine1-Interpolations">
        <Name_array id="mixamorig_Spine1-Interpolations-array" count="42">
 LINEAR LINEAR LINEAR LINEAR LINEAR LINEAR LINEAR LINEAR LINEAR LINEAR LINEAR
LINEAR LINEAR LINEAR LINEAR LINEAR LINEAR LINEAR LINEAR LINEAR LINEAR LINEAR LINEAR
LINEAR LINEAR LINEAR LINEAR LINEAR LINEAR LINEAR LINEAR LINEAR LINEAR LINEAR LINEAR
LINEAR LINEAR LINEAR LINEAR LINEAR LINEAR LINEAR</Name_array>
        <technique_common>
          <accessor source="#mixamorig_Spine1-Interpolations-array" count="42">
            <param type="name"/>
          </accessor>
        </technique_common>
      </source>
      <sampler id="mixamorig_Spine1-Matrix-animation-transform">
        <input semantic="INPUT" source="#mixamorig_Spine1-Matrix-animation-input"/>
        <input semantic="OUTPUT" source="#mixamorig_Spine1-Matrix-animation-output-transform"/>
        <input semantic="INTERPOLATION" source="#mixamorig_Spine1-Interpolations"/>
      </sampler>
      <channel source="#mixamorig_Spine1-Matrix-animation-transform" target="mixamorig_Spine1/matrix"/>
    </animation>
    <animation id="mixamorig_Spine2-anim" name="mixamorig_Spine2">
      <source id="mixamorig_Spine2-Matrix-animation-input">
        <float_array id="mixamorig_Spine2-Matrix-animation-input-array" count="42">

0.000000 0.033333 0.066667 0.100000 0.133333 0.166667 0.200000 0.233333 0.266667 0.300000 0.333333 0.366667 0.400000 0.433333 0.466667 0.500000
0.533333 0.566667 0.600000 0.633333 0.666667 0.700000 0.733333 0.766667 0.800000 0.833333 0.866667 0.900000 0.933333 0.966667 1.000000 1.033333
1.066667 1.100000 1.133333 1.166667 1.200000 1.233333 1.266667 1.300000 1.333333 1.366667</float_array>
        <technique_common>
          <accessor source="#mixamorig_Spine2-Matrix-animation-input-array" count="42">
            <param name="TIME" type="float"/>
          </accessor>
        </technique_common>
      </source>
      <source id="mixamorig_Spine2-Matrix-animation-output-transform">
        <float_array id="mixamorig_Spine2-Matrix-animation-output-transform-array" count="672">

0.999659 0.016985 -0.019847 0.000000 -0.015824 0.998234 0.057260 15.875400 0.020784 -0.056927 0.998162 0.000000 0.000000 0.000000 0.000000 1.000000
0.999273 0.023255 -0.030208 0.000000 -0.020961 0.997026 0.074154 15.875400 0.031842 -0.073467 0.996789 0.000000 0.000000 0.000000 0.000000 1.000000
0.998649 0.032861 -0.040241 0.000000 -0.029327 0.995908 0.085481 15.875400 0.042886 -0.084185 0.995527 0.000000 0.000000 0.000000 0.000000 1.000000
0.997007 0.058820 -0.050167 -0.000000 -0.055454 0.996275 0.066043 15.875400 0.053865 -0.063063 0.996555 0.000000 0.000000 0.000000 0.000000 1.000000
0.990862 0.120090 -0.061402 0.000000 -0.119597 0.992754 0.011657 15.875400 0.062357 -0.004207 0.998045 -0.000000 0.000000 0.000000 0.000000 1.000000
0.986532 0.141935 -0.081291 -0.000000 -0.144523 0.989137 -0.026857 15.875400 0.076596 0.038244 0.996328 -0.000000 0.000000 0.000000 0.000000 1.000000
0.990675 0.105714 -0.085956 0.000000 -0.111223 0.991857 -0.062036 15.875400 0.078698 0.071018 0.994366 0.000000 0.000000 0.000000 0.000000 1.000000
0.993215 0.063200 -0.097620 0.000000 -0.068056 0.996562 -0.047243 15.875400 0.094299 0.053566 0.994102 -0.000000 0.000000 0.000000 0.000000 1.000000
0.992770 0.030299 -0.116142 0.000000 -0.032797 0.999269 -0.019659 15.875400 0.115461 0.023326 0.993038 0.000000 0.000000 0.000000 0.000000 1.000000
0.990946 -0.003091 -0.134223 0.000000 0.001166 0.999895 -0.014421 15.875400 0.134253 0.014134 0.990846 -0.000000 0.000000 0.000000 0.000000 1.000000
0.985973 -0.061744 -0.155065 0.000000 0.056978 0.997762 -0.034999 15.875400 0.156879 0.025673 0.987284 0.000000 0.000000 0.000000 0.000000 1.000000
0.979587 -0.123073 -0.158939 0.000000 0.116835 0.991988 -0.048051 15.875400 0.163580 0.028501 0.986118 -0.000000 0.000000 0.000000 0.000000 1.000000
0.975717 -0.138228 -0.169910 0.000000 0.134444 0.990350 -0.033638 15.875400 0.172920 0.009978 0.984885 0.000000 0.000000 0.000000 0.000000 1.000000
0.975031 -0.135723 -0.175765 0.000000 0.137592 0.990488 -0.001567 15.875400 0.174306 -0.022656 0.984431 -0.000000 0.000000 0.000000 0.000000 1.000000
0.975676 -0.156938 -0.153058 0.000000 0.157452 0.987487 -0.008834 15.875400 0.152529 -0.015480 0.988178 0.000000 0.000000 0.000000 0.000000 1.000000
0.980892 -0.155261 -0.117240 0.000000 0.153975 0.987872 -0.020002 15.875400 0.118924 0.001567 0.992902 0.000000 0.000000 0.000000 0.000000 1.000000
0.984404 -0.146936 -0.096743 0.000000 0.147874 0.989003 0.002558 15.875400 0.095303 -0.016824 0.995306 -0.000000 0.000000 0.000000 0.000000 1.000000
0.987079 -0.138047 -0.081351 -0.000000 0.140160 0.989910 0.020838 15.875400 0.077654 -0.031971 0.996468 0.000000 0.000000 0.000000 0.000000 1.000000
0.988673 -0.130882 -0.073448 0.000000 0.131756 0.991256 0.007158 15.875400 0.071868 -0.016754 0.997273 0.000000 0.000000 0.000000 0.000000 1.000000
0.988595 -0.134503 -0.067748 0.000000 0.134622 0.990893 -0.002830 15.875400 0.067511 -0.006322 0.997698 -0.000000 0.000000 0.000000 0.000000 1.000000
0.988987 -0.133719 -0.063427 0.000000 0.132998 0.990995 -0.015477 15.875400 0.064925 0.006870 0.997866 -0.000000 0.000000 0.000000 0.000000 1.000000
0.989463 -0.129534 -0.064682 0.000000 0.128089 0.991421 -0.026025 15.875400 0.067498 0.017465 0.997567 0.000000 0.000000 0.000000 0.000000 1.000000
0.989544 -0.126208 -0.069813 0.000000 0.124664 0.991857 -0.026064 15.875400 0.072534 0.017089 0.997220 0.000000 0.000000 0.000000 0.000000 1.000000
0.989778 -0.121371 -0.074888 0.000000 0.120189 0.992547 -0.020103 15.875400 0.076770 0.010897 0.996989 0.000000 0.000000 0.000000 0.000000 1.000000
0.991906 -0.107010 -0.068347 -0.000000 0.106302 0.994236 -0.013929 15.875400 0.069444 0.006550 0.997564 0.000000 0.000000 0.000000 0.000000 1.000000
0.993991 -0.091132 -0.060644 0.000000 0.090774 0.995834 -0.008639 15.875400 0.061179 0.003082 0.998122 0.000000 0.000000 0.000000 0.000000 1.000000
0.995259 -0.076960 -0.059462 -0.000000 0.076692 0.997032 -0.006775 15.875400 0.059807 0.002183 0.998208 -0.000000 0.000000 0.000000 0.000000 1.000000
0.994906 -0.073465 -0.069035 -0.000000 0.073664 0.997283 0.000343 15.875400 0.068822 -0.005427 0.997614 -0.000000 0.000000 0.000000 0.000000 1.000000
0.994194 -0.073546 -0.078542 -0.000000 0.074251 0.997221 0.006082 15.875400 0.077876 -0.011878 0.996892 0.000000 0.000000 0.000000 0.000000 1.000000
0.994138 -0.067886 -0.084144 0.000000 0.068050 0.997681 -0.000925 15.875400 0.084011 -0.004807 0.996453 0.000000 0.000000 0.000000 0.000000 1.000000
0.994262 -0.061167 -0.087755 0.000000 0.060284 0.998101 -0.012675 15.875400 0.088363 0.007312 0.996061 -0.000000 0.000000 0.000000 0.000000 1.000000
0.993738 -0.051779 -0.099017 0.000000 0.050167 0.998566 -0.018705 15.875400 0.099843 0.013620 0.994910 -0.000000 0.000000 0.000000 0.000000 1.000000
0.992227 -0.041580 -0.117289 0.000000 0.039708 0.999045 -0.018255 15.875400 0.117936 0.013456 0.992930 0.000000 0.000000 0.000000 0.000000 1.000000
0.990637 -0.041247 -0.130139 0.000000 0.039895 0.999120 -0.012981 15.875400 0.130560 0.007667 0.991411 -0.000000 0.000000 0.000000 0.000000 1.000000
0.989076 -0.042961 -0.141009 0.000000 0.042119 0.999073 -0.008952 15.875400 0.141263 0.002915 0.989968 0.000000 0.000000 0.000000 0.000000 1.000000
0.988029 -0.045760 -0.147326 0.000000 0.043946 0.998913 -0.015547 15.875400 0.147877 0.008886 0.988966 -0.000000 0.000000 0.000000 0.000000 1.000000
0.988495 -0.041240 -0.145520 0.000000 0.038681 0.999044 -0.020371 15.875400 0.146221 0.014508 0.989146 0.000000 0.000000 0.000000 0.000000 1.000000
0.989306 -0.035625 -0.141437 0.000000 0.032906 0.999227 -0.021518 15.875400 0.142094 0.016634 0.989713 0.000000 0.000000 0.000000 0.000000 1.000000
0.990491 -0.032202 -0.133758 0.000000 0.031701 0.999480 -0.005878 15.875400 0.133878 0.001582 0.990997 0.000000 0.000000 0.000000 0.000000 1.000000
0.992112 -0.028897 -0.121979 -0.000000 0.031746 0.999265 0.021473 15.875400 0.121269 -0.025176 0.992300 0.000000 0.000000 0.000000 0.000000 1.000000
0.994094 -0.028412 -0.104740 0.000000 0.031508 0.999111 0.028023 15.875400 0.103851 -0.031158 0.994105 -0.000000 0.000000 0.000000 0.000000 1.000000
0.995422 -0.044153 -0.084762 0.000000 0.045176 0.998927 0.010190 15.875400 0.084221 -0.013972 0.996349 -0.000000 0.000000 0.000000 0.000000 1.000000</float_array>
        <technique_common>
          <accessor source="#mixamorig_Spine2-Matrix-animation-output-transform-array" count="42" stride="16">
            <param type="float4x4"/>
          </accessor>
        </technique_common>
      </source>
      <source id="mixamorig_Spine2-Interpolations">
        <Name_array id="mixamorig_Spine2-Interpolations-array" count="42">
 LINEAR LINEAR LINEAR LINEAR LINEAR LINEAR LINEAR LINEAR LINEAR LINEAR LINEAR
LINEAR LINEAR LINEAR LINEAR LINEAR LINEAR LINEAR LINEAR LINEAR LINEAR LINEAR LINEAR
LINEAR LINEAR LINEAR LINEAR LINEAR LINEAR LINEAR LINEAR LINEAR LINEAR LINEAR LINEAR
LINEAR LINEAR LINEAR LINEAR LINEAR LINEAR LINEAR</Name_array>
        <technique_common>
          <accessor source="#mixamorig_Spine2-Interpolations-array" count="42">
            <param type="name"/>
          </accessor>
        </technique_common>
      </source>
      <sampler id="mixamorig_Spine2-Matrix-animation-transform">
        <input semantic="INPUT" source="#mixamorig_Spine2-Matrix-animation-input"/>
        <input semantic="OUTPUT" source="#mixamorig_Spine2-Matrix-animation-output-transform"/>
        <input semantic="INTERPOLATION" source="#mixamorig_Spine2-Interpolations"/>
      </sampler>
      <channel source="#mixamorig_Spine2-Matrix-animation-transform" target="mixamorig_Spine2/matrix"/>
    </animation>
    <animation id="mixamorig_Neck-anim" name="mixamorig_Neck">
      <source id="mixamorig_Neck-Matrix-animation-input">
        <float_array id="mixamorig_Neck-Matrix-animation-input-array" count="42">

0.000000 0.033333 0.066667 0.100000 0.133333 0.166667 0.200000 0.233333 0.266667 0.300000 0.333333 0.366667 0.400000 0.433333 0.466667 0.500000
0.533333 0.566667 0.600000 0.633333 0.666667 0.700000 0.733333 0.766667 0.800000 0.833333 0.866667 0.900000 0.933333 0.966667 1.000000 1.033333
1.066667 1.100000 1.133333 1.166667 1.200000 1.233333 1.266667 1.300000 1.333333 1.366667</float_array>
        <technique_common>
          <accessor source="#mixamorig_Neck-Matrix-animation-input-array" count="42">
            <param name="TIME" type="float"/>
          </accessor>
        </technique_common>
      </source>
      <source id="mixamorig_Neck-Matrix-animation-output-transform">
        <float_array id="mixamorig_Neck-Matrix-animation-output-transform-array" count="672">

0.976691 -0.156903 0.146478 -0.000000 0.076221 0.891447 0.446668 26.173401 -0.200661 -0.425092 0.882628 -0.161200 0.000000 0.000000 0.000000 1.000000
0.970240 -0.168016 0.174372 -0.000000 0.077206 0.897173 0.434879 26.173401 -0.229508 -0.408474 0.883445 -0.161200 0.000000 0.000000 0.000000 1.000000
0.963117 -0.177844 0.201935 0.000000 0.078688 0.903794 0.420672 26.173401 -0.257322 -0.389267 0.884453 -0.161200 0.000000 0.000000 0.000000 1.000000
0.956273 -0.184418 0.227006 0.000000 0.083275 0.915710 0.393115 26.173401 -0.280370 -0.357022 0.891027 -0.161200 0.000000 0.000000 0.000000 1.000000
0.950769 -0.184853 0.248732 -0.000000 0.088513 0.931166 0.353688 26.173401 -0.296991 -0.314259 0.901686 -0.161200 0.000000 0.000000 0.000000 1.000000
0.947729 -0.176269 0.265967 -0.000000 0.088955 0.946469 0.310297 26.173401 -0.306425 -0.270418 0.912676 -0.161200 0.000000 0.000000 0.000000 1.000000
0.947117 -0.155511 0.280687 0.000000 0.080230 0.961701 0.262097 26.173401 -0.310696 -0.225717 0.923320 -0.161200 0.000000 0.000000 0.000000 1.000000
0.946816 -0.118989 0.298967 -0.000000 0.065560 0.980962 0.182798 26.173401 -0.315026 -0.153475 0.936592 -0.161200 0.000000 0.000000 0.000000 1.000000
0.944849 -0.072793 0.319315 0.000000 0.029934 0.990100 0.137137 26.173401 -0.326136 -0.120015 0.937673 -0.161200 0.000000 0.000000 0.000000 1.000000
0.940091 -0.024594 0.340035 -0.000000 -0.014448 0.993624 0.111812 26.173401 -0.340617 -0.110027 0.933742 -0.161200 0.000000 0.000000 0.000000 1.000000
0.932832 0.017779 0.359872 0.000000 -0.060372 0.992374 0.107464 26.173401 -0.355218 -0.121972 0.926792 -0.161200 0.000000 0.000000 0.000000 1.000000
0.924477 0.046476 0.378395 0.000000 -0.096707 0.988666 0.114838 26.173401 -0.368769 -0.142759 0.918493 -0.161200 0.000000 0.000000 0.000000 1.000000
0.917546 0.054105 0.393931 0.000000 -0.114934 0.984498 0.132488 26.173401 -0.380656 -0.166840 0.909541 -0.161200 0.000000 0.000000 0.000000 1.000000
0.913408 0.039705 0.405103 -0.000000 -0.112417 0.981130 0.157309 26.173401 -0.391213 -0.189228 0.900636 -0.161200 0.000000 0.000000 0.000000 1.000000
0.910816 0.012777 0.412614 0.000000 -0.096029 0.978659 0.181671 26.173401 -0.401488 -0.205091 0.892606 -0.161200 0.000000 0.000000 0.000000 1.000000
0.908615 -0.016305 0.417316 0.000000 -0.073146 0.977579 0.197454 26.173401 -0.411179 -0.209935 0.887051 -0.161200 0.000000 0.000000 0.000000 1.000000
0.906592 -0.037265 0.420359 0.000000 -0.053229 0.978040 0.201505 26.173401 -0.418637 -0.205058 0.884700 -0.161200 0.000000 0.000000 0.000000 1.000000
0.905035 -0.037973 0.423638 0.000000 -0.049236 0.979958 0.193024 26.173401 -0.422477 -0.195552 0.885027 -0.161200 0.000000 0.000000 0.000000 1.000000
0.904660 -0.023580 0.425481 0.000000 -0.058448 0.982165 0.178704 26.173401 -0.422107 -0.186535 0.887147 -0.161200 0.000000 0.000000 0.000000 1.000000
0.907141 -0.021573 0.420273 -0.000000 -0.057618 0.982913 0.174820 26.173401 -0.416863 -0.182802 0.890398 -0.161200 0.000000 0.000000 0.000000 1.000000
0.914469 -0.019155 0.404203 0.000000 -0.058754 0.982009 0.179461 26.173401 -0.400368 -0.187860 0.896891 -0.161200 0.000000 0.000000 0.000000 1.000000
0.923097 -0.024445 0.383790 0.000000 -0.054474 0.979603 0.193418 26.173401 -0.380690 -0.199450 0.902937 -0.161200 0.000000 0.000000 0.000000 1.000000
0.933199 -0.035254 0.357625 0.000000 -0.042547 0.977337 0.207369 26.173401 -0.356831 -0.208733 0.910550 -0.161200 0.000000 0.000000 0.000000 1.000000
0.942194 -0.049919 0.331328 0.000000 -0.022472 0.977199 0.211132 26.173401 -0.334313 -0.206373 0.919589 -0.161200 0.000000 0.000000 0.000000 1.000000
0.947692 -0.058251 0.313825 0.000000 -0.002476 0.981835 0.189720 26.173401 -0.319176 -0.180573 0.930333 -0.161200 0.000000 0.000000 0.000000 1.000000
0.951316 -0.062471 0.301819 0.000000 0.013755 0.986873 0.160909 26.173401 -0.307910 -0.148924 0.939688 -0.161200 0.000000 0.000000 0.000000 1.000000
0.951073 -0.047976 0.305220 0.000000 0.010646 0.992373 0.122812 26.173401 -0.308784 -0.113554 0.944329 -0.161200 0.000000 0.000000 0.000000 1.000000
