<?xml version="1.0" encoding="utf-8"?>
<COLLADA xmlns="http://www.collada.org/2005/11/COLLADASchema" version="1.4.1">
  <asset>
    <contributor>
      <author>Mixamo</author>
      <authoring_tool>COLLADA Mixamo exporter</authoring_tool>
      <comments/>
    </contributor>
    <created>2025-11-14T08:27:39Z</created>
    <modified>2025-11-14T08:27:39Z</modified>
    <revision/>
    <title/>
    <unit meter="0.010000"/>
    <up_axis>Y_UP</up_axis>
  </asset>
  <library_animations>
    <animation id="mixamorig_Hips-anim" name="mixamorig_Hips">
      <source id="mixamorig_Hips-Matrix-animation-input">
        <float_array id="mixamorig_Hips-Matrix-animation-input-array" count="35">

0.000000 0.033333 0.066667 0.100000 0.133333 0.166667 0.200000 0.233333 0.266667 0.300000 0.333333 0.366667 0.400000 0.433333 0.466667 0.500000
0.533333 0.566667 0.600000 0.633333 0.666667 0.700000 0.733333 0.766667 0.800000 0.833333 0.866667 0.900000 0.933333 0.966667 1.000000 1.033333
1.066667 1.100000 1.133333</float_array>
        <technique_common>
          <accessor source="#mixamorig_Hips-Matrix-animation-input-array" count="35">
            <param name="TIME" type="float"/>
          </accessor>
        </technique_common>
      </source>
      <source id="mixamorig_Hips-Matrix-animation-output-transform">
        <float_array id="mixamorig_Hips-Matrix-animation-output-transform-array" count="560">

0.896841 0.014068 -0.442128 0.691525 -0.028500 0.999255 -0.026015 103.316628 0.441433 0.035932 0.896574 -0.386841 0.000000 0.000000 0.000000 1.000000
0.891541 0.002474 -0.452934 0.915540 -0.021717 0.999068 -0.037291 104.104675 0.452419 0.043083 0.890764 -1.189011 0.000000 0.000000 0.000000 1.000000
0.885109 -0.007496 -0.465324 1.214156 -0.018151 0.998553 -0.050612 104.787636 0.465030 0.053243 0.883692 -1.350868 0.000000 0.000000 0.000000 1.000000
0.877918 -0.014556 -0.478590 1.597887 -0.019061 0.997683 -0.065309 105.448380 0.478431 0.066458 0.875606 -1.156590 0.000000 0.000000 0.000000 1.000000
0.870281 -0.019817 -0.492158 2.004290 -0.020819 0.996818 -0.076951 106.102089 0.492116 0.077215 0.867098 -0.847073 0.000000 0.000000 0.000000 1.000000
0.860935 -0.022217 -0.508229 2.473087 -0.025512 0.995903 -0.086751 106.648376 0.508074 0.087653 0.856842 -0.349296 0.000000 0.000000 0.000000 1.000000
0.850868 -0.024496 -0.524808 3.043840 -0.025037 0.995887 -0.087077 106.941193 0.524782 0.087231 0.846755 0.037469 0.000000 0.000000 0.000000 1.000000
0.839810 -0.019170 -0.542542 3.709887 -0.024824 0.996975 -0.073652 106.834221 0.542312 0.075321 0.836794 0.254849 0.000000 0.000000 0.000000 1.000000
0.828451 -0.012351 -0.559925 4.382976 -0.023987 0.998057 -0.057507 106.169357 0.559548 0.061073 0.826545 0.679834 0.000000 0.000000 0.000000 1.000000
0.821094 -0.010321 -0.570700 5.036362 -0.018500 0.998830 -0.044680 104.902000 0.570493 0.047245 0.819942 1.302428 0.000000 0.000000 0.000000 1.000000
0.817700 -0.014795 -0.575455 5.642946 -0.008515 0.999249 -0.037791 103.515152 0.575582 0.035802 0.816960 2.002682 0.000000 0.000000 0.000000 1.000000
0.825727 -0.033011 -0.563103 6.086897 0.009381 0.998952 -0.044805 102.569862 0.563992 0.031715 0.825171 2.267657 0.000000 0.000000 0.000000 1.000000
0.833060 -0.035578 -0.552037 6.480652 0.023668 0.999308 -0.028688 101.811005 0.552676 0.010833 0.833326 2.118732 0.000000 0.000000 0.000000 1.000000
0.828710 -0.043339 -0.557998 6.794244 0.037844 0.999055 -0.021392 101.145050 0.558398 -0.003390 0.829567 1.801593 0.000000 0.000000 0.000000 1.000000
0.822052 -0.064079 -0.565795 6.896936 0.057036 0.997917 -0.030151 101.057358 0.566549 -0.007485 0.823994 1.476526 0.000000 0.000000 0.000000 1.000000
0.826220 -0.067184 -0.559327 6.861527 0.053246 0.997732 -0.041190 101.516136 0.560826 0.004250 0.827923 1.927464 0.000000 0.000000 0.000000 1.000000
0.834483 -0.061965 -0.547539 6.748837 0.043763 0.997971 -0.046244 102.335983 0.549293 0.014628 0.835502 2.585319 0.000000 0.000000 0.000000 1.000000
0.843773 -0.054786 -0.533896 6.551528 0.037437 0.998361 -0.043282 103.453293 0.535393 0.016532 0.844441 3.355309 0.000000 0.000000 0.000000 1.000000
0.849999 -0.048223 -0.524573 6.322455 0.028786 0.998565 -0.045153 104.726692 0.525997 0.023280 0.850168 4.363219 0.000000 0.000000 0.000000 1.000000
0.856181 -0.042830 -0.514897 5.974788 0.019574 0.998532 -0.050512 105.788628 0.516305 0.033168 0.855762 5.515851 0.000000 0.000000 0.000000 1.000000
0.861024 -0.036647 -0.507242 5.612106 0.007175 0.998176 -0.059936 106.469543 0.508514 0.047967 0.859717 6.734836 0.000000 0.000000 0.000000 1.000000
0.863901 -0.028955 -0.502828 5.304020 -0.007028 0.997556 -0.069518 106.527328 0.503612 0.063590 0.861586 7.837819 0.000000 0.000000 0.000000 1.000000
0.867230 -0.019730 -0.497516 5.040824 -0.021196 0.996846 -0.076478 105.689697 0.497456 0.076869 0.864077 8.603358 0.000000 0.000000 0.000000 1.000000
0.876278 -0.012366 -0.481647 4.654460 -0.028760 0.996545 -0.077910 104.304405 0.480947 0.082123 0.872895 9.055207 0.000000 0.000000 0.000000 1.000000
0.887431 -0.004800 -0.460915 4.233640 -0.033579 0.996616 -0.075031 102.973648 0.459715 0.082062 0.884267 9.032732 0.000000 0.000000 0.000000 1.000000
0.900641 0.002958 -0.434554 3.818958 -0.036885 0.996889 -0.069661 101.717728 0.432996 0.078768 0.897948 8.612615 0.000000 0.000000 0.000000 1.000000
0.912951 0.011675 -0.407903 3.407799 -0.040420 0.997262 -0.061924 100.696182 0.406063 0.073021 0.910923 7.831208 0.000000 0.000000 0.000000 1.000000
0.921727 0.020099 -0.387319 2.954984 -0.043422 0.997726 -0.051558 100.063492 0.385402 0.064340 0.920503 6.914599 0.000000 0.000000 0.000000 1.000000
0.920601 0.027430 -0.389540 2.534072 -0.041335 0.998771 -0.027359 100.005272 0.388311 0.041288 0.920603 5.829493 0.000000 0.000000 0.000000 1.000000
0.914375 0.032488 -0.403564 2.149168 -0.037359 0.999293 -0.004201 100.205162 0.403142 0.018918 0.914942 4.798757 0.000000 0.000000 0.000000 1.000000
0.909450 0.034788 -0.414356 1.776368 -0.037438 0.999297 0.001726 100.715912 0.414125 0.013943 0.910113 3.914965 0.000000 0.000000 0.000000 1.000000
0.904628 0.033438 -0.424889 1.421710 -0.036220 0.999343 0.001530 101.381569 0.424661 0.014005 0.905244 3.129861 0.000000 0.000000 0.000000 1.000000
0.901036 0.027909 -0.432846 1.092798 -0.032501 0.999467 -0.003212 102.095779 0.432526 0.016962 0.901462 2.180358 0.000000 0.000000 0.000000 1.000000
0.898718 0.020825 -0.438031 0.838670 -0.030009 0.999451 -0.014054 102.742462 0.437498 0.025775 0.898850 0.940289 0.000000 0.000000 0.000000 1.000000
0.896841 0.014068 -0.442128 0.691441 -0.028500 0.999255 -0.026015 103.316681 0.441433 0.035932 0.896574 -0.386843 0.000000 0.000000 0.000000 1.000000</float_array>
        <technique_common>
          <accessor source="#mixamorig_Hips-Matrix-animation-output-transform-array" count="35" stride="16">
            <param type="float4x4"/>
          </accessor>
        </technique_common>
      </source>
      <source id="mixamorig_Hips-Interpolations">
        <Name_array id="mixamorig_Hips-Interpolations-array" count="35">
 LINEAR LINEAR LINEAR LINEAR LINEAR LINEAR LINEAR LINEAR LINEAR LINEAR LINEAR
LINEAR LINEAR LINEAR LINEAR LINEAR LINEAR LINEAR LINEAR LINEAR LINEAR LINEAR LINEAR
LINEAR LINEAR LINEAR LINEAR LINEAR LINEAR LINEAR LINEAR LINEAR LINEAR LINEAR LINEAR</Name_array>
        <technique_common>
          <accessor source="#mixamorig_Hips-Interpolations-array" count="35">
            <param type="name"/>
          </accessor>
        </technique_common>
      </source>
      <sampler id="mixamorig_Hips-Matrix-animation-transform">
        <input semantic="INPUT" source="#mixamorig_Hips-Matrix-animation-input"/>
        <input semantic="OUTPUT" source="#mixamorig_Hips-Matrix-animation-output-transform"/>
        <input semantic="INTERPOLATION" source="#mixamorig_Hips-Interpolations"/>
      </sampler>
      <channel source="#mixamorig_Hips-Matrix-animation-transform" target="mixamorig_Hips/matrix"/>
    </animation>
    <animation id="mixamorig_Spine-anim" name="mixamorig_Spine">
      <source id="mixamorig_Spine-Matrix-animation-input">
        <float_array id="mixamorig_Spine-Matrix-animation-input-array" count="35">

0.000000 0.033333 0.066667 0.100000 0.133333 0.166667 0.200000 0.233333 0.266667 0.300000 0.333333 0.366667 0.400000 0.433333 0.466667 0.500000
0.533333 0.566667 0.600000 0.633333 0.666667 0.700000 0.733333 0.766667 0.800000 0.833333 0.866667 0.900000 0.933333 0.966667 1.000000 1.033333
1.066667 1.100000 1.133333</float_array>
        <technique_common>
          <accessor source="#mixamorig_Spine-Matrix-animation-input-array" count="35">
            <param name="TIME" type="float"/>
          </accessor>
        </technique_common>
      </source>
      <source id="mixamorig_Spine-Matrix-animation-output-transform">
        <float_array id="mixamorig_Spine-Matrix-animation-output-transform-array" count="560">

0.989173 0.118727 -0.086265 -0.000000 -0.137465 0.955408 -0.261339 8.536500 0.051390 0.270368 0.961384 0.187100 0.000000 0.000000 0.000000 1.000000
0.988494 0.125058 -0.085086 0.000000 -0.143374 0.953915 -0.263610 8.536500 0.048198 0.272776 0.960869 0.187100 0.000000 0.000000 0.000000 1.000000
0.989211 0.122167 -0.080849 0.000000 -0.138828 0.957961 -0.251072 8.536500 0.046778 0.259587 0.964586 0.187100 0.000000 0.000000 0.000000 1.000000
0.991611 0.105756 -0.074325 -0.000000 -0.120090 0.966454 -0.227036 8.536500 0.047821 0.234057 0.971046 0.187100 0.000000 0.000000 0.000000 1.000000
0.993802 0.088286 -0.067552 0.000000 -0.100430 0.973576 -0.205092 8.536500 0.047661 0.210605 0.976409 0.187100 0.000000 0.000000 0.000000 1.000000
0.995703 0.069476 -0.061229 -0.000000 -0.079776 0.979283 -0.186122 8.536500 0.047029 0.190207 0.980617 0.187100 0.000000 0.000000 0.000000 1.000000
0.996698 0.058730 -0.056079 -0.000000 -0.068032 0.980982 -0.181783 8.536500 0.044336 0.184998 0.981738 0.187100 0.000000 0.000000 0.000000 1.000000
0.997514 0.049339 -0.050324 0.000000 -0.058338 0.978700 -0.196833 8.536500 0.039540 0.199279 0.979145 0.187100 0.000000 0.000000 0.000000 1.000000
0.998186 0.040365 -0.044667 0.000000 -0.048851 0.976677 -0.209083 8.536500 0.035186 0.210886 0.976877 0.187100 0.000000 0.000000 0.000000 1.000000
0.998267 0.041131 -0.042087 0.000000 -0.049210 0.975655 -0.213718 8.536500 0.032272 0.215418 0.975988 0.187100 0.000000 0.000000 0.000000 1.000000
0.997640 0.054469 -0.041795 0.000000 -0.062115 0.975406 -0.211481 8.536500 0.029248 0.213578 0.976488 0.187100 0.000000 0.000000 0.000000 1.000000
0.995118 0.086095 -0.048245 0.000000 -0.094277 0.973847 -0.206722 8.536500 0.029185 0.210261 0.977210 0.187100 0.000000 0.000000 0.000000 1.000000
0.991404 0.118504 -0.055460 0.000000 -0.128366 0.962991 -0.237003 8.536500 0.025321 0.242085 0.969925 0.187100 0.000000 0.000000 0.000000 1.000000
0.985913 0.155489 -0.061628 0.000000 -0.166106 0.953398 -0.251874 8.536500 0.019592 0.258563 0.965796 0.187100 0.000000 0.000000 0.000000 1.000000
0.977776 0.198123 -0.068570 -0.000000 -0.208954 0.947610 -0.241605 8.536500 0.017110 0.250563 0.967949 0.187100 0.000000 0.000000 0.000000 1.000000
0.977114 0.200608 -0.070749 0.000000 -0.211525 0.951491 -0.223431 8.536500 0.022495 0.233283 0.972149 0.187100 0.000000 0.000000 0.000000 1.000000
0.980006 0.186500 -0.069330 0.000000 -0.196908 0.959107 -0.203325 8.536500 0.028575 0.212911 0.976654 0.187100 0.000000 0.000000 0.000000 1.000000
0.983062 0.169485 -0.069738 0.000000 -0.180015 0.964372 -0.193857 8.536500 0.034398 0.203128 0.978548 0.187100 0.000000 0.000000 0.000000 1.000000
0.985891 0.152331 -0.069389 -0.000000 -0.162748 0.969261 -0.184514 8.536500 0.039149 0.193204 0.980377 0.187100 0.000000 0.000000 0.000000 1.000000
0.988370 0.135620 -0.068795 0.000000 -0.145662 0.974252 -0.172091 8.536500 0.043685 0.180110 0.982676 0.187100 0.000000 0.000000 0.000000 1.000000
0.990741 0.117150 -0.068614 0.000000 -0.126748 0.979234 -0.158230 8.536500 0.048652 0.165461 0.985016 0.187100 0.000000 0.000000 0.000000 1.000000
0.993079 0.096568 -0.066855 0.000000 -0.105727 0.982899 -0.150766 8.536500 0.051152 0.156791 0.986306 0.187100 0.000000 0.000000 0.000000 1.000000
0.995115 0.073766 -0.065613 0.000000 -0.082250 0.987046 -0.137749 8.536500 0.054602 0.142473 0.988291 0.187100 0.000000 0.000000 0.000000 1.000000
0.996377 0.052593 -0.066832 0.000000 -0.060533 0.990566 -0.122944 8.536500 0.059735 0.126544 0.990161 0.187100 0.000000 0.000000 0.000000 1.000000
0.997136 0.031191 -0.068896 0.000000 -0.038739 0.993054 -0.111099 8.536500 0.064952 0.113450 0.991418 0.187100 0.000000 0.000000 0.000000 1.000000
0.997303 0.009812 -0.072734 0.000000 -0.017053 0.994881 -0.099605 8.536500 0.071384 0.100577 0.992365 0.187100 0.000000 0.000000 0.000000 1.000000
0.997032 -0.012598 -0.075955 -0.000000 0.005616 0.995795 -0.091435 8.536500 0.076788 0.090737 0.992910 0.187100 0.000000 0.000000 0.000000 1.000000
0.996580 -0.031025 -0.076586 -0.000000 0.024075 0.995646 -0.090057 8.536500 0.079046 0.087905 0.992988 0.187100 0.000000 0.000000 0.000000 1.000000
0.996672 -0.029222 -0.076098 0.000000 0.020893 0.993927 -0.108036 8.536500 0.078793 0.106087 0.991230 0.187100 0.000000 0.000000 0.000000 1.000000
0.996986 -0.008907 -0.077072 -0.000000 -0.001777 0.990506 -0.137461 8.536500 0.077565 0.137184 0.987504 0.187100 0.000000 0.000000 0.000000 1.000000
0.996857 0.013687 -0.078027 0.000000 -0.026377 0.986105 -0.164014 8.536500 0.074698 0.165557 0.983367 0.187100 0.000000 0.000000 0.000000 1.000000
0.996092 0.039202 -0.079140 0.000000 -0.053615 0.980484 -0.189145 8.536500 0.070181 0.192649 0.978755 0.187100 0.000000 0.000000 0.000000 1.000000
0.994512 0.066228 -0.080992 0.000000 -0.082207 0.973504 -0.213382 8.536500 0.064714 0.218869 0.973606 0.187100 0.000000 0.000000 0.000000 1.000000
0.992208 0.092472 -0.083503 -0.000000 -0.109927 0.965191 -0.237325 8.536500 0.058650 0.244655 0.967835 0.187100 0.000000 0.000000 0.000000 1.000000
0.989173 0.118727 -0.086264 0.000000 -0.137465 0.955408 -0.261340 8.536500 0.051390 0.270368 0.961384 0.187100 0.000000 0.000000 0.000000 1.000000</float_array>
        <technique_common>
          <accessor source="#mixamorig_Spine-Matrix-animation-output-transform-array" count="35" stride="16">
            <param type="float4x4"/>
          </accessor>
        </technique_common>
      </source>
      <source id="mixamorig_Spine-Interpolations">
        <Name_array id="mixamorig_Spine-Interpolations-array" count="35">
 LINEAR LINEAR LINEAR LINEAR LINEAR LINEAR LINEAR LINEAR LINEAR LINEAR LINEAR
LINEAR LINEAR LINEAR LINEAR LINEAR LINEAR LINEAR LINEAR LINEAR LINEAR LINEAR LINEAR
LINEAR LINEAR LINEAR LINEAR LINEAR LINEAR LINEAR LINEAR LINEAR LINEAR LINEAR LINEAR</Name_array>
        <technique_common>
          <accessor source="#mixamorig_Spine-Interpolations-array" count="35">
            <param type="name"/>
          </accessor>
        </technique_common>
      </source>
      <sampler id="mixamorig_Spine-Matrix-animation-transform">
        <input semantic="INPUT" source="#mixamorig_Spine-Matrix-animation-input"/>
        <input semantic="OUTPUT" source="#mixamorig_Spine-Matrix-animation-output-transform"/>
        <input semantic="INTERPOLATION" source="#mixamorig_Spine-Interpolations"/>
      </sampler>
      <channel source="#mixamorig_Spine-Matrix-animation-transform" target="mixamorig_Spine/matrix"/>
    </animation>
    <animation id="mixamorig_Spine1-anim" name="mixamorig_Spine1">
      <source id="mixamorig_Spine1-Matrix-animation-input">
        <float_array id="mixamorig_Spine1-Matrix-animation-input-array" count="35">

0.000000 0.033333 0.066667 0.100000 0.133333 0.166667 0.200000 0.233333 0.266667 0.300000 0.333333 0.366667 0.400000 0.433333 0.466667 0.500000
0.533333 0.566667 0.600000 0.633333 0.666667 0.700000 0.733333 0.766667 0.800000 0.833333 0.866667 0.900000 0.933333 0.966667 1.000000 1.033333
1.066667 1.100000 1.133333</float_array>
        <technique_common>
          <accessor source="#mixamorig_Spine1-Matrix-animation-input-array" count="35">
            <param name="TIME" type="float"/>
          </accessor>
        </technique_common>
      </source>
      <source id="mixamorig_Spine1-Matrix-animation-output-transform">
        <float_array id="mixamorig_Spine1-Matrix-animation-output-transform-array" count="560">

0.989459 -0.069372 -0.127116 0.000000 0.069427 0.997579 -0.003998 9.685800 0.127086 -0.004869 0.991880 0.000000 0.000000 0.000000 0.000000 1.000000
0.990120 -0.069602 -0.121726 -0.000000 0.070335 0.997522 0.001729 9.685800 0.121304 -0.010274 0.992562 0.000000 0.000000 0.000000 0.000000 1.000000
0.991051 -0.066443 -0.115776 0.000000 0.066920 0.997758 0.000231 9.685800 0.115501 -0.007977 0.993275 0.000000 0.000000 0.000000 0.000000 1.000000
0.992147 -0.058075 -0.110776 0.000000 0.057723 0.998312 -0.006381 9.685800 0.110959 -0.000064 0.993825 0.000000 0.000000 0.000000 0.000000 1.000000
0.993286 -0.048720 -0.104929 0.000000 0.047647 0.998783 -0.012709 9.685800 0.105421 0.007624 0.994399 0.000000 0.000000 0.000000 0.000000 1.000000
0.994267 -0.039626 -0.099313 0.000000 0.038012 0.999114 -0.018089 9.685800 0.099942 0.014210 0.994892 0.000000 0.000000 0.000000 0.000000 1.000000
0.995161 -0.031676 -0.093012 0.000000 0.030020 0.999366 -0.019151 9.685800 0.093559 0.016266 0.995481 -0.000000 0.000000 0.000000 0.000000 1.000000
0.996092 -0.024627 -0.084813 0.000000 0.023369 0.999602 -0.015795 9.685800 0.085169 0.013752 0.996272 0.000000 0.000000 0.000000 0.000000 1.000000
0.996912 -0.018418 -0.076337 0.000000 0.017539 0.999772 -0.012164 9.685800 0.076544 0.010788 0.997008 0.000000 0.000000 0.000000 0.000000 1.000000
0.997306 -0.017274 -0.071294 0.000000 0.016696 0.999823 -0.008706 9.685800 0.071432 0.007492 0.997417 0.000000 0.000000 0.000000 0.000000 1.000000
0.997429 -0.025218 -0.067083 -0.000000 0.024850 0.999671 -0.006319 9.685800 0.067220 0.004636 0.997727 -0.000000 0.000000 0.000000 0.000000 1.000000
0.996885 -0.036622 -0.069854 0.000000 0.036351 0.999326 -0.005149 9.685800 0.069995 0.002594 0.997544 -0.000000 0.000000 0.000000 0.000000 1.000000
0.996329 -0.048617 -0.070458 -0.000000 0.048734 0.998812 -0.000058 9.685800 0.070377 -0.003376 0.997515 -0.000000 0.000000 0.000000 0.000000 1.000000
0.995978 -0.059045 -0.067384 0.000000 0.059307 0.998238 0.001893 9.685800 0.067153 -0.005882 0.997725 0.000000 0.000000 0.000000 0.000000 1.000000
0.995535 -0.065961 -0.067527 -0.000000 0.065979 0.997819 -0.001969 9.685800 0.067510 -0.002495 0.997715 0.000000 0.000000 0.000000 0.000000 1.000000
0.994855 -0.068100 -0.075003 0.000000 0.067470 0.997662 -0.010896 9.685800 0.075570 0.005780 0.997124 0.000000 0.000000 0.000000 0.000000 1.000000
0.994453 -0.066955 -0.081123 -0.000000 0.065420 0.997628 -0.021429 9.685800 0.082365 0.016003 0.996474 0.000000 0.000000 0.000000 0.000000 1.000000
0.993862 -0.065324 -0.089284 0.000000 0.062903 0.997579 -0.029661 9.685800 0.091006 0.023863 0.995564 0.000000 0.000000 0.000000 0.000000 1.000000
0.993554 -0.062829 -0.094350 0.000000 0.059682 0.997575 -0.035813 9.685800 0.096372 0.029951 0.994895 0.000000 0.000000 0.000000 0.000000 1.000000
0.993485 -0.059664 -0.097095 0.000000 0.055735 0.997533 -0.042684 9.685800 0.099402 0.036995 0.994359 0.000000 0.000000 0.000000 0.000000 1.000000
0.993535 -0.056080 -0.098708 0.000000 0.051563 0.997528 -0.047736 9.685800 0.101141 0.042337 0.993971 0.000000 0.000000 0.000000 0.000000 1.000000
0.993851 -0.051970 -0.097771 0.000000 0.047571 0.997771 -0.046799 9.685800 0.099985 0.041860 0.994108 0.000000 0.000000 0.000000 0.000000 1.000000
0.993861 -0.048156 -0.099602 0.000000 0.043691 0.997961 -0.046537 9.685800 0.101640 0.041900 0.993938 0.000000 0.000000 0.000000 0.000000 1.000000
0.993400 -0.044912 -0.105547 0.000000 0.040203 0.998117 -0.046324 9.685800 0.107429 0.041775 0.993335 0.000000 0.000000 0.000000 0.000000 1.000000
0.992727 -0.041942 -0.112843 0.000000 0.036779 0.998196 -0.047458 9.685800 0.114630 0.042963 0.992479 0.000000 0.000000 0.000000 0.000000 1.000000
0.991717 -0.039439 -0.122239 0.000000 0.033554 0.998193 -0.049839 9.685800 0.123984 0.045324 0.991249 0.000000 0.000000 0.000000 0.000000 1.000000
0.990727 -0.037072 -0.130713 0.000000 0.030357 0.998133 -0.052999 9.685800 0.132434 0.048540 0.990003 0.000000 0.000000 0.000000 0.000000 1.000000
0.990293 -0.034806 -0.134567 0.000000 0.027341 0.998003 -0.056935 9.685800 0.136280 0.052703 0.989267 -0.000000 0.000000 0.000000 0.000000 1.000000
0.990348 -0.033763 -0.134429 0.000000 0.025732 0.997804 -0.061039 9.685800 0.136194 0.056991 0.989042 -0.000000 0.000000 0.000000 0.000000 1.000000
0.990331 -0.037478 -0.133567 -0.000000 0.030254 0.997988 -0.055711 9.685800 0.135386 0.051132 0.989473 -0.000000 0.000000 0.000000 0.000000 1.000000
0.990259 -0.043038 -0.132417 0.000000 0.037099 0.998206 -0.047000 9.685800 0.134202 0.041630 0.990079 0.000000 0.000000 0.000000 0.000000 1.000000
0.990123 -0.049720 -0.131089 0.000000 0.045241 0.998293 -0.036930 9.685800 0.132701 0.030634 0.990683 0.000000 0.000000 0.000000 0.000000 1.000000
0.989926 -0.056803 -0.129690 0.000000 0.053867 0.998209 -0.026040 9.685800 0.130937 0.018791 0.991213 0.000000 0.000000 0.000000 0.000000 1.000000
0.989692 -0.063566 -0.128332 -0.000000 0.062168 0.997955 -0.014875 9.685800 0.129015 0.006743 0.991620 0.000000 0.000000 0.000000 0.000000 1.000000
0.989459 -0.069372 -0.127116 0.000000 0.069427 0.997579 -0.003998 9.685800 0.127086 -0.004869 0.991880 0.000000 0.000000 0.000000 0.000000 1.000000</float_array>
        <technique_common>
          <accessor source="#mixamorig_Spine1-Matrix-animation-output-transform-array" count="35" stride="16">
            <param type="float4x4"/>
          </accessor>
        </technique_common>
      </source>
      <source id="mixamorig_Spine1-Interpolations">
        <Name_array id="mixamorig_Spine1-Interpolations-array" count="35">
 LINEAR LINEAR LINEAR LINEAR LINEAR LINEAR LINEAR LINEAR LINEAR LINEAR LINEAR
LINEAR LINEAR LINEAR LINEAR LINEAR LINEAR LINEAR LINEAR LINEAR LINEAR LINEAR LINEAR
LINEAR LINEAR LINEAR LINEAR LINEAR LINEAR LINEAR LINEAR LINEAR LINEAR LINEAR LINEAR</Name_array>
        <technique_common>
          <accessor source="#mixamorig_Spine1-Interpolations-array" count="35">
            <param type="name"/>
          </accessor>
        </technique_common>
      </source>
      <sampler id="mixamorig_Spine1-Matrix-animation-transform">
        <input semantic="INPUT" source="#mixamorig_Spine1-Matrix-animation-input"/>
        <input semantic="OUTPUT" source="#mixamorig_Spine1-Matrix-animation-output-transform"/>
        <input semantic="INTERPOLATION" source="#mixamorig_Spine1-Interpolations"/>
      </sampler>
      <channel source="#mixamorig_Spine1-Matrix-animation-transform" target="mixamorig_Spine1/matrix"/>
    </animation>
    <animation id="mixamorig_Spine2-anim" name="mixamorig_Spine2">
      <source id="mixamorig_Spine2-Matrix-animation-input">
        <float_array id="mixamorig_Spine2-Matrix-animation-input-array" count="35">

0.000000 0.033333 0.066667 0.100000 0.133333 0.166667 0.200000 0.233333 0.266667 0.300000 0.333333 0.366667 0.400000 0.433333 0.466667 0.500000
0.533333 0.566667 0.600000 0.633333 0.666667 0.700000 0.733333 0.766667 0.800000 0.833333 0.866667 0.900000 0.933333 0.966667 1.000000 1.033333
1.066667 1.100000 1.133333</float_array>
        <technique_common>
          <accessor source="#mixamorig_Spine2-Matrix-animation-input-array" count="35">
            <param name="TIME" type="float"/>
          </accessor>
        </technique_common>
      </source>
      <source id="mixamorig_Spine2-Matrix-animation-output-transform">
        <float_array id="mixamorig_Spine2-Matrix-animation-output-transform-array" count="560">

0.989510 -0.073189 -0.124552 -0.000000 0.073940 0.997262 0.001412 15.875400 0.124108 -0.010607 0.992212 0.000000 0.000000 0.000000 0.000000 1.000000
0.990121 -0.073522 -0.119392 -0.000000 0.074903 0.997165 0.007121 15.875400 0.118530 -0.015994 0.992822 -0.000000 0.000000 0.000000 0.000000 1.000000
0.991064 -0.069531 -0.113831 0.000000 0.070714 0.997476 0.006391 15.875400 0.113099 -0.014383 0.993480 0.000000 0.000000 0.000000 0.000000 1.000000
0.992126 -0.059922 -0.109975 0.000000 0.060449 0.998170 0.001460 15.875400 0.109687 -0.008097 0.993933 0.000000 0.000000 0.000000 0.000000 1.000000
0.993271 -0.049435 -0.104729 -0.000000 0.049371 0.998775 -0.003206 15.875400 0.104760 -0.001986 0.994496 0.000000 0.000000 0.000000 0.000000 1.000000
0.994290 -0.039394 -0.099179 -0.000000 0.038883 0.999219 -0.007082 15.875400 0.099380 0.003185 0.995044 0.000000 0.000000 0.000000 0.000000 1.000000
0.995207 -0.031177 -0.092690 -0.000000 0.030633 0.999504 -0.007291 15.875400 0.092871 0.004417 0.995668 0.000000 0.000000 0.000000 0.000000 1.000000
0.996149 -0.024834 -0.084091 -0.000000 0.024637 0.999691 -0.003390 15.875400 0.084149 0.001305 0.996452 0.000000 0.000000 0.000000 0.000000 1.000000
0.996935 -0.019020 -0.075893 -0.000000 0.019135 0.999817 0.000792 15.875400 0.075864 -0.002242 0.997116 0.000000 0.000000 0.000000 0.000000 1.000000
0.997323 -0.018057 -0.070864 -0.000000 0.018406 0.999821 0.004283 15.875400 0.070774 -0.005576 0.997477 0.000000 0.000000 0.000000 0.000000 1.000000
0.997445 -0.025920 -0.066571 -0.000000 0.026393 0.999632 0.006241 15.875400 0.066384 -0.007982 0.997762 0.000000 0.000000 0.000000 0.000000 1.000000
0.996906 -0.036783 -0.069465 0.000000 0.037305 0.999285 0.006232 15.875400 0.069186 -0.008804 0.997565 0.000000 0.000000 0.000000 0.000000 1.000000
0.996345 -0.049041 -0.069946 0.000000 0.049858 0.998706 0.009990 15.875400 0.069365 -0.013441 0.997501 0.000000 0.000000 0.000000 0.000000 1.000000
0.995968 -0.060484 -0.066254 -0.000000 0.061320 0.998061 0.010659 15.875400 0.065481 -0.014679 0.997746 -0.000000 0.000000 0.000000 0.000000 1.000000
0.995572 -0.067480 -0.065446 0.000000 0.067968 0.997674 0.005260 15.875400 0.064939 -0.009685 0.997842 0.000000 0.000000 0.000000 0.000000 1.000000
0.994979 -0.068613 -0.072866 -0.000000 0.068470 0.997643 -0.004461 15.875400 0.073000 -0.000551 0.997332 -0.000000 0.000000 0.000000 0.000000 1.000000
0.994618 -0.066337 -0.079595 0.000000 0.065361 0.997752 -0.014811 15.875400 0.080399 0.009528 0.996717 0.000000 0.000000 0.000000 0.000000 1.000000
0.994080 -0.063334 -0.088277 -0.000000 0.061552 0.997844 -0.022774 15.875400 0.089529 0.017205 0.995836 -0.000000 0.000000 0.000000 0.000000 1.000000
0.993689 -0.060042 -0.094747 0.000000 0.057659 0.997952 -0.027692 15.875400 0.096216 0.022055 0.995116 -0.000000 0.000000 0.000000 0.000000 1.000000
0.993512 -0.056571 -0.098660 0.000000 0.053560 0.998022 -0.032903 15.875400 0.100326 0.027406 0.994577 0.000000 0.000000 0.000000 0.000000 1.000000
0.993418 -0.052928 -0.101579 -0.000000 0.049480 0.998120 -0.036171 15.875400 0.103303 0.030907 0.994170 0.000000 0.000000 0.000000 0.000000 1.000000
0.993757 -0.049387 -0.100042 0.000000 0.046143 0.998339 -0.034487 15.875400 0.101579 0.029655 0.994385 0.000000 0.000000 0.000000 0.000000 1.000000
0.993816 -0.045661 -0.101218 0.000000 0.042417 0.998522 -0.033976 15.875400 0.102619 0.029473 0.994284 0.000000 0.000000 0.000000 0.000000 1.000000
0.993428 -0.041763 -0.106569 0.000000 0.038349 0.998690 -0.033885 15.875400 0.107844 0.029575 0.993728 0.000000 0.000000 0.000000 0.000000 1.000000
0.992784 -0.037909 -0.113768 0.000000 0.034182 0.998819 -0.034529 15.875400 0.114943 0.030391 0.992907 -0.000000 0.000000 0.000000 0.000000 1.000000
0.991735 -0.034142 -0.123680 -0.000000 0.029930 0.998912 -0.035756 15.875400 0.124766 0.031759 0.991678 0.000000 0.000000 0.000000 0.000000 1.000000
0.990674 -0.030858 -0.132716 0.000000 0.026077 0.998952 -0.037611 15.875400 0.133738 0.033799 0.990440 0.000000 0.000000 0.000000 0.000000 1.000000
0.990209 -0.028645 -0.136625 -0.000000 0.023302 0.998906 -0.040545 15.875400 0.137637 0.036964 0.989793 0.000000 0.000000 0.000000 0.000000 1.000000
0.990311 -0.028208 -0.135972 0.000000 0.022272 0.998740 -0.044977 15.875400 0.137070 0.041513 0.989691 0.000000 0.000000 0.000000 0.000000 1.000000
0.990357 -0.033076 -0.134532 0.000000 0.027754 0.998763 -0.041246 15.875400 0.135730 0.037115 0.990050 -0.000000 0.000000 0.000000 0.000000 1.000000
0.990341 -0.040014 -0.132754 0.000000 0.035758 0.998772 -0.034294 15.875400 0.133964 0.029215 0.990556 -0.000000 0.000000 0.000000 0.000000 1.000000
0.990241 -0.048248 -0.130750 0.000000 0.045219 0.998638 -0.026037 15.875400 0.131828 0.019871 0.991073 0.000000 0.000000 0.000000 0.000000 1.000000
0.990053 -0.057002 -0.128633 0.000000 0.055272 0.998327 -0.016983 15.875400 0.129386 0.009704 0.991547 -0.000000 0.000000 0.000000 0.000000 1.000000
0.989798 -0.065506 -0.126525 0.000000 0.065062 0.997852 -0.007647 15.875400 0.126754 -0.000663 0.991934 0.000000 0.000000 0.000000 0.000000 1.000000
0.989510 -0.073189 -0.124552 -0.000000 0.073940 0.997262 0.001412 15.875400 0.124108 -0.010607 0.992212 0.000000 0.000000 0.000000 0.000000 1.000000</float_array>
        <technique_common>
          <accessor source="#mixamorig_Spine2-Matrix-animation-output-transform-array" count="35" stride="16">
            <param type="float4x4"/>
          </accessor>
        </technique_common>
      </source>
      <source id="mixamorig_Spine2-Interpolations">
        <Name_array id="mixamorig_Spine2-Interpolations-array" count="35">
 LINEAR LINEAR LINEAR LINEAR LINEAR LINEAR LINEAR LINEAR LINEAR LINEAR LINEAR
LINEAR LINEAR LINEAR LINEAR LINEAR LINEAR LINEAR LINEAR LINEAR LINEAR LINEAR LINEAR
LINEAR LINEAR LINEAR LINEAR LINEAR LINEAR LINEAR LINEAR LINEAR LINEAR LINEAR LINEAR</Name_array>
        <technique_common>
          <accessor source="#mixamorig_Spine2-Interpolations-array" count="35">
            <param type="name"/>
          </accessor>
        </technique_common>
      </source>
      <sampler id="mixamorig_Spine2-Matrix-animation-transform">
        <input semantic="INPUT" source="#mixamorig_Spine2-Matrix-animation-input"/>
        <input semantic="OUTPUT" source="#mixamorig_Spine2-Matrix-animation-output-transform"/>
        <input semantic="INTERPOLATION" source="#mixamorig_Spine2-Interpolations"/>
      </sampler>
      <channel source="#mixamorig_Spine2-Matrix-animation-transform" target="mixamorig_Spine2/matrix"/>
    </animation>
    <animation id="mixamorig_Neck-anim" name="mixamorig_Neck">
      <source id="mixamorig_Neck-Matrix-animation-input">
        <float_array id="mixamorig_Neck-Matrix-animation-input-array" count="35">

0.000000 0.033333 0.066667 0.100000 0.133333 0.166667 0.200000 0.233333 0.266667 0.300000 0.333333 0.366667 0.400000 0.433333 0.466667 0.500000
0.533333 0.566667 0.600000 0.633333 0.666667 0.700000 0.733333 0.766667 0.800000 0.833333 0.866667 0.900000 0.933333 0.966667 1.000000 1.033333
1.066667 1.100000 1.133333</float_array>
        <technique_common>
          <accessor source="#mixamorig_Neck-Matrix-animation-input-array" count="35">
            <param name="TIME" type="float"/>
          </accessor>
        </technique_common>
      </source>
      <source id="mixamorig_Neck-Matrix-animation-output-transform">
        <float_array id="mixamorig_Neck-Matrix-animation-output-transform-array" count="560">

0.973061 0.064035 0.221476 0.000000 -0.032299 0.989043 -0.144054 26.173401 -0.228274 0.133020 0.964467 -0.161200 0.000000 0.000000 0.000000 1.000000
0.972577 0.071763 0.221234 0.000000 -0.039498 0.988353 -0.146963 26.173401 -0.229204 0.134194 0.964084 -0.161200 0.000000 0.000000 0.000000 1.000000
0.972305 0.078678 0.220075 0.000000 -0.046266 0.987794 -0.148737 26.173401 -0.229091 0.134436 0.964077 -0.161200 0.000000 0.000000 0.000000 1.000000
0.971561 0.085644 0.220757 -0.000000 -0.052974 0.987284 -0.149881 26.173401 -0.230786 0.133924 0.963744 -0.161200 0.000000 0.000000 0.000000 1.000000
0.971479 0.087871 0.220246 0.000000 -0.054861 0.986895 -0.151753 26.173401 -0.230694 0.135342 0.963568 -0.161200 0.000000 0.000000 0.000000 1.000000
0.970929 0.090753 0.221496 -0.000000 -0.056640 0.986166 -0.155781 26.173401 -0.232569 0.138706 0.962638 -0.161200 0.000000 0.000000 0.000000 1.000000
0.970355 0.094502 0.222443 0.000000 -0.058729 0.984997 -0.162271 26.173401 -0.234440 0.144397 0.961347 -0.161200 0.000000 0.000000 0.000000 1.000000
0.969671 0.100287 0.222890 0.000000 -0.063019 0.983695 -0.168441 26.173401 -0.236148 0.149286 0.960181 -0.161200 0.000000 0.000000 0.000000 1.000000
0.970135 0.098095 0.221848 0.000000 -0.059160 0.982648 -0.175792 26.173401 -0.235242 0.157418 0.959104 -0.161200 0.000000 0.000000 0.000000 1.000000
0.972236 0.086339 0.217491 0.000000 -0.045897 0.981748 -0.184565 26.173401 -0.229456 0.169459 0.958454 -0.161200 0.000000 0.000000 0.000000 1.000000
0.973734 0.082893 0.212065 0.000000 -0.043084 0.981628 -0.185876 26.173401 -0.223577 0.171857 0.959416 -0.161200 0.000000 0.000000 0.000000 1.000000
0.974065 0.083607 0.210255 0.000000 -0.045583 0.982686 -0.179585 26.173401 -0.221630 0.165344 0.961011 -0.161200 0.000000 0.000000 0.000000 1.000000
0.974950 0.082641 0.206503 0.000000 -0.046272 0.983460 -0.175116 26.173401 -0.217559 0.161174 0.962648 -0.161200 0.000000 0.000000 0.000000 1.000000
0.975321 0.081160 0.205334 0.000000 -0.045843 0.984161 -0.171248 26.173401 -0.215980 0.157609 0.963593 -0.161200 0.000000 0.000000 0.000000 1.000000
0.975635 0.077024 0.205437 0.000000 -0.041677 0.984365 -0.171138 26.173401 -0.215407 0.158407 0.963591 -0.161200 0.000000 0.000000 0.000000 1.000000
0.973709 0.084522 0.211536 0.000000 -0.049777 0.985122 -0.164492 26.173401 -0.222291 0.149638 0.963429 -0.161200 0.000000 0.000000 0.000000 1.000000
0.973613 0.084048 0.212163 0.000000 -0.048765 0.984858 -0.166366 26.173401 -0.222933 0.151630 0.962969 -0.161200 0.000000 0.000000 0.000000 1.000000
0.972860 0.085477 0.215029 -0.000000 -0.049353 0.984538 -0.168076 26.173401 -0.226071 0.152902 0.962036 -0.161200 0.000000 0.000000 0.000000 1.000000
0.972429 0.086505 0.216563 0.000000 -0.049209 0.983861 -0.172038 26.173401 -0.227950 0.156638 0.960991 -0.161200 0.000000 0.000000 0.000000 1.000000
0.971698 0.091616 0.217739 -0.000000 -0.053357 0.983031 -0.175506 26.173401 -0.230123 0.158920 0.960098 -0.161200 0.000000 0.000000 0.000000 1.000000
0.971207 0.095045 0.218456 0.000000 -0.056222 0.982510 -0.177517 26.173401 -0.231507 0.160124 0.959565 -0.161200 0.000000 0.000000 0.000000 1.000000
0.971283 0.099153 0.216284 0.000000 -0.060495 0.982069 -0.178551 26.173401 -0.230109 0.160339 0.959865 -0.161200 0.000000 0.000000 0.000000 1.000000
0.971651 0.101211 0.213658 0.000000 -0.063307 0.982113 -0.177333 26.173401 -0.227784 0.158780 0.960678 -0.161200 0.000000 0.000000 0.000000 1.000000
0.972385 0.100130 0.210812 -0.000000 -0.063557 0.982759 -0.173625 26.173401 -0.224562 0.155432 0.961984 -0.161200 0.000000 0.000000 0.000000 1.000000
0.972960 0.097873 0.209213 -0.000000 -0.063037 0.983917 -0.167136 26.173401 -0.222207 0.149428 0.963481 -0.161200 0.000000 0.000000 0.000000 1.000000
0.973059 0.095788 0.209716 -0.000000 -0.062468 0.985120 -0.160111 26.173401 -0.221933 0.142697 0.964564 -0.161200 0.000000 0.000000 0.000000 1.000000
0.973042 0.093436 0.210855 -0.000000 -0.061479 0.986261 -0.153330 26.173401 -0.222284 0.136233 0.965417 -0.161200 0.000000 0.000000 0.000000 1.000000
0.973445 0.091319 0.209920 0.000000 -0.059880 0.986638 -0.151526 26.173401 -0.220952 0.134932 0.965906 -0.161200 0.000000 0.000000 0.000000 1.000000
0.973488 0.087916 0.211166 0.000000 -0.055867 0.986613 -0.153213 26.173401 -0.221809 0.137354 0.965368 -0.161200 0.000000 0.000000 0.000000 1.000000
0.973242 0.085019 0.213473 0.000000 -0.051544 0.986133 -0.157746 26.173401 -0.223925 0.142522 0.964129 -0.161200 0.000000 0.000000 0.000000 1.000000
0.973260 0.079724 0.215428 0.000000 -0.044877 0.985760 -0.162056 26.173401 -0.225280 0.148055 0.962979 -0.161200 0.000000 0.000000 0.000000 1.000000
0.973171 0.075613 0.217306 -0.000000 -0.040364 0.985917 -0.162290 26.173401 -0.226517 0.149164 0.962518 -0.161200 0.000000 0.000000 0.000000 1.000000
0.972493 0.075709 0.220283 0.000000 -0.041165 0.986680 -0.157381 26.173401 -0.229264 0.143984 0.962656 -0.161200 0.000000 0.000000 0.000000 1.000000
0.971748 0.075585 0.223592 0.000000 -0.042063 0.987630 -0.151057 26.173401 -0.232243 0.137385 0.962906 -0.161200 0.000000 0.000000 0.000000 1.000000
0.973054 0.064085 0.221492 -0.000000 -0.032326 0.989028 -0.144148 26.173401 -0.228299 0.133104 0.964449 -0.161200 0.000000 0.000000 0.000000 1.000000</float_array>
        <technique_common>
          <accessor source="#mixamorig_Neck-Matrix-animation-output-transform-array" count="35" stride="16">
            <param type="float4x4"/>
          </accessor>
        </technique_common>
      </source>
      <source id="mixamorig_Neck-Interpolations">
        <Name_array id="mixamorig_Neck-Interpolations-array" count="35">
 LINEAR LINEAR LINEAR LINEAR LINEAR LINEAR LINEAR LINEAR LINEAR LINEAR LINEAR
LINEAR LINEAR LINEAR LINEAR LINEAR LINEAR LINEAR LINEAR LINEAR LINEAR LINEAR LINEAR
LINEAR LINEAR LINEAR LINEAR LINEAR LINEAR LINEAR LINEAR LINEAR LINEAR LINEAR LINEAR</Name_array>
        <technique_common>
          <accessor source="#mixamorig_Neck-Interpolations-array" count="35">
            <param type="name"/>
          </accessor>
        </technique_common>
      </source>
      <sampler id="mixamorig_Neck-Matrix-animation-transform">
        <input semantic="INPUT" source="#mixamorig_Neck-Matrix-animation-input"/>
        <input semantic="OUTPUT" source="#mixamorig_Neck-Matrix-animation-output-transform"/>
        <input semantic="INTERPOLATION" source="#mixamorig_Neck-Interpolations"/>
      </sampler>
      <channel source="#mixamorig_Neck-Matrix-animation-transform" target="mixamorig_Neck/matrix"/>
    </animation>
    <animation id="mixamorig_Head-anim" name="mixamorig_Head">
      <source id="mixamorig_Head-Matrix-animation-input">
        <float_array id="mixamorig_Head-Matrix-animation-input-array" count="35">

0.000000 0.033333 0.066667 0.100000 0.133333 0.166667 0.200000 0.233333 0.266667 0.300000 0.333333 0.366667 0.400000 0.433333 0.466667 0.500000
0.533333 0.566667 0.600000 0.633333 0.666667 0.700000 0.733333 0.766667 0.800000 0.833333 0.866667 0.900000 0.933333 0.966667 1.000000 1.033333
1.066667 1.100000 1.133333</float_array>
        <technique_common>
          <accessor source="#mixamorig_Head-Matrix-animation-input-array" count="35">
            <param name="TIME" type="float"/>
          </accessor>
        </technique_common>
      </source>
      <source id="mixamorig_Head-Matrix-animation-output-transform">
        <float_array id="mixamorig_Head-Matrix-animation-output-transform-array" count="560">

0.847633 -0.084212 0.523858 -0.000000 -0.043288 0.973057 0.226465 14.369300 -0.528815 -0.214636 0.821149 0.127800 0.000000 0.000000 0.000000 1.000000
0.848514 -0.087745 0.521847 -0.000000 -0.042195 0.971798 0.232010 14.369300 -0.527488 -0.218883 0.820882 0.127800 0.000000 0.000000 0.000000 1.000000
0.848949 -0.088982 0.520929 0.000000 -0.043020 0.970816 0.235937 14.369300 -0.526720 -0.222709 0.820345 0.127800 0.000000 0.000000 0.000000 1.000000
0.848621 -0.089743 0.521333 0.000000 -0.043970 0.970129 0.238573 14.369300 -0.527170 -0.225382 0.819326 0.127800 0.000000 0.000000 0.000000 1.000000
0.848827 -0.087589 0.521365 -0.000000 -0.047080 0.969738 0.239565 14.369300 -0.526571 -0.227895 0.819016 0.127800 0.000000 0.000000 0.000000 1.000000
0.848130 -0.086193 0.522730 0.000000 -0.050734 0.968928 0.242084 14.369300 -0.527353 -0.231839 0.817404 0.127800 0.000000 0.000000 0.000000 1.000000
0.847981 -0.087072 0.522826 -0.000000 -0.052702 0.967674 0.246635 14.369300 -0.527400 -0.236696 0.815980 0.127800 0.000000 0.000000 0.000000 1.000000
0.849662 -0.091418 0.519342 -0.000000 -0.050185 0.966370 0.252212 14.369300 -0.524934 -0.240359 0.816500 0.127800 0.000000 0.000000 0.000000 1.000000
0.850819 -0.088903 0.517883 -0.000000 -0.051394 0.966778 0.250397 14.369300 -0.522939 -0.239658 0.817984 0.127800 0.000000 0.000000 0.000000 1.000000
