<?xml version="1.0" encoding="utf-8"?>
<COLLADA xmlns="http://www.collada.org/2005/11/COLLADASchema" version="1.4.1">
  <asset>
    <contributor>
      <author>Mixamo</author>
      <authoring_tool>COLLADA Mixamo exporter</authoring_tool>
      <comments/>
    </contributor>
    <created>2025-11-14T05:17:29Z</created>
    <modified>2025-11-14T05:17:29Z</modified>
    <revision/>
    <title/>
    <unit meter="0.010000"/>
    <up_axis>Y_UP</up_axis>
  </asset>
  <library_animations>
    <animation id="mixamorig_Hips-anim" name="mixamorig_Hips">
      <source id="mixamorig_Hips-Matrix-animation-input">
        <float_array id="mixamorig_Hips-Matrix-animation-input-array" count="16">

0.000000 0.033333 0.066667 0.100000 0.133333 0.166667 0.200000 0.233333 0.266667 0.300000 0.333333 0.366667 0.400000 0.433333 0.466667 0.500000</float_array>
        <technique_common>
          <accessor source="#mixamorig_Hips-Matrix-animation-input-array" count="16">
            <param name="TIME" type="float"/>
          </accessor>
        </technique_common>
      </source>
      <source id="mixamorig_Hips-Matrix-animation-output-transform">
        <float_array id="mixamorig_Hips-Matrix-animation-output-transform-array" count="256">

0.522569 -0.060166 -0.850471 0.204859 0.069742 0.997181 -0.027692 100.640694 0.849740 -0.044842 0.525292 -0.652099 0.000000 0.000000 0.000000 1.000000
0.567097 -0.050067 -0.822128 -0.287529 0.043456 0.998579 -0.030837 100.646057 0.822503 -0.018239 0.568468 -0.922842 0.000000 0.000000 0.000000 1.000000
0.651784 -0.025844 -0.757964 -1.453048 0.028166 0.999555 -0.009861 100.523018 0.757881 -0.014922 0.652222 -0.931779 0.000000 0.000000 0.000000 1.000000
0.735796 0.000749 -0.677203 -2.745605 0.010570 0.999865 0.012590 100.373871 0.677120 -0.016422 0.735689 -0.889329 0.000000 0.000000 0.000000 1.000000
0.809079 0.028307 -0.587018 -4.051396 -0.009410 0.999335 0.035219 100.192101 0.587625 -0.022971 0.808807 -0.810111 0.000000 0.000000 0.000000 1.000000
0.868297 0.057131 -0.492744 -5.385413 -0.020879 0.996674 0.078767 99.845047 0.495606 -0.058106 0.866602 -0.551922 0.000000 0.000000 0.000000 1.000000
0.918572 0.084148 -0.386191 -6.389464 -0.037337 0.991179 0.127162 99.409424 0.393485 -0.102389 0.913611 -0.393061 0.000000 0.000000 0.000000 1.000000
0.955221 0.098916 -0.278871 -7.288902 -0.051394 0.983607 0.172846 98.851181 0.291396 -0.150773 0.944646 -0.440691 0.000000 0.000000 0.000000 1.000000
0.975216 0.096594 -0.199054 -8.135802 -0.054415 0.976744 0.207389 98.171570 0.214458 -0.191417 0.957793 -0.623274 0.000000 0.000000 0.000000 1.000000
0.984297 0.090422 -0.151603 -8.844803 -0.052506 0.969940 0.237613 97.371460 0.168531 -0.225922 0.959456 -0.833030 0.000000 0.000000 0.000000 1.000000
0.989277 0.079654 -0.122417 -9.595993 -0.046565 0.966461 0.252557 96.520988 0.138429 -0.244148 0.959807 -1.471484 0.000000 0.000000 0.000000 1.000000
0.992420 0.068627 -0.101945 -10.420399 -0.039677 0.964054 0.262728 95.611961 0.116311 -0.256692 0.959469 -3.272490 0.000000 0.000000 0.000000 1.000000
0.993443 0.059800 -0.097443 -11.207518 -0.031668 0.962884 0.268050 94.626968 0.109855 -0.263206 0.958464 -5.394031 0.000000 0.000000 0.000000 1.000000
0.992918 0.051594 -0.107015 -11.740590 -0.021103 0.963047 0.268505 93.568810 0.116913 -0.264345 0.957315 -7.371290 0.000000 0.000000 0.000000 1.000000
0.991183 0.044927 -0.124651 -12.096104 -0.010230 0.963901 0.266065 92.552856 0.132105 -0.262444 0.955862 -8.847629 0.000000 0.000000 0.000000 1.000000
0.988627 0.041030 -0.144683 -12.377666 -0.001538 0.964771 0.263087 91.628510 0.150380 -0.259872 0.953862 -9.409132 0.000000 0.000000 0.000000 1.000000</float_array>
        <technique_common>
          <accessor source="#mixamorig_Hips-Matrix-animation-output-transform-array" count="16" stride="16">
            <param type="float4x4"/>
          </accessor>
        </technique_common>
      </source>
      <source id="mixamorig_Hips-Interpolations">
        <Name_array id="mixamorig_Hips-Interpolations-array" count="16">
 LINEAR LINEAR LINEAR LINEAR LINEAR LINEAR LINEAR LINEAR LINEAR LINEAR LINEAR
LINEAR LINEAR LINEAR LINEAR LINEAR</Name_array>
        <technique_common>
          <accessor source="#mixamorig_Hips-Interpolations-array" count="16">
            <param type="name"/>
          </accessor>
        </technique_common>
      </source>
      <sampler id="mixamorig_Hips-Matrix-animation-transform">
        <input semantic="INPUT" source="#mixamorig_Hips-Matrix-animation-input"/>
        <input semantic="OUTPUT" source="#mixamorig_Hips-Matrix-animation-output-transform"/>
        <input semantic="INTERPOLATION" source="#mixamorig_Hips-Interpolations"/>
      </sampler>
      <channel source="#mixamorig_Hips-Matrix-animation-transform" target="mixamorig_Hips/matrix"/>
    </animation>
    <animation id="mixamorig_Spine-anim" name="mixamorig_Spine">
      <source id="mixamorig_Spine-Matrix-animation-input">
        <float_array id="mixamorig_Spine-Matrix-animation-input-array" count="16">

0.000000 0.033333 0.066667 0.100000 0.133333 0.166667 0.200000 0.233333 0.266667 0.300000 0.333333 0.366667 0.400000 0.433333 0.466667 0.500000</float_array>
        <technique_common>
          <accessor source="#mixamorig_Spine-Matrix-animation-input-array" count="16">
            <param name="TIME" type="float"/>
          </accessor>
        </technique_common>
      </source>
      <source id="mixamorig_Spine-Matrix-animation-output-transform">
        <float_array id="mixamorig_Spine-Matrix-animation-output-transform-array" count="256">

0.998816 0.048625 0.001208 -0.000000 -0.047274 0.976313 -0.211136 8.536500 -0.011446 0.210829 0.977456 0.187100 0.000000 0.000000 0.000000 1.000000
0.999378 0.035199 -0.001955 0.000000 -0.034865 0.978640 -0.202604 8.536500 -0.005218 0.202547 0.979259 0.187100 0.000000 0.000000 0.000000 1.000000
0.999782 0.018729 -0.009234 -0.000000 -0.020177 0.980396 -0.196003 8.536500 0.005382 0.196146 0.980560 0.187100 0.000000 0.000000 0.000000 1.000000
0.999847 0.001823 -0.017391 -0.000000 -0.005095 0.981767 -0.190021 8.536500 0.016728 0.190080 0.981626 0.187100 0.000000 0.000000 0.000000 1.000000
0.999595 -0.014172 -0.024692 0.000000 0.009378 0.982796 -0.184455 8.536500 0.026882 0.184148 0.982531 0.187100 0.000000 0.000000 0.000000 1.000000
0.999327 -0.025614 -0.026272 0.000000 0.020487 0.983523 -0.179618 8.536500 0.030440 0.178959 0.983386 0.187100 0.000000 0.000000 0.000000 1.000000
0.998927 -0.037833 -0.026700 0.000000 0.032618 0.984174 -0.174176 8.536500 0.032867 0.173118 0.984353 0.187100 0.000000 0.000000 0.000000 1.000000
0.998724 -0.043355 -0.025900 0.000000 0.038446 0.985250 -0.166744 8.536500 0.032747 0.165535 0.985660 0.187100 0.000000 0.000000 0.000000 1.000000
0.998791 -0.045253 -0.019223 -0.000000 0.041623 0.986348 -0.159324 8.536500 0.026170 0.158332 0.987039 0.187100 0.000000 0.000000 0.000000 1.000000
0.998409 -0.055989 -0.006634 0.000000 0.054560 0.989114 -0.136664 8.536500 0.014213 0.136084 0.990595 0.187100 0.000000 0.000000 0.000000 1.000000
0.998889 -0.047048 0.002679 -0.000000 0.047094 0.994577 -0.092731 8.536500 0.001698 0.092754 0.995688 0.187100 0.000000 0.000000 0.000000 1.000000
0.999333 -0.034573 0.011728 0.000000 0.035538 0.994777 -0.095683 8.536500 -0.008359 0.096036 0.995343 0.187100 0.000000 0.000000 0.000000 1.000000
0.999261 -0.031786 0.021623 -0.000000 0.033971 0.993395 -0.109597 8.536500 -0.017997 0.110251 0.993741 0.187100 0.000000 0.000000 0.000000 1.000000
0.999071 -0.034427 0.025936 0.000000 0.036945 0.993908 -0.103832 8.536500 -0.022203 0.104694 0.994257 0.187100 0.000000 0.000000 0.000000 1.000000
0.999286 -0.030165 0.022763 0.000000 0.032215 0.994876 -0.095836 8.536500 -0.019755 0.096501 0.995137 0.187100 0.000000 0.000000 0.000000 1.000000
0.999407 -0.026768 0.021648 -0.000000 0.028754 0.994835 -0.097344 8.536500 -0.018931 0.097909 0.995015 0.187100 0.000000 0.000000 0.000000 1.000000</float_array>
        <technique_common>
          <accessor source="#mixamorig_Spine-Matrix-animation-output-transform-array" count="16" stride="16">
            <param type="float4x4"/>
          </accessor>
        </technique_common>
      </source>
      <source id="mixamorig_Spine-Interpolations">
        <Name_array id="mixamorig_Spine-Interpolations-array" count="16">
 LINEAR LINEAR LINEAR LINEAR LINEAR LINEAR LINEAR LINEAR LINEAR LINEAR LINEAR
LINEAR LINEAR LINEAR LINEAR LINEAR</Name_array>
        <technique_common>
          <accessor source="#mixamorig_Spine-Interpolations-array" count="16">
            <param type="name"/>
          </accessor>
        </technique_common>
      </source>
      <sampler id="mixamorig_Spine-Matrix-animation-transform">
        <input semantic="INPUT" source="#mixamorig_Spine-Matrix-animation-input"/>
        <input semantic="OUTPUT" source="#mixamorig_Spine-Matrix-animation-output-transform"/>
        <input semantic="INTERPOLATION" source="#mixamorig_Spine-Interpolations"/>
      </sampler>
      <channel source="#mixamorig_Spine-Matrix-animation-transform" target="mixamorig_Spine/matrix"/>
    </animation>
    <animation id="mixamorig_Spine1-anim" name="mixamorig_Spine1">
      <source id="mixamorig_Spine1-Matrix-animation-input">
        <float_array id="mixamorig_Spine1-Matrix-animation-input-array" count="16">

0.000000 0.033333 0.066667 0.100000 0.133333 0.166667 0.200000 0.233333 0.266667 0.300000 0.333333 0.366667 0.400000 0.433333 0.466667 0.500000</float_array>
        <technique_common>
          <accessor source="#mixamorig_Spine1-Matrix-animation-input-array" count="16">
            <param name="TIME" type="float"/>
          </accessor>
        </technique_common>
      </source>
      <source id="mixamorig_Spine1-Matrix-animation-output-transform">
        <float_array id="mixamorig_Spine1-Matrix-animation-output-transform-array" count="256">

0.995240 0.097444 -0.001098 0.000000 -0.096568 0.984646 -0.145419 9.685800 -0.013089 0.144833 0.989370 0.000000 0.000000 0.000000 0.000000 1.000000
0.997250 0.073834 -0.006338 0.000000 -0.074043 0.989223 -0.126316 9.685800 -0.003056 0.126438 0.991970 0.000000 0.000000 0.000000 0.000000 1.000000
0.998513 0.051022 -0.019209 0.000000 -0.052793 0.992847 -0.107086 9.685800 0.013608 0.107941 0.994064 0.000000 0.000000 0.000000 0.000000 1.000000
0.998999 0.028935 -0.034110 0.000000 -0.031853 0.995577 -0.088381 9.685800 0.031401 0.089379 0.995503 0.000000 0.000000 0.000000 0.000000 1.000000
0.998798 0.009003 -0.048179 0.000000 -0.012383 0.997447 -0.070327 9.685800 0.047422 0.070839 0.996360 0.000000 0.000000 0.000000 0.000000 1.000000
0.998559 -0.002176 -0.053621 0.000000 -0.000651 0.998613 -0.052647 9.685800 0.053661 0.052606 0.997173 0.000000 0.000000 0.000000 0.000000 1.000000
0.998212 -0.010191 -0.058903 0.000000 0.008116 0.999342 -0.035360 9.685800 0.059225 0.034819 0.997637 0.000000 0.000000 0.000000 0.000000 1.000000
0.997998 -0.014865 -0.061468 0.000000 0.013817 0.999753 -0.017431 9.685800 0.061712 0.016547 0.997957 0.000000 0.000000 0.000000 0.000000 1.000000
0.998521 -0.012465 -0.052926 -0.000000 0.012695 0.999911 0.004017 9.685800 0.052871 -0.004683 0.998590 0.000000 0.000000 0.000000 0.000000 1.000000
0.999458 -0.002100 -0.032848 0.000000 0.002689 0.999836 0.017908 9.685800 0.032805 -0.017987 0.999300 0.000000 0.000000 0.000000 0.000000 1.000000
0.999942 0.000351 -0.010763 0.000000 -0.000103 0.999735 0.023008 9.685800 0.010769 -0.023006 0.999677 -0.000000 0.000000 0.000000 0.000000 1.000000
0.999954 -0.000178 0.009639 -0.000000 -0.000280 0.998870 0.047524 9.685800 -0.009637 -0.047525 0.998824 0.000000 0.000000 0.000000 0.000000 1.000000
0.999620 0.000485 0.027548 0.000000 -0.002445 0.997462 0.071153 9.685800 -0.027444 -0.071194 0.997085 0.000000 0.000000 0.000000 0.000000 1.000000
0.999407 0.004169 0.034191 0.000000 -0.006620 0.997391 0.071879 9.685800 -0.033802 -0.072063 0.996827 0.000000 0.000000 0.000000 0.000000 1.000000
0.999480 -0.004463 0.031933 0.000000 0.002687 0.998458 0.055456 9.685800 -0.032131 -0.055341 0.997950 -0.000000 0.000000 0.000000 0.000000 1.000000
0.999371 -0.012432 0.033207 0.000000 0.011115 0.999156 0.039538 9.685800 -0.033670 -0.039144 0.998666 -0.000000 0.000000 0.000000 0.000000 1.000000</float_array>
        <technique_common>
          <accessor source="#mixamorig_Spine1-Matrix-animation-output-transform-array" count="16" stride="16">
            <param type="float4x4"/>
          </accessor>
        </technique_common>
      </source>
      <source id="mixamorig_Spine1-Interpolations">
        <Name_array id="mixamorig_Spine1-Interpolations-array" count="16">
 LINEAR LINEAR LINEAR LINEAR LINEAR LINEAR LINEAR LINEAR LINEAR LINEAR LINEAR
LINEAR LINEAR LINEAR LINEAR LINEAR</Name_array>
        <technique_common>
          <accessor source="#mixamorig_Spine1-Interpolations-array" count="16">
            <param type="name"/>
          </accessor>
        </technique_common>
      </source>
      <sampler id="mixamorig_Spine1-Matrix-animation-transform">
        <input semantic="INPUT" source="#mixamorig_Spine1-Matrix-animation-input"/>
        <input semantic="OUTPUT" source="#mixamorig_Spine1-Matrix-animation-output-transform"/>
        <input semantic="INTERPOLATION" source="#mixamorig_Spine1-Interpolations"/>
      </sampler>
      <channel source="#mixamorig_Spine1-Matrix-animation-transform" target="mixamorig_Spine1/matrix"/>
    </animation>
    <animation id="mixamorig_Spine2-anim" name="mixamorig_Spine2">
      <source id="mixamorig_Spine2-Matrix-animation-input">
        <float_array id="mixamorig_Spine2-Matrix-animation-input-array" count="16">

0.000000 0.033333 0.066667 0.100000 0.133333 0.166667 0.200000 0.233333 0.266667 0.300000 0.333333 0.366667 0.400000 0.433333 0.466667 0.500000</float_array>
        <technique_common>
          <accessor source="#mixamorig_Spine2-Matrix-animation-input-array" count="16">
            <param name="TIME" type="float"/>
          </accessor>
        </technique_common>
      </source>
      <source id="mixamorig_Spine2-Matrix-animation-output-transform">
        <float_array id="mixamorig_Spine2-Matrix-animation-output-transform-array" count="256">

0.995241 0.097442 0.000487 0.000000 -0.096539 0.986672 -0.130994 15.875400 -0.013245 0.130324 0.991383 0.000000 0.000000 0.000000 0.000000 1.000000
0.997306 0.073338 -0.001532 0.000000 -0.073045 0.990973 -0.112412 15.875400 -0.006725 0.112221 0.993661 0.000000 0.000000 0.000000 0.000000 1.000000
0.998740 0.048755 -0.011874 0.000000 -0.049659 0.994313 -0.094206 15.875400 0.007214 0.094677 0.995482 0.000000 0.000000 0.000000 0.000000 1.000000
0.999400 0.024574 -0.024403 -0.000000 -0.026379 0.996713 -0.076598 15.875400 0.022441 0.077196 0.996763 -0.000000 0.000000 0.000000 0.000000 1.000000
0.999338 0.002720 -0.036274 -0.000000 -0.004874 0.998221 -0.059423 15.875400 0.036048 0.059560 0.997574 0.000000 0.000000 0.000000 0.000000 1.000000
0.999149 -0.008847 -0.040277 0.000000 0.007173 0.999112 -0.041509 15.875400 0.040608 0.041185 0.998326 0.000000 0.000000 0.000000 0.000000 1.000000
0.998841 -0.016936 -0.045054 0.000000 0.015876 0.999591 -0.023792 15.875400 0.045439 0.023050 0.998701 0.000000 0.000000 0.000000 0.000000 1.000000
0.998604 -0.021239 -0.048370 -0.000000 0.021012 0.999766 -0.005203 15.875400 0.048469 0.004179 0.998816 -0.000000 0.000000 0.000000 0.000000 1.000000
0.998949 -0.018151 -0.042089 0.000000 0.018893 0.999672 0.017286 15.875400 0.041761 -0.018063 0.998964 0.000000 0.000000 0.000000 0.000000 1.000000
0.999609 -0.007725 -0.026880 0.000000 0.008585 0.999450 0.032032 15.875400 0.026617 -0.032250 0.999125 0.000000 0.000000 0.000000 0.000000 1.000000
0.999972 -0.005318 -0.005328 0.000000 0.005515 0.999280 0.037525 15.875400 0.005124 -0.037554 0.999281 0.000000 0.000000 0.000000 0.000000 1.000000
0.999886 -0.005550 0.014069 0.000000 0.004665 0.998053 0.062197 15.875400 -0.014386 -0.062124 0.997965 0.000000 0.000000 0.000000 0.000000 1.000000
0.999555 -0.003054 0.029681 -0.000000 0.000498 0.996318 0.085729 15.875400 -0.029834 -0.085676 0.995876 -0.000000 0.000000 0.000000 0.000000 1.000000
0.999382 0.002255 0.035081 -0.000000 -0.005273 0.996265 0.086188 15.875400 -0.034756 -0.086320 0.995661 0.000000 0.000000 0.000000 0.000000 1.000000
0.999466 -0.005060 0.032280 -0.000000 0.002677 0.997294 0.073472 15.875400 -0.032565 -0.073346 0.996775 -0.000000 0.000000 0.000000 0.000000 1.000000
0.999361 -0.013081 0.033259 0.000000 0.011278 0.998486 0.053846 15.875400 -0.033913 -0.053437 0.997995 0.000000 0.000000 0.000000 0.000000 1.000000</float_array>
        <technique_common>
          <accessor source="#mixamorig_Spine2-Matrix-animation-output-transform-array" count="16" stride="16">
            <param type="float4x4"/>
          </accessor>
        </technique_common>
      </source>
      <source id="mixamorig_Spine2-Interpolations">
        <Name_array id="mixamorig_Spine2-Interpolations-array" count="16">
 LINEAR LINEAR LINEAR LINEAR LINEAR LINEAR LINEAR LINEAR LINEAR LINEAR LINEAR
LINEAR LINEAR LINEAR LINEAR LINEAR</Name_array>
        <technique_common>
          <accessor source="#mixamorig_Spine2-Interpolations-array" count="16">
            <param type="name"/>
          </accessor>
        </technique_common>
      </source>
      <sampler id="mixamorig_Spine2-Matrix-animation-transform">
        <input semantic="INPUT" source="#mixamorig_Spine2-Matrix-animation-input"/>
        <input semantic="OUTPUT" source="#mixamorig_Spine2-Matrix-animation-output-transform"/>
        <input semantic="INTERPOLATION" source="#mixamorig_Spine2-Interpolations"/>
      </sampler>
      <channel source="#mixamorig_Spine2-Matrix-animation-transform" target="mixamorig_Spine2/matrix"/>
    </animation>
    <animation id="mixamorig_Neck-anim" name="mixamorig_Neck">
      <source id="mixamorig_Neck-Matrix-animation-input">
        <float_array id="mixamorig_Neck-Matrix-animation-input-array" count="16">

0.000000 0.033333 0.066667 0.100000 0.133333 0.166667 0.200000 0.233333 0.266667 0.300000 0.333333 0.366667 0.400000 0.433333 0.466667 0.500000</float_array>
        <technique_common>
          <accessor source="#mixamorig_Neck-Matrix-animation-input-array" count="16">
            <param name="TIME" type="float"/>
          </accessor>
        </technique_common>
      </source>
      <source id="mixamorig_Neck-Matrix-animation-output-transform">
        <float_array id="mixamorig_Neck-Matrix-animation-output-transform-array" count="256">

0.885839 -0.189302 0.423619 0.000000 0.042152 0.942046 0.332825 26.173401 -0.462073 -0.276973 0.842481 -0.161200 0.000000 0.000000 0.000000 1.000000
0.893662 -0.183843 0.409354 -0.000000 0.040665 0.941651 0.334125 26.173401 -0.446895 -0.281949 0.848993 -0.161200 0.000000 0.000000 0.000000 1.000000
0.916405 -0.167572 0.363484 0.000000 0.039754 0.941756 0.333938 26.173401 -0.398272 -0.291572 0.869692 -0.161200 0.000000 0.000000 0.000000 1.000000
0.938907 -0.148594 0.310441 -0.000000 0.038763 0.941913 0.333614 26.173401 -0.341981 -0.301199 0.890128 -0.161200 0.000000 0.000000 0.000000 1.000000
0.958314 -0.128988 0.254945 -0.000000 0.038109 0.942028 0.333363 26.173401 -0.283165 -0.309750 0.907674 -0.161200 0.000000 0.000000 0.000000 1.000000
0.974974 -0.109896 0.193258 0.000000 0.040278 0.942212 0.332589 26.173401 -0.218640 -0.316481 0.923058 -0.161200 0.000000 0.000000 0.000000 1.000000
0.985668 -0.095663 0.138953 -0.000000 0.044781 0.942493 0.331214 26.173401 -0.162647 -0.320244 0.933268 -0.161200 0.000000 0.000000 0.000000 1.000000
0.992315 -0.084910 0.090010 0.000000 0.051275 0.944186 0.325399 26.173401 -0.112616 -0.318283 0.941283 -0.161200 0.000000 0.000000 0.000000 1.000000
0.995594 -0.078209 0.051735 0.000000 0.058021 0.947204 0.315338 26.173401 -0.073665 -0.310946 0.947568 -0.161200 0.000000 0.000000 0.000000 1.000000
0.996657 -0.076164 0.029562 0.000000 0.063710 0.951056 0.302380 26.173401 -0.051145 -0.299486 0.952729 -0.161200 0.000000 0.000000 0.000000 1.000000
0.996539 -0.078723 0.026698 0.000000 0.067742 0.955220 0.288039 26.173401 -0.048177 -0.285234 0.957246 -0.161200 0.000000 0.000000 0.000000 1.000000
0.996100 -0.081709 0.033289 0.000000 0.069600 0.959581 0.272691 26.173401 -0.054224 -0.269310 0.961526 -0.161200 0.000000 0.000000 0.000000 1.000000
0.995937 -0.076101 0.048153 0.000000 0.061286 0.964526 0.256775 26.173401 -0.065986 -0.252781 0.965271 -0.161200 0.000000 0.000000 0.000000 1.000000
0.995369 -0.064378 0.071390 0.000000 0.045422 0.969476 0.240941 26.173401 -0.084722 -0.236582 0.967911 -0.161200 0.000000 0.000000 0.000000 1.000000
0.993577 -0.056840 0.097842 0.000000 0.033390 0.973452 0.226441 26.173401 -0.108116 -0.221720 0.969098 -0.161200 0.000000 0.000000 0.000000 1.000000
0.993455 -0.057280 0.098820 0.000000 0.034884 0.975985 0.215024 26.173401 -0.108764 -0.210170 0.971596 -0.161200 0.000000 0.000000 0.000000 1.000000</float_array>
        <technique_common>
          <accessor source="#mixamorig_Neck-Matrix-animation-output-transform-array" count="16" stride="16">
            <param type="float4x4"/>
          </accessor>
        </technique_common>
      </source>
      <source id="mixamorig_Neck-Interpolations">
        <Name_array id="mixamorig_Neck-Interpolations-array" count="16">
 LINEAR LINEAR LINEAR LINEAR LINEAR LINEAR LINEAR LINEAR LINEAR LINEAR LINEAR
LINEAR LINEAR LINEAR LINEAR LINEAR</Name_array>
        <technique_common>
          <accessor source="#mixamorig_Neck-Interpolations-array" count="16">
            <param type="name"/>
          </accessor>
        </technique_common>
      </source>
      <sampler id="mixamorig_Neck-Matrix-animation-transform">
        <input semantic="INPUT" source="#mixamorig_Neck-Matrix-animation-input"/>
        <input semantic="OUTPUT" source="#mixamorig_Neck-Matrix-animation-output-transform"/>
        <input semantic="INTERPOLATION" source="#mixamorig_Neck-Interpolations"/>
      </sampler>
      <channel source="#mixamorig_Neck-Matrix-animation-transform" target="mixamorig_Neck/matrix"/>
    </animation>
    <animation id="mixamorig_Head-anim" name="mixamorig_Head">
      <source id="mixamorig_Head-Matrix-animation-input">
        <float_array id="mixamorig_Head-Matrix-animation-input-array" count="16">

0.000000 0.033333 0.066667 0.100000 0.133333 0.166667 0.200000 0.233333 0.266667 0.300000 0.333333 0.366667 0.400000 0.433333 0.466667 0.500000</float_array>
        <technique_common>
          <accessor source="#mixamorig_Head-Matrix-animation-input-array" count="16">
            <param name="TIME" type="float"/>
          </accessor>
        </technique_common>
      </source>
      <source id="mixamorig_Head-Matrix-animation-output-transform">
        <float_array id="mixamorig_Head-Matrix-animation-output-transform-array" count="256">

0.901429 0.050530 0.429968 0.000000 -0.058165 0.998296 0.004623 14.369300 -0.429002 -0.029177 0.902832 0.127800 0.000000 0.000000 0.000000 1.000000
0.906876 0.041896 0.419310 0.000000 -0.032383 0.999032 -0.029782 14.369300 -0.420151 0.013430 0.907355 0.127800 0.000000 0.000000 0.000000 1.000000
0.912602 0.022573 0.408225 0.000000 0.002134 0.998198 -0.059966 14.369300 -0.408843 0.055596 0.910910 0.127800 0.000000 0.000000 0.000000 1.000000
0.917096 0.000626 0.398665 0.000000 0.038523 0.995180 -0.090180 14.369300 -0.396800 0.098062 0.912652 0.127800 0.000000 0.000000 0.000000 1.000000
0.921566 -0.019955 0.387709 -0.000000 0.073452 0.989603 -0.123658 14.369300 -0.381211 0.142437 0.913450 0.127800 0.000000 0.000000 0.000000 1.000000
0.932665 -0.030711 0.359434 0.000000 0.098687 0.980082 -0.172335 14.369300 -0.346982 0.196202 0.917120 0.127800 0.000000 0.000000 0.000000 1.000000
0.948233 -0.031561 0.316004 0.000000 0.110624 0.965555 -0.235514 14.369300 -0.297686 0.258280 0.919062 0.127800 0.000000 0.000000 0.000000 1.000000
0.963907 -0.023216 0.265224 0.000000 0.109293 0.942887 -0.314672 14.369300 -0.242771 0.332302 0.911393 0.127800 0.000000 0.000000 0.000000 1.000000
0.978315 -0.011900 0.206779 0.000000 0.097032 0.908348 -0.406804 14.369300 -0.182986 0.418047 0.889805 0.127800 0.000000 0.000000 0.000000 1.000000
0.990102 -0.007868 0.140128 0.000000 0.077112 0.864723 -0.496294 14.369300 -0.117267 0.502188 0.856771 0.127800 0.000000 0.000000 0.000000 1.000000
0.997523 -0.018481 0.067864 0.000000 0.053708 0.823141 -0.565291 14.369300 -0.045415 0.567536 0.822095 0.127800 0.000000 0.000000 0.000000 1.000000
0.999191 -0.040004 0.004145 0.000000 0.034496 0.799473 -0.599711 14.369300 0.020677 0.599369 0.800206 0.127800 0.000000 0.000000 0.000000 1.000000
0.996664 -0.071746 -0.038916 0.000000 0.032634 0.787307 -0.615697 14.369300 0.074812 0.612373 0.787021 0.127800 0.000000 0.000000 0.000000 1.000000
0.994048 -0.098723 -0.046076 -0.000000 0.050547 0.792574 -0.607678 14.369300 0.096510 0.601731 0.792846 0.127800 0.000000 0.000000 0.000000 1.000000
0.994914 -0.093613 -0.037174 -0.000000 0.053499 0.803840 -0.592435 14.369300 0.085341 0.587433 0.804760 0.127800 0.000000 0.000000 0.000000 1.000000
0.997472 -0.066355 -0.025435 -0.000000 0.039678 0.816970 -0.575313 14.369300 0.058954 0.572849 0.817538 0.127800 0.000000 0.000000 0.000000 1.000000</float_array>
        <technique_common>
          <accessor source="#mixamorig_Head-Matrix-animation-output-transform-array" count="16" stride="16">
            <param type="float4x4"/>
          </accessor>
        </technique_common>
      </source>
      <source id="mixamorig_Head-Interpolations">
        <Name_array id="mixamorig_Head-Interpolations-array" count="16">
 LINEAR LINEAR LINEAR LINEAR LINEAR LINEAR LINEAR LINEAR LINEAR LINEAR LINEAR
LINEAR LINEAR LINEAR LINEAR LINEAR</Name_array>
        <technique_common>
          <accessor source="#mixamorig_Head-Interpolations-array" count="16">
            <param type="name"/>
          </accessor>
        </technique_common>
      </source>
      <sampler id="mixamorig_Head-Matrix-animation-transform">
        <input semantic="INPUT" source="#mixamorig_Head-Matrix-animation-input"/>
        <input semantic="OUTPUT" source="#mixamorig_Head-Matrix-animation-output-transform"/>
        <input semantic="INTERPOLATION" source="#mixamorig_Head-Interpolations"/>
      </sampler>
      <channel source="#mixamorig_Head-Matrix-animation-transform" target="mixamorig_Head/matrix"/>
    </animation>
    <animation id="mixamorig_LeftShoulder-anim" name="mixamorig_LeftShoulder">
      <source id="mixamorig_LeftShoulder-Matrix-animation-input">
        <float_array id="mixamorig_LeftShoulder-Matrix-animation-input-array" count="16">

0.000000 0.033333 0.066667 0.100000 0.133333 0.166667 0.200000 0.233333 0.266667 0.300000 0.333333 0.366667 0.400000 0.433333 0.466667 0.500000</float_array>
        <technique_common>
          <accessor source="#mixamorig_LeftShoulder-Matrix-animation-input-array" count="16">
            <param name="TIME" type="float"/>
          </accessor>
        </technique_common>
      </source>
      <source id="mixamorig_LeftShoulder-Matrix-animation-output-transform">
        <float_array id="mixamorig_LeftShoulder-Matrix-animation-output-transform-array" count="256">

-0.085483 0.978667 -0.186828 9.358700 -0.053334 -0.191740 -0.979996 25.286100 -0.994911 -0.073809 0.068587 -1.885500 0.000000 0.000000 0.000000 1.000000
-0.082305 0.979161 -0.185659 9.358700 -0.053991 -0.190399 -0.980221 25.286100 -0.995144 -0.070653 0.068537 -1.885500 0.000000 0.000000 0.000000 1.000000
-0.071493 0.980825 -0.181303 9.358700 -0.056230 -0.185442 -0.981045 25.286100 -0.995855 -0.059943 0.068409 -1.885500 0.000000 0.000000 0.000000 1.000000
-0.059162 0.982553 -0.176320 9.358700 -0.058777 -0.179752 -0.981954 25.286100 -0.996517 -0.047731 0.068386 -1.885500 0.000000 0.000000 0.000000 1.000000
-0.045557 0.984237 -0.170884 9.358700 -0.061499 -0.173500 -0.982912 25.286100 -0.997067 -0.034269 0.068434 -1.885500 0.000000 0.000000 0.000000 1.000000
-0.025689 0.986255 -0.163218 9.358700 -0.065050 -0.164575 -0.984217 25.286100 -0.997551 -0.014667 0.068384 -1.885500 0.000000 0.000000 0.000000 1.000000
0.005299 0.988014 -0.154274 9.358700 -0.069200 -0.153544 -0.985716 25.286100 -0.997589 0.015899 0.067557 -1.885500 0.000000 0.000000 0.000000 1.000000
0.046971 0.988414 -0.144332 9.358700 -0.073438 -0.140684 -0.987327 25.286100 -0.996193 0.056975 0.065979 -1.885500 0.000000 0.000000 0.000000 1.000000
0.087264 0.987092 -0.134294 9.358700 -0.076854 -0.127736 -0.988826 25.286100 -0.993216 0.096610 0.064716 -1.885500 0.000000 0.000000 0.000000 1.000000
0.126102 0.984180 -0.124451 9.358700 -0.079458 -0.115029 -0.990179 25.286100 -0.988830 0.134752 0.063696 -1.885500 0.000000 0.000000 0.000000 1.000000
0.176705 0.977456 -0.115565 9.358700 -0.081297 -0.102517 -0.991404 25.286100 -0.980901 0.184581 0.061349 -1.885500 0.000000 0.000000 0.000000 1.000000
0.191257 0.975699 -0.106920 9.358700 -0.082511 -0.092563 -0.992282 25.286100 -0.978066 0.198603 0.062803 -1.885500 0.000000 0.000000 0.000000 1.000000
0.167882 0.980466 -0.102476 9.358700 -0.084046 -0.089337 -0.992449 25.286100 -0.982218 0.175227 0.067406 -1.885500 0.000000 0.000000 0.000000 1.000000
0.153237 0.981866 -0.111614 9.358700 -0.084971 -0.099438 -0.991409 25.286100 -0.984530 0.161404 0.068192 -1.885500 0.000000 0.000000 0.000000 1.000000
0.140322 0.982415 -0.123167 9.358700 -0.084705 -0.112030 -0.990088 25.286100 -0.986476 0.149364 0.067496 -1.885500 0.000000 0.000000 0.000000 1.000000
0.144622 0.981889 -0.122384 9.358700 -0.082043 -0.111359 -0.990388 25.286100 -0.986080 0.153273 0.064453 -1.885500 0.000000 0.000000 0.000000 1.000000</float_array>
        <technique_common>
          <accessor source="#mixamorig_LeftShoulder-Matrix-animation-output-transform-array" count="16" stride="16">
            <param type="float4x4"/>
          </accessor>
        </technique_common>
      </source>
      <source id="mixamorig_LeftShoulder-Interpolations">
        <Name_array id="mixamorig_LeftShoulder-Interpolations-array" count="16">
 LINEAR LINEAR LINEAR LINEAR LINEAR LINEAR LINEAR LINEAR LINEAR LINEAR LINEAR
LINEAR LINEAR LINEAR LINEAR LINEAR</Name_array>
        <technique_common>
          <accessor source="#mixamorig_LeftShoulder-Interpolations-array" count="16">
            <param type="name"/>
          </accessor>
        </technique_common>
      </source>
      <sampler id="mixamorig_LeftShoulder-Matrix-animation-transform">
        <input semantic="INPUT" source="#mixamorig_LeftShoulder-Matrix-animation-input"/>
        <input semantic="OUTPUT" source="#mixamorig_LeftShoulder-Matrix-animation-output-transform"/>
        <input semantic="INTERPOLATION" source="#mixamorig_LeftShoulder-Interpolations"/>
      </sampler>
      <channel source="#mixamorig_LeftShoulder-Matrix-animation-transform" target="mixamorig_LeftShoulder/matrix"/>
    </animation>
    <animation id="mixamorig_LeftArm-anim" name="mixamorig_LeftArm">
      <source id="mixamorig_LeftArm-Matrix-animation-input">
        <float_array id="mixamorig_LeftArm-Matrix-animation-input-array" count="16">

0.000000 0.033333 0.066667 0.100000 0.133333 0.166667 0.200000 0.233333 0.266667 0.300000 0.333333 0.366667 0.400000 0.433333 0.466667 0.500000</float_array>
        <technique_common>
          <accessor source="#mixamorig_LeftArm-Matrix-animation-input-array" count="16">
            <param name="TIME" type="float"/>
          </accessor>
        </technique_common>
      </source>
      <source id="mixamorig_LeftArm-Matrix-animation-output-transform">
        <float_array id="mixamorig_LeftArm-Matrix-animation-output-transform-array" count="256">

0.902951 -0.353088 -0.244966 -0.000000 0.147630 0.790198 -0.594804 14.052700 0.403590 0.500914 0.765637 0.000000 0.000000 0.000000 0.000000 1.000000
0.919060 -0.325744 -0.221854 0.000000 0.159156 0.821729 -0.547203 14.052700 0.360552 0.467603 0.807062 0.000000 0.000000 0.000000 0.000000 1.000000
0.926172 -0.324137 -0.192717 0.000000 0.197896 0.852799 -0.483292 14.052700 0.321001 0.409474 0.853984 -0.000000 0.000000 0.000000 0.000000 1.000000
0.928327 -0.333390 -0.164500 0.000000 0.242504 0.878429 -0.411769 14.052700 0.281782 0.342365 0.896318 0.000000 0.000000 0.000000 0.000000 1.000000
0.924254 -0.356048 -0.137785 -0.000000 0.293768 0.893758 -0.338966 14.052700 0.243834 0.272814 0.930654 -0.000000 0.000000 0.000000 0.000000 1.000000
0.900966 -0.420017 -0.108840 0.000000 0.377048 0.882026 -0.282603 14.052700 0.214697 0.213578 0.953042 0.000000 0.000000 0.000000 0.000000 1.000000
0.841446 -0.534314 -0.080478 0.000000 0.499052 0.825583 -0.263364 14.052700 0.207160 0.181443 0.961334 0.000000 0.000000 0.000000 0.000000 1.000000
0.766405 -0.638158 -0.073333 -0.000000 0.599839 0.751840 -0.273735 14.052700 0.229821 0.165804 0.959005 -0.000000 0.000000 0.000000 0.000000 1.000000
0.677586 -0.732399 -0.066848 -0.000000 0.677346 0.656885 -0.331217 14.052700 0.286494 0.179148 0.941184 0.000000 0.000000 0.000000 0.000000 1.000000
0.564036 -0.824951 -0.036321 -0.000000 0.744354 0.526989 -0.410146 14.052700 0.357491 0.204301 0.911296 -0.000000 0.000000 0.000000 0.000000 1.000000
0.457531 -0.889142 0.009616 0.000000 0.780480 0.396388 -0.483453 14.052700 0.426046 0.228700 0.875318 0.000000 0.000000 0.000000 0.000000 1.000000
0.375337 -0.922028 0.094798 0.000000 0.807704 0.275188 -0.521427 14.052700 0.454683 0.272279 0.848014 -0.000000 0.000000 0.000000 0.000000 1.000000
0.276264 -0.945445 0.172659 0.000000 0.852332 0.158008 -0.498562 14.052700 0.444082 0.284898 0.849485 0.000000 0.000000 0.000000 0.000000 1.000000
0.264641 -0.943772 0.198142 0.000000 0.879570 0.151986 -0.450841 14.052700 0.395376 0.293591 0.870335 0.000000 0.000000 0.000000 0.000000 1.000000
0.322282 -0.929711 0.178247 0.000000 0.869285 0.216100 -0.444572 14.052700 0.374804 0.298225 0.877829 0.000000 0.000000 0.000000 0.000000 1.000000
0.359614 -0.922571 0.139785 -0.000000 0.854260 0.265246 -0.447084 14.052700 0.375389 0.280190 0.883502 -0.000000 0.000000 0.000000 0.000000 1.000000</float_array>
        <technique_common>
          <accessor source="#mixamorig_LeftArm-Matrix-animation-output-transform-array" count="16" stride="16">
            <param type="float4x4"/>
          </accessor>
        </technique_common>
      </source>
      <source id="mixamorig_LeftArm-Interpolations">
        <Name_array id="mixamorig_LeftArm-Interpolations-array" count="16">
 LINEAR LINEAR LINEAR LINEAR LINEAR LINEAR LINEAR LINEAR LINEAR LINEAR LINEAR
LINEAR LINEAR LINEAR LINEAR LINEAR</Name_array>
        <technique_common>
          <accessor source="#mixamorig_LeftArm-Interpolations-array" count="16">
            <param type="name"/>
          </accessor>
        </technique_common>
      </source>
      <sampler id="mixamorig_LeftArm-Matrix-animation-transform">
        <input semantic="INPUT" source="#mixamorig_LeftArm-Matrix-animation-input"/>
        <input semantic="OUTPUT" source="#mixamorig_LeftArm-Matrix-animation-output-transform"/>
        <input semantic="INTERPOLATION" source="#mixamorig_LeftArm-Interpolations"/>
      </sampler>
      <channel source="#mixamorig_LeftArm-Matrix-animation-transform" target="mixamorig_LeftArm/matrix"/>
    </animation>
    <animation id="mixamorig_LeftForeArm-anim" name="mixamorig_LeftForeArm">
      <source id="mixamorig_LeftForeArm-Matrix-animation-input">
        <float_array id="mixamorig_LeftForeArm-Matrix-animation-input-array" count="16">

0.000000 0.033333 0.066667 0.100000 0.133333 0.166667 0.200000 0.233333 0.266667 0.300000 0.333333 0.366667 0.400000 0.433333 0.466667 0.500000</float_array>
        <technique_common>
          <accessor source="#mixamorig_LeftForeArm-Matrix-animation-input-array" count="16">
            <param name="TIME" type="float"/>
          </accessor>
        </technique_common>
      </source>
      <source id="mixamorig_LeftForeArm-Matrix-animation-output-transform">
        <float_array id="mixamorig_LeftForeArm-Matrix-animation-output-transform-array" count="256">

0.729332 -0.684159 0.000938 0.000000 0.684159 0.729333 -0.000141 33.616699 -0.000588 0.000745 1.000000 0.000000 0.000000 0.000000 0.000000 1.000000
0.669841 -0.742504 -0.000031 0.000000 0.742470 0.669810 0.009604 33.616699 -0.007110 -0.006456 0.999954 0.000000 0.000000 0.000000 0.000000 1.000000
0.495728 -0.868454 -0.006507 0.000000 0.867836 0.495059 0.042164 33.616699 -0.033396 -0.026549 0.999090 0.000000 0.000000 0.000000 0.000000 1.000000
0.276007 -0.960700 -0.029596 0.000000 0.959055 0.273239 0.074519 33.616699 -0.063504 -0.048952 0.996780 0.000000 0.000000 0.000000 0.000000 1.000000
0.056306 -0.996260 -0.065538 -0.000000 0.993800 0.049622 0.099499 33.616699 -0.095875 -0.070734 0.992877 0.000000 0.000000 0.000000 0.000000 1.000000
-0.077457 -0.991927 -0.100407 0.000000 0.987231 -0.090370 0.131183 33.616699 -0.139198 -0.088964 0.986260 0.000000 0.000000 0.000000 0.000000 1.000000
-0.032420 -0.994316 -0.101417 0.000000 0.979800 -0.051652 0.193195 33.616699 -0.197335 -0.093105 0.975905 0.000000 0.000000 0.000000 0.000000 1.000000
0.062055 -0.996650 -0.053271 -0.000000 0.965362 0.046383 0.256759 33.616699 -0.253428 -0.067358 0.965006 0.000000 0.000000 0.000000 0.000000 1.000000
0.212820 -0.975634 0.053340 0.000000 0.925524 0.218788 0.309090 33.616699 -0.313229 -0.016413 0.949536 0.000000 0.000000 0.000000 0.000000 1.000000
0.440443 -0.870495 0.219655 0.000000 0.808677 0.490938 0.324070 33.616699 -0.389938 0.034896 0.920180 0.000000 0.000000 0.000000 0.000000 1.000000
0.624289 -0.670523 0.400826 -0.000000 0.613127 0.738516 0.280480 33.616699 -0.484085 0.070656 0.872164 -0.000000 0.000000 0.000000 0.000000 1.000000
0.706541 -0.497877 0.502910 -0.000000 0.442808 0.865377 0.234613 33.616699 -0.552015 0.056929 0.831888 -0.000000 0.000000 0.000000 0.000000 1.000000
0.720534 -0.354417 0.596003 -0.000000 0.311362 0.933356 0.178607 33.616699 -0.619584 0.056880 0.782866 0.000000 0.000000 0.000000 0.000000 1.000000
0.662307 -0.365884 0.653819 0.000000 0.301358 0.929041 0.214630 33.616699 -0.685954 0.054882 0.725572 0.000000 0.000000 0.000000 0.000000 1.000000
0.539630 -0.480117 0.691583 0.000000 0.343812 0.875507 0.339532 33.616699 -0.768501 0.054553 0.637519 -0.000000 0.000000 0.000000 0.000000 1.000000
0.488887 -0.565742 0.664022 0.000000 0.387703 0.822794 0.415568 33.616699 -0.781458 0.054277 0.621593 0.000000 0.000000 0.000000 0.000000 1.000000</float_array>
        <technique_common>
          <accessor source="#mixamorig_LeftForeArm-Matrix-animation-output-transform-array" count="16" stride="16">
            <param type="float4x4"/>
          </accessor>
        </technique_common>
      </source>
      <source id="mixamorig_LeftForeArm-Interpolations">
        <Name_array id="mixamorig_LeftForeArm-Interpolations-array" count="16">
 LINEAR LINEAR LINEAR LINEAR LINEAR LINEAR LINEAR LINEAR LINEAR LINEAR LINEAR
LINEAR LINEAR LINEAR LINEAR LINEAR</Name_array>
        <technique_common>
          <accessor source="#mixamorig_LeftForeArm-Interpolations-array" count="16">
            <param type="name"/>
          </accessor>
        </technique_common>
      </source>
      <sampler id="mixamorig_LeftForeArm-Matrix-animation-transform">
        <input semantic="INPUT" source="#mixamorig_LeftForeArm-Matrix-animation-input"/>
        <input semantic="OUTPUT" source="#mixamorig_LeftForeArm-Matrix-animation-output-transform"/>
        <input semantic="INTERPOLATION" source="#mixamorig_LeftForeArm-Interpolations"/>
      </sampler>
      <channel source="#mixamorig_LeftForeArm-Matrix-animation-transform" target="mixamorig_LeftForeArm/matrix"/>
    </animation>
    <animation id="mixamorig_LeftHand-anim" name="mixamorig_LeftHand">
      <source id="mixamorig_LeftHand-Matrix-animation-input">
        <float_array id="mixamorig_LeftHand-Matrix-animation-input-array" count="16">

0.000000 0.033333 0.066667 0.100000 0.133333 0.166667 0.200000 0.233333 0.266667 0.300000 0.333333 0.366667 0.400000 0.433333 0.466667 0.500000</float_array>
        <technique_common>
