<?xml version="1.0" encoding="utf-8"?>
<COLLADA xmlns="http://www.collada.org/2005/11/COLLADASchema" version="1.4.1">
  <asset>
    <contributor>
      <author>Mixamo</author>
      <authoring_tool>COLLADA Mixamo exporter</authoring_tool>
      <comments/>
    </contributor>
    <created>2025-11-14T05:17:41Z</created>
    <modified>2025-11-14T05:17:41Z</modified>
    <revision/>
    <title/>
    <unit meter="0.010000"/>
    <up_axis>Y_UP</up_axis>
  </asset>
  <library_animations>
    <animation id="mixamorig_Hips-anim" name="mixamorig_Hips">
      <source id="mixamorig_Hips-Matrix-animation-input">
        <float_array id="mixamorig_Hips-Matrix-animation-input-array" count="20">

0.000000 0.033333 0.066667 0.100000 0.133333 0.166667 0.200000 0.233333 0.266667 0.300000 0.333333 0.366667 0.400000 0.433333 0.466667 0.500000
0.533333 0.566667 0.600000 0.633333</float_array>
        <technique_common>
          <accessor source="#mixamorig_Hips-Matrix-animation-input-array" count="20">
            <param name="TIME" type="float"/>
          </accessor>
        </technique_common>
      </source>
      <source id="mixamorig_Hips-Matrix-animation-output-transform">
        <float_array id="mixamorig_Hips-Matrix-animation-output-transform-array" count="320">

0.952169 -0.013948 -0.305252 -0.024142 0.024505 0.999226 0.030781 105.391281 0.304586 -0.036789 0.951774 -0.502700 0.000000 0.000000 0.000000 1.000000
0.945581 0.008339 -0.325281 0.099106 0.003410 0.999363 0.035533 107.104012 0.325370 -0.034709 0.944949 -11.010720 0.000000 0.000000 0.000000 1.000000
0.942402 0.030974 -0.333044 0.479603 -0.012677 0.998295 0.056971 109.611298 0.334241 -0.049468 0.941189 -21.122150 0.000000 0.000000 0.000000 1.000000
0.944053 0.035435 -0.327885 0.816231 -0.024728 0.999018 0.036769 112.239868 0.328866 -0.026604 0.944002 -31.687033 0.000000 0.000000 0.000000 1.000000
0.947850 0.031989 -0.317106 1.106457 -0.032723 0.999460 0.003012 113.277954 0.317031 0.007521 0.948385 -43.552280 0.000000 0.000000 0.000000 1.000000
0.944945 0.045477 -0.324052 1.645010 -0.048313 0.998832 -0.000706 113.257286 0.323642 0.016323 0.946039 -56.583061 0.000000 0.000000 0.000000 1.000000
0.937744 0.058795 -0.342315 2.173369 -0.053920 0.998263 0.023749 112.509537 0.343117 -0.003813 0.939285 -70.400978 0.000000 0.000000 0.000000 1.000000
0.931831 0.058737 -0.358108 2.486113 -0.048908 0.998138 0.036452 111.004303 0.359582 -0.016453 0.932968 -84.509087 0.000000 0.000000 0.000000 1.000000
0.928294 0.044856 -0.369132 2.562047 -0.036374 0.998891 0.029910 109.027222 0.370064 -0.014339 0.928895 -98.143631 0.000000 0.000000 0.000000 1.000000
0.925154 0.027688 -0.378581 2.725623 -0.022454 0.999582 0.018233 107.068741 0.378928 -0.008367 0.925389 -111.729790 0.000000 0.000000 0.000000 1.000000
0.921788 0.019103 -0.387224 3.014136 -0.011286 0.999684 0.022452 105.187332 0.387531 -0.016326 0.921712 -122.326569 0.000000 0.000000 0.000000 1.000000
0.918169 0.022534 -0.395547 3.458999 -0.005514 0.999011 0.044114 104.647232 0.396150 -0.038323 0.917386 -132.192780 0.000000 0.000000 0.000000 1.000000
0.914958 0.028893 -0.402514 3.416136 -0.000317 0.997485 0.070882 105.761444 0.403550 -0.064727 0.912665 -142.071426 0.000000 0.000000 0.000000 1.000000
0.912043 0.034199 -0.408667 3.230485 0.005431 0.995422 0.095421 107.179665 0.410059 -0.089247 0.907682 -152.125580 0.000000 0.000000 0.000000 1.000000
0.910426 0.029841 -0.412595 2.818624 0.014603 0.994455 0.104148 108.463654 0.413414 -0.100845 0.904941 -163.044952 0.000000 0.000000 0.000000 1.000000
0.912777 0.007835 -0.408383 2.070304 0.025576 0.996758 0.076290 109.004227 0.407657 -0.080080 0.909617 -174.547516 0.000000 0.000000 0.000000 1.000000
0.926160 -0.021687 -0.376508 1.164149 0.038708 0.998539 0.037701 108.349876 0.375140 -0.049491 0.925646 -187.174072 0.000000 0.000000 0.000000 1.000000
0.939673 -0.034941 -0.340284 0.524632 0.049231 0.998227 0.033450 107.174271 0.338512 -0.048185 0.939728 -201.209885 0.000000 0.000000 0.000000 1.000000
0.948341 -0.031694 -0.315666 0.134110 0.044615 0.998433 0.033787 105.687355 0.314101 -0.046125 0.948269 -214.720642 0.000000 0.000000 0.000000 1.000000
0.952170 -0.013948 -0.305252 -0.024143 0.024505 0.999226 0.030781 105.391281 0.304586 -0.036789 0.951774 -226.808380 0.000000 0.000000 0.000000 1.000000</float_array>
        <technique_common>
          <accessor source="#mixamorig_Hips-Matrix-animation-output-transform-array" count="20" stride="16">
            <param type="float4x4"/>
          </accessor>
        </technique_common>
      </source>
      <source id="mixamorig_Hips-Interpolations">
        <Name_array id="mixamorig_Hips-Interpolations-array" count="20">
 LINEAR LINEAR LINEAR LINEAR LINEAR LINEAR LINEAR LINEAR LINEAR LINEAR LINEAR
LINEAR LINEAR LINEAR LINEAR LINEAR LINEAR LINEAR LINEAR LINEAR</Name_array>
        <technique_common>
          <accessor source="#mixamorig_Hips-Interpolations-array" count="20">
            <param type="name"/>
          </accessor>
        </technique_common>
      </source>
      <sampler id="mixamorig_Hips-Matrix-animation-transform">
        <input semantic="INPUT" source="#mixamorig_Hips-Matrix-animation-input"/>
        <input semantic="OUTPUT" source="#mixamorig_Hips-Matrix-animation-output-transform"/>
        <input semantic="INTERPOLATION" source="#mixamorig_Hips-Interpolations"/>
      </sampler>
      <channel source="#mixamorig_Hips-Matrix-animation-transform" target="mixamorig_Hips/matrix"/>
    </animation>
    <animation id="mixamorig_Spine-anim" name="mixamorig_Spine">
      <source id="mixamorig_Spine-Matrix-animation-input">
        <float_array id="mixamorig_Spine-Matrix-animation-input-array" count="20">

0.000000 0.033333 0.066667 0.100000 0.133333 0.166667 0.200000 0.233333 0.266667 0.300000 0.333333 0.366667 0.400000 0.433333 0.466667 0.500000
0.533333 0.566667 0.600000 0.633333</float_array>
        <technique_common>
          <accessor source="#mixamorig_Spine-Matrix-animation-input-array" count="20">
            <param name="TIME" type="float"/>
          </accessor>
        </technique_common>
      </source>
      <source id="mixamorig_Spine-Matrix-animation-output-transform">
        <float_array id="mixamorig_Spine-Matrix-animation-output-transform-array" count="320">

0.993533 0.088772 -0.070798 0.000000 -0.106687 0.943263 -0.314440 8.536500 0.038867 0.319960 0.946634 0.187100 0.000000 0.000000 0.000000 1.000000
0.992657 0.085062 -0.086008 0.000000 -0.107299 0.947458 -0.301346 8.536500 0.055856 0.308362 0.949628 0.187100 0.000000 0.000000 0.000000 1.000000
0.992486 0.071890 -0.099016 0.000000 -0.097185 0.954802 -0.280905 8.536500 0.074347 0.288417 0.954614 0.187100 0.000000 0.000000 0.000000 1.000000
0.992313 0.057298 -0.109691 0.000000 -0.083712 0.963587 -0.253954 8.536500 0.091145 0.261184 0.960976 0.187100 0.000000 0.000000 0.000000 1.000000
0.992117 0.046407 -0.116402 0.000000 -0.072424 0.970396 -0.230407 8.536500 0.102263 0.237021 0.966107 0.187100 0.000000 0.000000 0.000000 1.000000
0.992839 0.033318 -0.114719 -0.000000 -0.057831 0.974341 -0.217518 8.536500 0.104528 0.222595 0.969291 0.187100 0.000000 0.000000 0.000000 1.000000
0.993836 0.022805 -0.108487 0.000000 -0.045902 0.975434 -0.215458 8.536500 0.100908 0.219110 0.970468 0.187100 0.000000 0.000000 0.000000 1.000000
0.994456 0.028276 -0.101284 0.000000 -0.051362 0.971072 -0.233199 8.536500 0.091761 0.237108 0.967140 0.187100 0.000000 0.000000 0.000000 1.000000
0.994023 0.055945 -0.093746 -0.000000 -0.080242 0.956660 -0.279932 8.536500 0.074022 0.285782 0.955432 0.187100 0.000000 0.000000 0.000000 1.000000
0.993792 0.073245 -0.083742 0.000000 -0.093985 0.955501 -0.279615 8.536500 0.059535 0.285750 0.956453 0.187100 0.000000 0.000000 0.000000 1.000000
0.993592 0.088728 -0.070014 0.000000 -0.103183 0.964900 -0.241500 8.536500 0.046129 0.247177 0.967872 0.187100 0.000000 0.000000 0.000000 1.000000
0.995388 0.080917 -0.051523 -0.000000 -0.091260 0.964277 -0.248679 8.536500 0.029560 0.252234 0.967215 0.187100 0.000000 0.000000 0.000000 1.000000
0.998559 0.043149 -0.031909 0.000000 -0.050284 0.960009 -0.275417 8.536500 0.018749 0.276625 0.960795 0.187100 0.000000 0.000000 0.000000 1.000000
0.999939 0.002238 -0.010800 -0.000000 -0.005309 0.955972 -0.293411 8.536500 0.009667 0.293451 0.955925 0.187100 0.000000 0.000000 0.000000 1.000000
0.999541 -0.029979 0.004286 0.000000 0.030084 0.966744 -0.253970 8.536500 0.003470 0.253983 0.967203 0.187100 0.000000 0.000000 0.000000 1.000000
0.999648 -0.026258 0.003909 0.000000 0.026495 0.977463 -0.209438 8.536500 0.001678 0.209468 0.977814 0.187100 0.000000 0.000000 0.000000 1.000000
0.999892 0.010894 -0.009825 0.000000 -0.012601 0.980719 -0.195015 8.536500 0.007511 0.195118 0.980751 0.187100 0.000000 0.000000 0.000000 1.000000
0.998063 0.053967 -0.030948 0.000000 -0.059667 0.971206 -0.230648 8.536500 0.017610 0.232047 0.972545 0.187100 0.000000 0.000000 0.000000 1.000000
0.995301 0.081540 -0.052227 0.000000 -0.093363 0.951175 -0.294193 8.536500 0.025689 0.297686 0.954318 0.187100 0.000000 0.000000 0.000000 1.000000
0.993533 0.088772 -0.070798 -0.000000 -0.106687 0.943263 -0.314439 8.536500 0.038868 0.319959 0.946634 0.187100 0.000000 0.000000 0.000000 1.000000</float_array>
        <technique_common>
          <accessor source="#mixamorig_Spine-Matrix-animation-output-transform-array" count="20" stride="16">
            <param type="float4x4"/>
          </accessor>
        </technique_common>
      </source>
      <source id="mixamorig_Spine-Interpolations">
        <Name_array id="mixamorig_Spine-Interpolations-array" count="20">
 LINEAR LINEAR LINEAR LINEAR LINEAR LINEAR LINEAR LINEAR LINEAR LINEAR LINEAR
LINEAR LINEAR LINEAR LINEAR LINEAR LINEAR LINEAR LINEAR LINEAR</Name_array>
        <technique_common>
          <accessor source="#mixamorig_Spine-Interpolations-array" count="20">
            <param type="name"/>
          </accessor>
        </technique_common>
      </source>
      <sampler id="mixamorig_Spine-Matrix-animation-transform">
        <input semantic="INPUT" source="#mixamorig_Spine-Matrix-animation-input"/>
        <input semantic="OUTPUT" source="#mixamorig_Spine-Matrix-animation-output-transform"/>
        <input semantic="INTERPOLATION" source="#mixamorig_Spine-Interpolations"/>
      </sampler>
      <channel source="#mixamorig_Spine-Matrix-animation-transform" target="mixamorig_Spine/matrix"/>
    </animation>
    <animation id="mixamorig_Spine1-anim" name="mixamorig_Spine1">
      <source id="mixamorig_Spine1-Matrix-animation-input">
        <float_array id="mixamorig_Spine1-Matrix-animation-input-array" count="20">

0.000000 0.033333 0.066667 0.100000 0.133333 0.166667 0.200000 0.233333 0.266667 0.300000 0.333333 0.366667 0.400000 0.433333 0.466667 0.500000
0.533333 0.566667 0.600000 0.633333</float_array>
        <technique_common>
          <accessor source="#mixamorig_Spine1-Matrix-animation-input-array" count="20">
            <param name="TIME" type="float"/>
          </accessor>
        </technique_common>
      </source>
      <source id="mixamorig_Spine1-Matrix-animation-output-transform">
        <float_array id="mixamorig_Spine1-Matrix-animation-output-transform-array" count="320">

0.998580 -0.013440 -0.051551 0.000000 0.015125 0.999359 0.032437 9.685800 0.051082 -0.033171 0.998143 0.000000 0.000000 0.000000 0.000000 1.000000
0.997334 -0.023300 -0.069150 -0.000000 0.024918 0.999433 0.022636 9.685800 0.068583 -0.024298 0.997349 0.000000 0.000000 0.000000 0.000000 1.000000
0.995651 -0.033668 -0.086863 0.000000 0.034517 0.999370 0.008280 9.685800 0.086529 -0.011242 0.996186 0.000000 0.000000 0.000000 0.000000 1.000000
0.993893 -0.041178 -0.102375 0.000000 0.041600 0.999132 0.001993 9.685800 0.102204 -0.006240 0.994744 0.000000 0.000000 0.000000 0.000000 1.000000
0.992723 -0.046434 -0.111110 -0.000000 0.045693 0.998913 -0.009208 9.685800 0.111417 0.004064 0.993765 0.000000 0.000000 0.000000 0.000000 1.000000
0.992631 -0.049598 -0.110562 0.000000 0.045945 0.998318 -0.035349 9.685800 0.112130 0.030009 0.993240 0.000000 0.000000 0.000000 0.000000 1.000000
0.993458 -0.042096 -0.106153 0.000000 0.034949 0.997051 -0.068317 9.685800 0.108716 0.064160 0.992000 0.000000 0.000000 0.000000 0.000000 1.000000
0.994563 -0.031724 -0.099186 0.000000 0.024293 0.996869 -0.075249 9.685800 0.101263 0.072430 0.992220 0.000000 0.000000 0.000000 0.000000 1.000000
0.995710 -0.027289 -0.088417 0.000000 0.023781 0.998897 -0.040487 9.685800 0.089424 0.038211 0.995260 0.000000 0.000000 0.000000 0.000000 1.000000
0.996745 -0.032074 -0.073970 0.000000 0.032535 0.999458 0.005030 9.685800 0.073769 -0.007421 0.997248 0.000000 0.000000 0.000000 0.000000 1.000000
0.997804 -0.040156 -0.052675 0.000000 0.040311 0.999185 0.001901 9.685800 0.052556 -0.004020 0.998610 0.000000 0.000000 0.000000 0.000000 1.000000
0.999005 -0.030609 -0.032430 0.000000 0.030795 0.999512 0.005268 9.685800 0.032253 -0.006261 0.999460 0.000000 0.000000 0.000000 0.000000 1.000000
0.999754 -0.012300 -0.018457 0.000000 0.012786 0.999569 0.026416 9.685800 0.018124 -0.026646 0.999481 0.000000 0.000000 0.000000 0.000000 1.000000
0.999964 0.005882 -0.006087 -0.000000 -0.005612 0.999046 0.043319 9.685800 0.006336 -0.043283 0.999043 0.000000 0.000000 0.000000 0.000000 1.000000
0.999848 0.017408 0.000327 0.000000 -0.017410 0.999582 0.023071 9.685800 0.000074 -0.023073 0.999734 0.000000 0.000000 0.000000 0.000000 1.000000
0.999733 0.023086 -0.000263 -0.000000 -0.023085 0.999721 0.005087 9.685800 0.000380 -0.005080 0.999987 0.000000 0.000000 0.000000 0.000000 1.000000
0.999783 0.018963 -0.008572 -0.000000 -0.018951 0.999819 0.001487 9.685800 0.008598 -0.001324 0.999962 -0.000000 0.000000 0.000000 0.000000 1.000000
0.999756 0.007773 -0.020661 -0.000000 -0.007611 0.999940 0.007896 9.685800 0.020721 -0.007737 0.999755 -0.000000 0.000000 0.000000 0.000000 1.000000
0.999368 -0.004410 -0.035281 -0.000000 0.005468 0.999536 0.029949 9.685800 0.035132 -0.030123 0.998929 -0.000000 0.000000 0.000000 0.000000 1.000000
0.998580 -0.013440 -0.051551 0.000000 0.015125 0.999359 0.032437 9.685800 0.051082 -0.033171 0.998143 -0.000000 0.000000 0.000000 0.000000 1.000000</float_array>
        <technique_common>
          <accessor source="#mixamorig_Spine1-Matrix-animation-output-transform-array" count="20" stride="16">
            <param type="float4x4"/>
          </accessor>
        </technique_common>
      </source>
      <source id="mixamorig_Spine1-Interpolations">
        <Name_array id="mixamorig_Spine1-Interpolations-array" count="20">
 LINEAR LINEAR LINEAR LINEAR LINEAR LINEAR LINEAR LINEAR LINEAR LINEAR LINEAR
LINEAR LINEAR LINEAR LINEAR LINEAR LINEAR LINEAR LINEAR LINEAR</Name_array>
        <technique_common>
          <accessor source="#mixamorig_Spine1-Interpolations-array" count="20">
            <param type="name"/>
          </accessor>
        </technique_common>
      </source>
      <sampler id="mixamorig_Spine1-Matrix-animation-transform">
        <input semantic="INPUT" source="#mixamorig_Spine1-Matrix-animation-input"/>
        <input semantic="OUTPUT" source="#mixamorig_Spine1-Matrix-animation-output-transform"/>
        <input semantic="INTERPOLATION" source="#mixamorig_Spine1-Interpolations"/>
      </sampler>
      <channel source="#mixamorig_Spine1-Matrix-animation-transform" target="mixamorig_Spine1/matrix"/>
    </animation>
    <animation id="mixamorig_Spine2-anim" name="mixamorig_Spine2">
      <source id="mixamorig_Spine2-Matrix-animation-input">
        <float_array id="mixamorig_Spine2-Matrix-animation-input-array" count="20">

0.000000 0.033333 0.066667 0.100000 0.133333 0.166667 0.200000 0.233333 0.266667 0.300000 0.333333 0.366667 0.400000 0.433333 0.466667 0.500000
0.533333 0.566667 0.600000 0.633333</float_array>
        <technique_common>
          <accessor source="#mixamorig_Spine2-Matrix-animation-input-array" count="20">
            <param name="TIME" type="float"/>
          </accessor>
        </technique_common>
      </source>
      <source id="mixamorig_Spine2-Matrix-animation-output-transform">
        <float_array id="mixamorig_Spine2-Matrix-animation-output-transform-array" count="320">

0.998629 -0.014587 -0.050269 0.000000 0.017037 0.998670 0.048656 15.875400 0.049492 -0.049445 0.997550 0.000000 0.000000 0.000000 0.000000 1.000000
0.997397 -0.026342 -0.067125 0.000000 0.029089 0.998765 0.040282 15.875400 0.065981 -0.042130 0.996931 0.000000 0.000000 0.000000 0.000000 1.000000
0.995759 -0.036768 -0.084337 -0.000000 0.039139 0.998879 0.026634 15.875400 0.083263 -0.029822 0.996081 -0.000000 0.000000 0.000000 0.000000 1.000000
0.993948 -0.044233 -0.100556 0.000000 0.046269 0.998767 0.018004 15.875400 0.099635 -0.022548 0.994769 0.000000 0.000000 0.000000 0.000000 1.000000
0.992735 -0.046701 -0.110891 -0.000000 0.047616 0.998850 0.005610 15.875400 0.110501 -0.010849 0.993817 0.000000 0.000000 0.000000 0.000000 1.000000
0.992733 -0.045360 -0.111463 0.000000 0.043154 0.998824 -0.022119 15.875400 0.112336 0.017148 0.993522 0.000000 0.000000 0.000000 0.000000 1.000000
0.993964 -0.035105 -0.103943 0.000000 0.029559 0.998081 -0.054419 15.875400 0.105653 0.051018 0.993093 -0.000000 0.000000 0.000000 0.000000 1.000000
0.995275 -0.024677 -0.093903 0.000000 0.018896 0.997900 -0.061959 15.875400 0.095235 0.059892 0.993652 0.000000 0.000000 0.000000 0.000000 1.000000
0.996115 -0.024036 -0.084715 0.000000 0.021690 0.999358 -0.028503 15.875400 0.085346 0.026555 0.995997 0.000000 0.000000 0.000000 0.000000 1.000000
0.996786 -0.033741 -0.072661 0.000000 0.034999 0.999258 0.016104 15.875400 0.072064 -0.018596 0.997227 0.000000 0.000000 0.000000 0.000000 1.000000
0.997706 -0.040800 -0.054024 0.000000 0.041546 0.999055 0.012754 15.875400 0.053452 -0.014970 0.998458 0.000000 0.000000 0.000000 0.000000 1.000000
0.998935 -0.031463 -0.033757 0.000000 0.032066 0.999333 0.017462 15.875400 0.033185 -0.018526 0.999278 -0.000000 0.000000 0.000000 0.000000 1.000000
0.999720 -0.013430 -0.019501 0.000000 0.014200 0.999101 0.039945 15.875400 0.018947 -0.040210 0.999012 -0.000000 0.000000 0.000000 0.000000 1.000000
0.999966 0.004639 -0.006811 0.000000 -0.004237 0.998310 0.057952 15.875400 0.007069 -0.057921 0.998296 0.000000 0.000000 0.000000 0.000000 1.000000
0.999853 0.017117 -0.000318 -0.000000 -0.017093 0.999142 0.037730 15.875400 0.000963 -0.037719 0.999288 0.000000 0.000000 0.000000 0.000000 1.000000
0.999734 0.023059 -0.000420 -0.000000 -0.023046 0.999541 0.019688 15.875400 0.000874 -0.019674 0.999806 -0.000000 0.000000 0.000000 0.000000 1.000000
0.999765 0.019937 -0.008554 0.000000 -0.019796 0.999673 0.016183 15.875400 0.008874 -0.016009 0.999832 -0.000000 0.000000 0.000000 0.000000 1.000000
0.999750 0.009349 -0.020333 0.000000 -0.008884 0.999699 0.022858 15.875400 0.020541 -0.022671 0.999532 -0.000000 0.000000 0.000000 0.000000 1.000000
0.999391 -0.003892 -0.034682 -0.000000 0.005470 0.998948 0.045533 15.875400 0.034469 -0.045695 0.998361 -0.000000 0.000000 0.000000 0.000000 1.000000
0.998629 -0.014587 -0.050269 0.000000 0.017037 0.998670 0.048656 15.875400 0.049492 -0.049445 0.997550 0.000000 0.000000 0.000000 0.000000 1.000000</float_array>
        <technique_common>
          <accessor source="#mixamorig_Spine2-Matrix-animation-output-transform-array" count="20" stride="16">
            <param type="float4x4"/>
          </accessor>
        </technique_common>
      </source>
      <source id="mixamorig_Spine2-Interpolations">
        <Name_array id="mixamorig_Spine2-Interpolations-array" count="20">
 LINEAR LINEAR LINEAR LINEAR LINEAR LINEAR LINEAR LINEAR LINEAR LINEAR LINEAR
LINEAR LINEAR LINEAR LINEAR LINEAR LINEAR LINEAR LINEAR LINEAR</Name_array>
        <technique_common>
          <accessor source="#mixamorig_Spine2-Interpolations-array" count="20">
            <param type="name"/>
          </accessor>
        </technique_common>
      </source>
      <sampler id="mixamorig_Spine2-Matrix-animation-transform">
        <input semantic="INPUT" source="#mixamorig_Spine2-Matrix-animation-input"/>
        <input semantic="OUTPUT" source="#mixamorig_Spine2-Matrix-animation-output-transform"/>
        <input semantic="INTERPOLATION" source="#mixamorig_Spine2-Interpolations"/>
      </sampler>
      <channel source="#mixamorig_Spine2-Matrix-animation-transform" target="mixamorig_Spine2/matrix"/>
    </animation>
    <animation id="mixamorig_Neck-anim" name="mixamorig_Neck">
      <source id="mixamorig_Neck-Matrix-animation-input">
        <float_array id="mixamorig_Neck-Matrix-animation-input-array" count="20">

0.000000 0.033333 0.066667 0.100000 0.133333 0.166667 0.200000 0.233333 0.266667 0.300000 0.333333 0.366667 0.400000 0.433333 0.466667 0.500000
0.533333 0.566667 0.600000 0.633333</float_array>
        <technique_common>
          <accessor source="#mixamorig_Neck-Matrix-animation-input-array" count="20">
            <param name="TIME" type="float"/>
          </accessor>
        </technique_common>
      </source>
      <source id="mixamorig_Neck-Matrix-animation-output-transform">
        <float_array id="mixamorig_Neck-Matrix-animation-output-transform-array" count="320">

0.962612 -0.043470 0.267374 0.000000 -0.013146 0.978381 0.206394 26.173401 -0.270565 -0.202192 0.941229 -0.161200 0.000000 0.000000 0.000000 1.000000
0.957657 -0.045519 0.284290 -0.000000 -0.007892 0.982902 0.183962 26.173401 -0.287802 -0.178416 0.940924 -0.161200 0.000000 0.000000 0.000000 1.000000
0.952306 -0.043175 0.302075 0.000000 -0.005071 0.987564 0.157138 26.173401 -0.305103 -0.151175 0.940244 -0.161200 0.000000 0.000000 0.000000 1.000000
0.946560 -0.038770 0.320190 0.000000 -0.007820 0.989698 0.142954 26.173401 -0.322434 -0.137818 0.936505 -0.161200 0.000000 0.000000 0.000000 1.000000
0.940710 -0.034444 0.337460 -0.000000 -0.019536 0.987679 0.155272 26.173401 -0.338650 -0.152658 0.928446 -0.161200 0.000000 0.000000 0.000000 1.000000
0.935481 -0.032130 0.351912 0.000000 -0.037709 0.981096 0.189814 26.173401 -0.351358 -0.190838 0.916585 -0.161200 0.000000 0.000000 0.000000 1.000000
0.932108 -0.033439 0.360633 0.000000 -0.041223 0.979463 0.197367 26.173401 -0.359826 -0.198834 0.911587 -0.161200 0.000000 0.000000 0.000000 1.000000
0.933777 -0.041621 0.355427 0.000000 -0.025297 0.983051 0.181576 26.173401 -0.356961 -0.178543 0.916898 -0.161200 0.000000 0.000000 0.000000 1.000000
0.941166 -0.073924 0.329760 0.000000 0.019407 0.985994 0.165646 26.173401 -0.337386 -0.149501 0.929419 -0.161200 0.000000 0.000000 0.000000 1.000000
0.947541 -0.104939 0.301916 -0.000000 0.062984 0.987350 0.145511 26.173401 -0.313366 -0.118862 0.942164 -0.161200 0.000000 0.000000 0.000000 1.000000
0.953201 -0.110228 0.281526 -0.000000 0.078436 0.989447 0.121833 26.173401 -0.291984 -0.094050 0.951788 -0.161200 0.000000 0.000000 0.000000 1.000000
0.958958 -0.102965 0.264193 0.000000 0.079182 0.991915 0.099168 26.173401 -0.272268 -0.074179 0.959358 -0.161200 0.000000 0.000000 0.000000 1.000000
0.963941 -0.077682 0.254527 -0.000000 0.059524 0.995152 0.078296 26.173401 -0.259375 -0.060322 0.963891 -0.161200 0.000000 0.000000 0.000000 1.000000
0.967663 -0.045702 0.248070 0.000000 0.031993 0.997744 0.059018 26.173401 -0.250208 -0.049173 0.966943 -0.161200 0.000000 0.000000 0.000000 1.000000
0.967386 0.002140 0.253297 0.000000 -0.013666 0.998949 0.043754 26.173401 -0.252937 -0.045789 0.966399 -0.161200 0.000000 0.000000 0.000000 1.000000
0.967697 0.017721 0.251494 0.000000 -0.032449 0.997984 0.054538 26.173401 -0.250020 -0.060937 0.966321 -0.161200 0.000000 0.000000 0.000000 1.000000
0.969574 0.007869 0.244673 -0.000000 -0.034347 0.993969 0.104140 26.173401 -0.242378 -0.109375 0.963997 -0.161200 0.000000 0.000000 0.000000 1.000000
0.969739 -0.012774 0.243810 -0.000000 -0.028265 0.986042 0.164083 26.173401 -0.242502 -0.166009 0.955842 -0.161200 0.000000 0.000000 0.000000 1.000000
0.966989 -0.033559 0.252599 0.000000 -0.019029 0.979012 0.202913 26.173401 -0.254107 -0.201021 0.946055 -0.161200 0.000000 0.000000 0.000000 1.000000
0.962611 -0.043461 0.267378 0.000000 -0.013151 0.978384 0.206376 26.173401 -0.270568 -0.202176 0.941232 -0.161200 0.000000 0.000000 0.000000 1.000000</float_array>
        <technique_common>
          <accessor source="#mixamorig_Neck-Matrix-animation-output-transform-array" count="20" stride="16">
            <param type="float4x4"/>
          </accessor>
        </technique_common>
      </source>
      <source id="mixamorig_Neck-Interpolations">
        <Name_array id="mixamorig_Neck-Interpolations-array" count="20">
 LINEAR LINEAR LINEAR LINEAR LINEAR LINEAR LINEAR LINEAR LINEAR LINEAR LINEAR
LINEAR LINEAR LINEAR LINEAR LINEAR LINEAR LINEAR LINEAR LINEAR</Name_array>
        <technique_common>
          <accessor source="#mixamorig_Neck-Interpolations-array" count="20">
            <param type="name"/>
          </accessor>
        </technique_common>
      </source>
      <sampler id="mixamorig_Neck-Matrix-animation-transform">
        <input semantic="INPUT" source="#mixamorig_Neck-Matrix-animation-input"/>
        <input semantic="OUTPUT" source="#mixamorig_Neck-Matrix-animation-output-transform"/>
        <input semantic="INTERPOLATION" source="#mixamorig_Neck-Interpolations"/>
      </sampler>
      <channel source="#mixamorig_Neck-Matrix-animation-transform" target="mixamorig_Neck/matrix"/>
    </animation>
    <animation id="mixamorig_Head-anim" name="mixamorig_Head">
      <source id="mixamorig_Head-Matrix-animation-input">
        <float_array id="mixamorig_Head-Matrix-animation-input-array" count="20">

0.000000 0.033333 0.066667 0.100000 0.133333 0.166667 0.200000 0.233333 0.266667 0.300000 0.333333 0.366667 0.400000 0.433333 0.466667 0.500000
0.533333 0.566667 0.600000 0.633333</float_array>
        <technique_common>
          <accessor source="#mixamorig_Head-Matrix-animation-input-array" count="20">
            <param name="TIME" type="float"/>
          </accessor>
        </technique_common>
      </source>
      <source id="mixamorig_Head-Matrix-animation-output-transform">
        <float_array id="mixamorig_Head-Matrix-animation-output-transform-array" count="320">

0.975880 -0.039525 0.214699 0.000000 0.043610 0.998946 -0.014325 14.369300 -0.213906 0.023342 0.976575 0.127800 0.000000 0.000000 0.000000 1.000000
0.962738 -0.040009 0.267460 0.000000 0.038527 0.999199 0.010787 14.369300 -0.267678 -0.000081 0.963508 0.127800 0.000000 0.000000 0.000000 1.000000
0.950722 -0.028205 0.308758 0.000000 0.025261 0.999589 0.013528 14.369300 -0.309012 -0.005062 0.951045 0.127800 0.000000 0.000000 0.000000 1.000000
0.945198 -0.018585 0.325969 0.000000 0.013332 0.999743 0.018343 14.369300 -0.326226 -0.012992 0.945202 0.127800 0.000000 0.000000 0.000000 1.000000
0.947394 -0.018446 0.319539 0.000000 0.012339 0.999701 0.021127 14.369300 -0.319833 -0.016073 0.947338 0.127800 0.000000 0.000000 0.000000 1.000000
0.949643 -0.030225 0.311873 0.000000 0.022350 0.999335 0.028794 14.369300 -0.312536 -0.020374 0.949687 0.127800 0.000000 0.000000 0.000000 1.000000
0.951419 -0.036871 0.305682 0.000000 0.017289 0.997635 0.066523 14.369300 -0.307412 -0.058006 0.949807 0.127800 0.000000 0.000000 0.000000 1.000000
0.952362 -0.044632 0.301685 -0.000000 0.010511 0.993449 0.113792 14.369300 -0.304788 -0.105200 0.946593 0.127800 0.000000 0.000000 0.000000 1.000000
0.950817 -0.041524 0.306957 0.000000 0.002296 0.991891 0.127070 14.369300 -0.309745 -0.120116 0.943202 0.127800 0.000000 0.000000 0.000000 1.000000
0.952489 -0.009307 0.304430 0.000000 -0.012413 0.997516 0.069334 14.369300 -0.304319 -0.069819 0.950008 0.127800 0.000000 0.000000 0.000000 1.000000
0.957384 0.022198 0.287965 0.000000 -0.039532 0.997730 0.054518 14.369300 -0.286101 -0.063579 0.956088 0.127800 0.000000 0.000000 0.000000 1.000000
0.962362 0.034850 0.269528 0.000000 -0.051537 0.997151 0.055084 14.369300 -0.266841 -0.066902 0.961416 0.127800 0.000000 0.000000 0.000000 1.000000
0.967993 0.035165 0.248502 -0.000000 -0.040845 0.999008 0.017738 14.369300 -0.247632 -0.027321 0.968469 0.127800 0.000000 0.000000 0.000000 1.000000
0.973400 0.028927 0.227281 0.000000 -0.024578 0.999457 -0.021944 14.369300 -0.227792 0.015774 0.973582 0.127800 0.000000 0.000000 0.000000 1.000000
0.978751 0.010449 0.204788 0.000000 -0.003825 0.999457 -0.032715 14.369300 -0.205019 0.031236 0.978259 0.127800 0.000000 0.000000 0.000000 1.000000
0.979320 -0.004593 0.202267 0.000000 0.008733 0.999770 -0.019581 14.369300 -0.202131 0.020942 0.979135 0.127800 0.000000 0.000000 0.000000 1.000000
0.979581 -0.018977 0.200153 0.000000 0.023544 0.999513 -0.020462 14.369300 -0.199667 0.024756 0.979551 0.127800 0.000000 0.000000 0.000000 1.000000
0.980076 -0.025383 0.196995 -0.000000 0.033252 0.998772 -0.036738 14.369300 -0.195820 0.042556 0.979716 0.127800 0.000000 0.000000 0.000000 1.000000
0.979747 -0.029989 0.197979 -0.000000 0.038881 0.998395 -0.041180 14.369300 -0.196426 0.048043 0.979341 0.127800 0.000000 0.000000 0.000000 1.000000
0.975880 -0.039529 0.214698 0.000000 0.043611 0.998946 -0.014306 14.369300 -0.213906 0.023324 0.976576 0.127800 0.000000 0.000000 0.000000 1.000000</float_array>
        <technique_common>
          <accessor source="#mixamorig_Head-Matrix-animation-output-transform-array" count="20" stride="16">
            <param type="float4x4"/>
          </accessor>
        </technique_common>
      </source>
      <source id="mixamorig_Head-Interpolations">
        <Name_array id="mixamorig_Head-Interpolations-array" count="20">
 LINEAR LINEAR LINEAR LINEAR LINEAR LINEAR LINEAR LINEAR LINEAR LINEAR LINEAR
LINEAR LINEAR LINEAR LINEAR LINEAR LINEAR LINEAR LINEAR LINEAR</Name_array>
        <technique_common>
          <accessor source="#mixamorig_Head-Interpolations-array" count="20">
            <param type="name"/>
          </accessor>
        </technique_common>
      </source>
      <sampler id="mixamorig_Head-Matrix-animation-transform">
        <input semantic="INPUT" source="#mixamorig_Head-Matrix-animation-input"/>
        <input semantic="OUTPUT" source="#mixamorig_Head-Matrix-animation-output-transform"/>
        <input semantic="INTERPOLATION" source="#mixamorig_Head-Interpolations"/>
      </sampler>
      <channel source="#mixamorig_Head-Matrix-animation-transform" target="mixamorig_Head/matrix"/>
    </animation>
    <animation id="mixamorig_LeftShoulder-anim" name="mixamorig_LeftShoulder">
      <source id="mixamorig_LeftShoulder-Matrix-animation-input">
        <float_array id="mixamorig_LeftShoulder-Matrix-animation-input-array" count="20">

0.000000 0.033333 0.066667 0.100000 0.133333 0.166667 0.200000 0.233333 0.266667 0.300000 0.333333 0.366667 0.400000 0.433333 0.466667 0.500000
0.533333 0.566667 0.600000 0.633333</float_array>
        <technique_common>
          <accessor source="#mixamorig_LeftShoulder-Matrix-animation-input-array" count="20">
            <param name="TIME" type="float"/>
          </accessor>
        </technique_common>
      </source>
      <source id="mixamorig_LeftShoulder-Matrix-animation-output-transform">
        <float_array id="mixamorig_LeftShoulder-Matrix-animation-output-transform-array" count="320">

0.080000 0.981501 -0.173941 9.358700 -0.035569 -0.171579 -0.984528 25.286100 -0.996160 0.084950 0.021185 -1.885500 0.000000 0.000000 0.000000 1.000000
0.084429 0.976766 -0.196975 9.358700 -0.034590 -0.194689 -0.980255 25.286100 -0.995829 0.089575 0.017349 -1.885500 0.000000 0.000000 0.000000 1.000000
0.090731 0.974027 -0.207458 9.358700 -0.030994 -0.205455 -0.978176 25.286100 -0.995393 0.095181 0.011548 -1.885500 0.000000 0.000000 0.000000 1.000000
0.095586 0.974812 -0.201507 9.358700 -0.026259 -0.199894 -0.979466 25.286100 -0.995075 0.098915 0.006490 -1.885500 0.000000 0.000000 0.000000 1.000000
0.103046 0.974453 -0.199556 9.358700 -0.022165 -0.198325 -0.979886 25.286100 -0.994430 0.105397 0.001162 -1.885500 0.000000 0.000000 0.000000 1.000000
0.114797 0.966584 -0.229211 9.358700 -0.023060 -0.228081 -0.973369 25.286100 -0.993121 0.117025 -0.003894 -1.885500 0.000000 0.000000 0.000000 1.000000
0.106961 0.966775 -0.232175 9.358700 -0.024865 -0.230840 -0.972674 25.286100 -0.993952 0.109811 -0.000652 -1.885500 0.000000 0.000000 0.000000 1.000000
0.107022 0.971041 -0.213600 9.358700 -0.028673 -0.211730 -0.976908 25.286100 -0.993843 0.110675 0.005183 -1.885500 0.000000 0.000000 0.000000 1.000000
0.111797 0.976322 -0.185193 9.358700 -0.028347 -0.183152 -0.982676 25.286100 -0.993327 0.115110 0.007199 -1.885500 0.000000 0.000000 0.000000 1.000000
0.118831 0.980371 -0.157326 9.358700 -0.023928 -0.155575 -0.987534 25.286100 -0.992626 0.121114 0.004971 -1.885500 0.000000 0.000000 0.000000 1.000000
0.114263 0.981170 -0.155721 9.358700 -0.021277 -0.154294 -0.987796 25.286100 -0.993223 0.116182 0.003246 -1.885500 0.000000 0.000000 0.000000 1.000000
0.108619 0.978154 -0.177249 9.358700 -0.023597 -0.175717 -0.984158 25.286100 -0.993803 0.111080 0.003995 -1.885500 0.000000 0.000000 0.000000 1.000000
0.092248 0.974886 -0.202700 9.358700 -0.028747 -0.200876 -0.979195 25.286100 -0.995321 0.096156 0.009495 -1.885500 0.000000 0.000000 0.000000 1.000000
0.073027 0.971123 -0.227128 9.358700 -0.033950 -0.225184 -0.973725 25.286100 -0.996752 0.078819 0.016525 -1.885500 0.000000 0.000000 0.000000 1.000000
0.050382 0.968515 -0.243804 9.358700 -0.036601 -0.242160 -0.969546 25.286100 -0.998059 0.057771 0.023248 -1.885500 0.000000 0.000000 0.000000 1.000000
0.038913 0.968340 -0.246583 9.358700 -0.037706 -0.245172 -0.968746 25.286100 -0.998531 0.046995 0.026972 -1.885500 0.000000 0.000000 0.000000 1.000000
0.065369 0.960801 -0.269421 9.358700 -0.033031 -0.267767 -0.962917 25.286100 -0.997314 0.071844 0.014233 -1.885500 0.000000 0.000000 0.000000 1.000000
0.085015 0.963351 -0.254414 9.358700 -0.029768 -0.252769 -0.967069 25.286100 -0.995935 0.089789 0.007188 -1.885500 0.000000 0.000000 0.000000 1.000000
0.080889 0.978410 -0.190187 9.358700 -0.034116 -0.187983 -0.981580 25.286100 -0.996139 0.085887 0.018173 -1.885500 0.000000 0.000000 0.000000 1.000000
0.080001 0.981501 -0.173942 9.358700 -0.035569 -0.171579 -0.984528 25.286100 -0.996160 0.084950 0.021184 -1.885500 0.000000 0.000000 0.000000 1.000000</float_array>
        <technique_common>
          <accessor source="#mixamorig_LeftShoulder-Matrix-animation-output-transform-array" count="20" stride="16">
            <param type="float4x4"/>
          </accessor>
        </technique_common>
      </source>
      <source id="mixamorig_LeftShoulder-Interpolations">
        <Name_array id="mixamorig_LeftShoulder-Interpolations-array" count="20">
 LINEAR LINEAR LINEAR LINEAR LINEAR LINEAR LINEAR LINEAR LINEAR LINEAR LINEAR
LINEAR LINEAR LINEAR LINEAR LINEAR LINEAR LINEAR LINEAR LINEAR</Name_array>
        <technique_common>
          <accessor source="#mixamorig_LeftShoulder-Interpolations-array" count="20">
            <param type="name"/>
          </accessor>
        </technique_common>
      </source>
      <sampler id="mixamorig_LeftShoulder-Matrix-animation-transform">
        <input semantic="INPUT" source="#mixamorig_LeftShoulder-Matrix-animation-input"/>
        <input semantic="OUTPUT" source="#mixamorig_LeftShoulder-Matrix-animation-output-transform"/>
        <input semantic="INTERPOLATION" source="#mixamorig_LeftShoulder-Interpolations"/>
      </sampler>
      <channel source="#mixamorig_LeftShoulder-Matrix-animation-transform" target="mixamorig_LeftShoulder/matrix"/>
    </animation>
    <animation id="mixamorig_LeftArm-anim" name="mixamorig_LeftArm">
      <source id="mixamorig_LeftArm-Matrix-animation-input">
        <float_array id="mixamorig_LeftArm-Matrix-animation-input-array" count="20">

0.000000 0.033333 0.066667 0.100000 0.133333 0.166667 0.200000 0.233333 0.266667 0.300000 0.333333 0.366667 0.400000 0.433333 0.466667 0.500000
0.533333 0.566667 0.600000 0.633333</float_array>
        <technique_common>
          <accessor source="#mixamorig_LeftArm-Matrix-animation-input-array" count="20">
            <param name="TIME" type="float"/>
          </accessor>
        </technique_common>
      </source>
      <source id="mixamorig_LeftArm-Matrix-animation-output-transform">
        <float_array id="mixamorig_LeftArm-Matrix-animation-output-transform-array" count="320">

0.874786 -0.436498 0.210282 0.000000 0.478049 0.706955 -0.521233 14.052700 0.078857 0.556493 0.827102 -0.000000 0.000000 0.000000 0.000000 1.000000
0.901467 -0.392752 0.181942 0.000000 0.428456 0.749938 -0.504002 14.052700 0.061502 0.532296 0.844321 0.000000 0.000000 0.000000 0.000000 1.000000
0.895716 -0.405402 0.182600 -0.000000 0.440217 0.750897 -0.492303 14.052700 0.062467 0.521347 0.851055 0.000000 0.000000 0.000000 0.000000 1.000000
0.892845 -0.401141 0.204729 0.000000 0.448645 0.752531 -0.482095 14.052700 0.039323 0.522287 0.851863 0.000000 0.000000 0.000000 0.000000 1.000000
0.892863 -0.390184 0.224838 0.000000 0.450328 0.774468 -0.444303 14.052700 -0.000770 0.497952 0.867204 0.000000 0.000000 0.000000 0.000000 1.000000
0.886305 -0.407277 0.220427 0.000000 0.462028 0.810058 -0.361021 14.052700 -0.031523 0.421819 0.906132 0.000000 0.000000 0.000000 0.000000 1.000000
0.855317 -0.474152 0.208837 0.000000 0.517319 0.803766 -0.293838 14.052700 -0.028532 0.359360 0.932763 -0.000000 0.000000 0.000000 0.000000 1.000000
0.841439 -0.501460 0.201294 0.000000 0.539654 0.798803 -0.265870 14.052700 -0.027471 0.332342 0.942759 0.000000 0.000000 0.000000 0.000000 1.000000
0.848042 -0.491792 0.197399 0.000000 0.529442 0.802265 -0.275793 14.052700 -0.022734 0.338395 0.940729 0.000000 0.000000 0.000000 0.000000 1.000000
0.855887 -0.474531 0.205616 -0.000000 0.517163 0.785140 -0.340731 14.052700 0.000250 0.397964 0.917401 -0.000000 0.000000 0.000000 0.000000 1.000000
0.857751 -0.490029 0.155356 -0.000000 0.508672 0.765403 -0.394222 14.052700 0.074270 0.417170 0.905789 -0.000000 0.000000 0.000000 0.000000 1.000000
0.857696 -0.500359 0.118315 0.000000 0.499639 0.756810 -0.421425 14.052700 0.121322 0.420569 0.899112 0.000000 0.000000 0.000000 0.000000 1.000000
0.862586 -0.476463 0.170083 0.000000 0.497952 0.740200 -0.451827 14.052700 0.089383 0.474432 0.875742 0.000000 0.000000 0.000000 0.000000 1.000000
0.864872 -0.442915 0.236267 0.000000 0.500190 0.720513 -0.480282 14.052700 0.042490 0.533561 0.844693 0.000000 0.000000 0.000000 0.000000 1.000000
0.855240 -0.422694 0.299824 0.000000 0.518232 0.696993 -0.495617 14.052700 0.000519 0.579250 0.815150 0.000000 0.000000 0.000000 0.000000 1.000000
0.845787 -0.416866 0.332966 0.000000 0.532967 0.688578 -0.491738 14.052700 -0.024284 0.593366 0.804567 0.000000 0.000000 0.000000 0.000000 1.000000
0.847253 -0.416271 0.329972 0.000000 0.528871 0.719046 -0.450853 14.052700 -0.049588 0.556499 0.829367 0.000000 0.000000 0.000000 0.000000 1.000000
0.846037 -0.437057 0.305292 0.000000 0.532135 0.727180 -0.433638 14.052700 -0.032477 0.529330 0.847794 0.000000 0.000000 0.000000 0.000000 1.000000
0.850486 -0.457314 0.259880 0.000000 0.523948 0.692972 -0.495246 14.052700 0.046393 0.557363 0.828971 0.000000 0.000000 0.000000 0.000000 1.000000
0.874785 -0.436502 0.210281 0.000000 0.478051 0.706954 -0.521233 14.052700 0.078860 0.556491 0.827102 -0.000000 0.000000 0.000000 0.000000 1.000000</float_array>
        <technique_common>
          <accessor source="#mixamorig_LeftArm-Matrix-animation-output-transform-array" count="20" stride="16">
            <param type="float4x4"/>
          </accessor>
        </technique_common>
      </source>
      <source id="mixamorig_LeftArm-Interpolations">
        <Name_array id="mixamorig_LeftArm-Interpolations-array" count="20">
 LINEAR LINEAR LINEAR LINEAR LINEAR LINEAR LINEAR LINEAR LINEAR LINEAR LINEAR
LINEAR LINEAR LINEAR LINEAR LINEAR LINEAR LINEAR LINEAR LINEAR</Name_array>
        <technique_common>
          <accessor source="#mixamorig_LeftArm-Interpolations-array" count="20">
            <param type="name"/>
          </accessor>
        </technique_common>
      </source>
      <sampler id="mixamorig_LeftArm-Matrix-animation-transform">
