<?xml version="1.0" encoding="utf-8"?>
<COLLADA xmlns="http://www.collada.org/2005/11/COLLADASchema" version="1.4.1">
  <asset>
    <contributor>
      <author>Mixamo</author>
      <authoring_tool>COLLADA Mixamo exporter</authoring_tool>
      <comments/>
    </contributor>
    <created>2025-11-14T05:17:41Z</created>
    <modified>2025-11-14T05:17:41Z</modified>
    <revision/>
    <title/>
    <unit meter="0.010000"/>
    <up_axis>Y_UP</up_axis>
  </asset>
  <library_animations>
    <animation id="mixamorig_Hips-anim" name="mixamorig_Hips">
      <source id="mixamorig_Hips-Matrix-animation-input">
        <float_array id="mixamorig_Hips-Matrix-animation-input-array" count="24">

0.000000 0.033333 0.066667 0.100000 0.133333 0.166667 0.200000 0.233333 0.266667 0.300000 0.333333 0.366667 0.400000 0.433333 0.466667 0.500000
0.533333 0.566667 0.600000 0.633333 0.666667 0.700000 0.733333 0.766667</float_array>
        <technique_common>
          <accessor source="#mixamorig_Hips-Matrix-animation-input-array" count="24">
            <param name="TIME" type="float"/>
          </accessor>
        </technique_common>
      </source>
      <source id="mixamorig_Hips-Matrix-animation-output-transform">
        <float_array id="mixamorig_Hips-Matrix-animation-output-transform-array" count="384">

0.439906 -0.064505 -0.895724 0.399289 0.005615 0.997595 -0.069084 102.687271 0.898026 0.025361 0.439211 -0.115085 0.000000 0.000000 0.000000 1.000000
0.400688 -0.140950 -0.905308 -16.011045 0.046122 0.989946 -0.133714 103.197014 0.915053 0.011823 0.403160 0.688419 0.000000 0.000000 0.000000 1.000000
0.361514 -0.210755 -0.908235 -33.623638 0.078576 0.977539 -0.195561 103.615524 0.929050 -0.000668 0.369954 0.858306 0.000000 0.000000 0.000000 1.000000
0.351870 -0.249792 -0.902104 -50.039181 0.090037 0.968299 -0.233002 104.115974 0.931709 0.000763 0.363206 0.976561 0.000000 0.000000 0.000000 1.000000
0.375836 -0.257251 -0.890264 -66.154320 0.080755 0.966133 -0.245082 104.607086 0.923161 0.020217 0.383882 1.064489 0.000000 0.000000 0.000000 1.000000
0.404254 -0.209813 -0.890257 -80.508629 0.039394 0.976425 -0.212232 104.689896 0.913798 0.050725 0.402989 0.940871 0.000000 0.000000 0.000000 1.000000
0.427717 -0.168887 -0.887995 -94.417191 0.004236 0.982754 -0.184869 104.266785 0.903903 0.075310 0.421056 0.689767 0.000000 0.000000 0.000000 1.000000
0.429847 -0.163403 -0.887993 -108.831383 0.036888 0.985845 -0.163553 103.468613 0.902148 0.037546 0.429790 -0.351216 0.000000 0.000000 0.000000 1.000000
0.444406 -0.142134 -0.884478 -122.681671 0.064404 0.989847 -0.126707 101.417908 0.893507 -0.000654 0.449048 -1.348798 0.000000 0.000000 0.000000 1.000000
0.498405 -0.126654 -0.857643 -135.558884 0.073010 0.991889 -0.104050 99.741753 0.863864 -0.010758 0.503609 -1.679329 0.000000 0.000000 0.000000 1.000000
0.568404 -0.121669 -0.813704 -148.702026 0.057234 0.992457 -0.108417 98.647324 0.820757 0.015054 0.571079 -1.372745 0.000000 0.000000 0.000000 1.000000
0.585364 -0.114141 -0.802696 -162.198868 0.022564 0.991951 -0.124598 98.161041 0.810457 0.054823 0.583227 -0.730163 0.000000 0.000000 0.000000 1.000000
0.594508 -0.098967 -0.797976 -176.856598 0.007139 0.993007 -0.117837 99.353516 0.804058 0.064358 0.591057 -0.354842 0.000000 0.000000 0.000000 1.000000
0.594224 -0.081905 -0.800118 -191.834229 -0.003504 0.994528 -0.104408 101.143799 0.804292 0.064845 0.590686 0.105660 0.000000 0.000000 0.000000 1.000000
0.573481 -0.059792 -0.817034 -206.964828 -0.014511 0.996435 -0.083107 103.638657 0.819090 0.059516 0.570569 0.971185 0.000000 0.000000 0.000000 1.000000
0.542388 -0.044369 -0.838956 -222.267761 -0.018561 0.997728 -0.064765 106.272148 0.839923 0.050700 0.540332 1.922495 0.000000 0.000000 0.000000 1.000000
0.501466 -0.071116 -0.862250 -237.919891 0.001252 0.996675 -0.081476 108.058968 0.865176 0.039778 0.499887 2.609858 0.000000 0.000000 0.000000 1.000000
0.466008 -0.083618 -0.880821 -253.192200 0.009308 0.995932 -0.089621 108.568932 0.884732 0.033565 0.464891 2.551898 0.000000 0.000000 0.000000 1.000000
0.444996 -0.072034 -0.892631 -267.909698 0.010292 0.997105 -0.075334 108.295181 0.895473 0.024337 0.444449 1.842157 0.000000 0.000000 0.000000 1.000000
0.433634 -0.048632 -0.899776 -282.259521 0.015474 0.998797 -0.046526 107.427971 0.900956 0.006252 0.433865 0.469728 0.000000 0.000000 0.000000 1.000000
0.437684 -0.008085 -0.899092 -294.837646 -0.006571 0.999904 -0.012190 105.564644 0.899105 0.011244 0.437589 -0.889212 0.000000 0.000000 0.000000 1.000000
0.453338 0.008656 -0.891297 -306.985016 -0.043271 0.998988 -0.012307 103.831520 0.890288 0.044147 0.453254 -1.613615 0.000000 0.000000 0.000000 1.000000
0.458100 -0.014513 -0.888782 -319.037201 -0.034934 0.998800 -0.034315 102.832222 0.888214 0.046768 0.457043 -1.167099 0.000000 0.000000 0.000000 1.000000
0.439906 -0.064505 -0.895724 -332.066895 0.005615 0.997595 -0.069084 102.687225 0.898026 0.025360 0.439211 -0.115017 0.000000 0.000000 0.000000 1.000000</float_array>
        <technique_common>
          <accessor source="#mixamorig_Hips-Matrix-animation-output-transform-array" count="24" stride="16">
            <param type="float4x4"/>
          </accessor>
        </technique_common>
      </source>
      <source id="mixamorig_Hips-Interpolations">
        <Name_array id="mixamorig_Hips-Interpolations-array" count="24">
 LINEAR LINEAR LINEAR LINEAR LINEAR LINEAR LINEAR LINEAR LINEAR LINEAR LINEAR
LINEAR LINEAR LINEAR LINEAR LINEAR LINEAR LINEAR LINEAR LINEAR LINEAR LINEAR LINEAR
LINEAR</Name_array>
        <technique_common>
          <accessor source="#mixamorig_Hips-Interpolations-array" count="24">
            <param type="name"/>
          </accessor>
        </technique_common>
      </source>
      <sampler id="mixamorig_Hips-Matrix-animation-transform">
        <input semantic="INPUT" source="#mixamorig_Hips-Matrix-animation-input"/>
        <input semantic="OUTPUT" source="#mixamorig_Hips-Matrix-animation-output-transform"/>
        <input semantic="INTERPOLATION" source="#mixamorig_Hips-Interpolations"/>
      </sampler>
      <channel source="#mixamorig_Hips-Matrix-animation-transform" target="mixamorig_Hips/matrix"/>
    </animation>
    <animation id="mixamorig_Spine-anim" name="mixamorig_Spine">
      <source id="mixamorig_Spine-Matrix-animation-input">
        <float_array id="mixamorig_Spine-Matrix-animation-input-array" count="24">

0.000000 0.033333 0.066667 0.100000 0.133333 0.166667 0.200000 0.233333 0.266667 0.300000 0.333333 0.366667 0.400000 0.433333 0.466667 0.500000
0.533333 0.566667 0.600000 0.633333 0.666667 0.700000 0.733333 0.766667</float_array>
        <technique_common>
          <accessor source="#mixamorig_Spine-Matrix-animation-input-array" count="24">
            <param name="TIME" type="float"/>
          </accessor>
        </technique_common>
      </source>
      <source id="mixamorig_Spine-Matrix-animation-output-transform">
        <float_array id="mixamorig_Spine-Matrix-animation-output-transform-array" count="384">

0.992711 -0.115561 0.034209 0.000000 0.120012 0.973864 -0.192835 8.536500 -0.011031 0.195535 0.980635 0.187100 0.000000 0.000000 0.000000 1.000000
0.995048 -0.082714 0.055108 -0.000000 0.091063 0.980875 -0.172024 8.536500 -0.039825 0.176190 0.983550 0.187100 0.000000 0.000000 0.000000 1.000000
0.996160 -0.041568 0.077056 0.000000 0.053066 0.986683 -0.153755 8.536500 -0.069638 0.157253 0.985100 0.187100 0.000000 0.000000 0.000000 1.000000
0.995775 -0.001823 0.091813 -0.000000 0.014634 0.990176 -0.139056 8.536500 -0.090658 0.139812 0.986019 0.187100 0.000000 0.000000 0.000000 1.000000
0.994790 0.024884 0.098866 -0.000000 -0.011998 0.991591 -0.128851 8.536500 -0.101241 0.126993 0.986723 0.187100 0.000000 0.000000 0.000000 1.000000
0.993789 0.043087 0.102604 -0.000000 -0.029694 0.991245 -0.128649 8.536500 -0.107249 0.124804 0.986368 0.187100 0.000000 0.000000 0.000000 1.000000
0.993609 0.060450 0.095331 -0.000000 -0.048050 0.990688 -0.127393 8.536500 -0.102144 0.121998 0.987260 0.187100 0.000000 0.000000 0.000000 1.000000
0.992739 0.086133 0.083963 0.000000 -0.075170 0.989182 -0.125971 8.536500 -0.093905 0.118745 0.988474 0.187100 0.000000 0.000000 0.000000 1.000000
0.992268 0.103686 0.068223 0.000000 -0.094427 0.987370 -0.127213 8.536500 -0.080552 0.119788 0.989526 0.187100 0.000000 0.000000 0.000000 1.000000
0.993304 0.107549 0.042198 -0.000000 -0.101604 0.987063 -0.124028 8.536500 -0.054991 0.118910 0.991381 0.187100 0.000000 0.000000 0.000000 1.000000
0.995071 0.098429 0.012054 -0.000000 -0.096406 0.988688 -0.114897 8.536500 -0.023227 0.113168 0.993304 0.187100 0.000000 0.000000 0.000000 1.000000
0.996605 0.081840 -0.008972 -0.000000 -0.082329 0.991379 -0.101926 8.536500 0.000553 0.102319 0.994751 0.187100 0.000000 0.000000 0.000000 1.000000
0.997353 0.066295 -0.029879 0.000000 -0.068752 0.993517 -0.090541 8.536500 0.023683 0.092356 0.995444 0.187100 0.000000 0.000000 0.000000 1.000000
0.997565 0.049747 -0.048873 0.000000 -0.053647 0.995185 -0.082025 8.536500 0.044557 0.084448 0.995431 0.187100 0.000000 0.000000 0.000000 1.000000
0.997515 0.029461 -0.063991 -0.000000 -0.034527 0.996232 -0.079554 8.536500 0.061407 0.081566 0.994774 0.187100 0.000000 0.000000 0.000000 1.000000
0.997249 0.007316 -0.073760 0.000000 -0.013216 0.996721 -0.079823 8.536500 0.072934 0.080578 0.994076 0.187100 0.000000 0.000000 0.000000 1.000000
0.997691 -0.016767 -0.065809 -0.000000 0.011444 0.996693 -0.080455 8.536500 0.066941 0.079516 0.994583 0.187100 0.000000 0.000000 0.000000 1.000000
0.997606 -0.041188 -0.055546 0.000000 0.036013 0.995186 -0.091149 8.536500 0.059033 0.088931 0.994287 0.187100 0.000000 0.000000 0.000000 1.000000
0.996907 -0.066356 -0.042122 0.000000 0.061355 0.991973 -0.110571 8.536500 0.049121 0.107645 0.992975 0.187100 0.000000 0.000000 0.000000 1.000000
0.995719 -0.087812 -0.028861 0.000000 0.083178 0.987404 -0.134591 8.536500 0.040316 0.131614 0.990481 0.187100 0.000000 0.000000 0.000000 1.000000
0.993692 -0.111343 -0.013388 -0.000000 0.107751 0.981018 -0.161224 8.536500 0.031086 0.158764 0.986827 0.187100 0.000000 0.000000 0.000000 1.000000
0.991115 -0.133006 0.000908 0.000000 0.131007 0.974997 -0.179496 8.536500 0.022988 0.178020 0.983758 0.187100 0.000000 0.000000 0.000000 1.000000
0.990638 -0.135558 0.016162 0.000000 0.136146 0.972269 -0.190150 8.536500 0.010063 0.190570 0.981622 0.187100 0.000000 0.000000 0.000000 1.000000
0.992710 -0.115572 0.034205 -0.000000 0.120022 0.973868 -0.192812 8.536500 -0.011028 0.195512 0.980639 0.187100 0.000000 0.000000 0.000000 1.000000</float_array>
        <technique_common>
          <accessor source="#mixamorig_Spine-Matrix-animation-output-transform-array" count="24" stride="16">
            <param type="float4x4"/>
          </accessor>
        </technique_common>
      </source>
      <source id="mixamorig_Spine-Interpolations">
        <Name_array id="mixamorig_Spine-Interpolations-array" count="24">
 LINEAR LINEAR LINEAR LINEAR LINEAR LINEAR LINEAR LINEAR LINEAR LINEAR LINEAR
LINEAR LINEAR LINEAR LINEAR LINEAR LINEAR LINEAR LINEAR LINEAR LINEAR LINEAR LINEAR
LINEAR</Name_array>
        <technique_common>
          <accessor source="#mixamorig_Spine-Interpolations-array" count="24">
            <param type="name"/>
          </accessor>
        </technique_common>
      </source>
      <sampler id="mixamorig_Spine-Matrix-animation-transform">
        <input semantic="INPUT" source="#mixamorig_Spine-Matrix-animation-input"/>
        <input semantic="OUTPUT" source="#mixamorig_Spine-Matrix-animation-output-transform"/>
        <input semantic="INTERPOLATION" source="#mixamorig_Spine-Interpolations"/>
      </sampler>
      <channel source="#mixamorig_Spine-Matrix-animation-transform" target="mixamorig_Spine/matrix"/>
    </animation>
    <animation id="mixamorig_Spine1-anim" name="mixamorig_Spine1">
      <source id="mixamorig_Spine1-Matrix-animation-input">
        <float_array id="mixamorig_Spine1-Matrix-animation-input-array" count="24">

0.000000 0.033333 0.066667 0.100000 0.133333 0.166667 0.200000 0.233333 0.266667 0.300000 0.333333 0.366667 0.400000 0.433333 0.466667 0.500000
0.533333 0.566667 0.600000 0.633333 0.666667 0.700000 0.733333 0.766667</float_array>
        <technique_common>
          <accessor source="#mixamorig_Spine1-Matrix-animation-input-array" count="24">
            <param name="TIME" type="float"/>
          </accessor>
        </technique_common>
      </source>
      <source id="mixamorig_Spine1-Matrix-animation-output-transform">
        <float_array id="mixamorig_Spine1-Matrix-animation-output-transform-array" count="384">

0.990372 0.137443 0.016523 0.000000 -0.127554 0.952396 -0.276895 9.685800 -0.053794 0.272122 0.960758 0.000000 0.000000 0.000000 0.000000 1.000000
0.986451 0.160089 0.035863 0.000000 -0.144563 0.951567 -0.271334 9.685800 -0.077563 0.262473 0.961817 -0.000000 0.000000 0.000000 0.000000 1.000000
0.982763 0.176543 0.054850 -0.000000 -0.156008 0.951182 -0.266296 9.685800 -0.099186 0.253149 0.962329 0.000000 0.000000 0.000000 0.000000 1.000000
0.981214 0.180682 0.067618 -0.000000 -0.157373 0.952375 -0.261180 9.685800 -0.111588 0.245632 0.962919 0.000000 0.000000 0.000000 0.000000 1.000000
0.982371 0.170866 0.075848 0.000000 -0.146001 0.954630 -0.259549 9.685800 -0.116755 0.243900 0.962747 -0.000000 0.000000 0.000000 0.000000 1.000000
0.984964 0.148955 0.087514 -0.000000 -0.120138 0.954587 -0.272636 9.685800 -0.124150 0.258023 0.958129 0.000000 0.000000 0.000000 0.000000 1.000000
0.987094 0.130236 0.093190 0.000000 -0.099220 0.954132 -0.282467 9.685800 -0.125703 0.269575 0.954740 0.000000 0.000000 0.000000 0.000000 1.000000
0.986226 0.141054 0.086380 0.000000 -0.109899 0.949121 -0.295113 9.685800 -0.123611 0.281555 0.951550 -0.000000 0.000000 0.000000 0.000000 1.000000
0.986206 0.149528 0.070988 0.000000 -0.120254 0.941951 -0.313475 9.685800 -0.113741 0.300615 0.946939 0.000000 0.000000 0.000000 0.000000 1.000000
0.988460 0.146126 0.039926 0.000000 -0.125315 0.936874 -0.326441 9.685800 -0.085107 0.317670 0.944374 -0.000000 0.000000 0.000000 0.000000 1.000000
0.991230 0.132132 0.002008 0.000000 -0.124042 0.935564 -0.330657 9.685800 -0.045569 0.327508 0.943749 0.000000 0.000000 0.000000 0.000000 1.000000
0.992898 0.117813 -0.016542 0.000000 -0.116704 0.937531 -0.327744 9.685800 -0.023104 0.327347 0.944622 0.000000 0.000000 0.000000 0.000000 1.000000
0.993362 0.109225 -0.036084 0.000000 -0.115014 0.937711 -0.327827 9.685800 -0.001970 0.329801 0.944048 0.000000 0.000000 0.000000 0.000000 1.000000
0.993323 0.102246 -0.053426 -0.000000 -0.114168 0.937743 -0.328031 9.685800 0.016560 0.331940 0.943155 0.000000 0.000000 0.000000 0.000000 1.000000
0.993249 0.095890 -0.065274 0.000000 -0.112129 0.937808 -0.328548 9.685800 0.029710 0.333649 0.942229 -0.000000 0.000000 0.000000 0.000000 1.000000
0.993120 0.091465 -0.073119 -0.000000 -0.110448 0.939099 -0.325413 9.685800 0.038902 0.331250 0.942741 0.000000 0.000000 0.000000 0.000000 1.000000
0.992974 0.094048 -0.071811 0.000000 -0.111602 0.946051 -0.304191 9.685800 0.039328 0.310069 0.949900 0.000000 0.000000 0.000000 0.000000 1.000000
0.992805 0.100418 -0.065222 -0.000000 -0.115145 0.950096 -0.289929 9.685800 0.032853 0.295353 0.954823 0.000000 0.000000 0.000000 0.000000 1.000000
0.992487 0.107465 -0.058480 0.000000 -0.119764 0.951055 -0.284869 9.685800 0.025004 0.289733 0.956781 0.000000 0.000000 0.000000 0.000000 1.000000
0.991828 0.115383 -0.054450 -0.000000 -0.126205 0.949879 -0.286010 9.685800 0.018721 0.290544 0.956678 0.000000 0.000000 0.000000 0.000000 1.000000
0.992274 0.116665 -0.042216 0.000000 -0.123940 0.947590 -0.294469 9.685800 0.005649 0.297426 0.954728 -0.000000 0.000000 0.000000 0.000000 1.000000
0.993246 0.113167 -0.025616 0.000000 -0.115700 0.949316 -0.292254 9.685800 -0.008755 0.293244 0.955998 0.000000 0.000000 0.000000 0.000000 1.000000
0.992350 0.123272 -0.006771 0.000000 -0.120090 0.951105 -0.284564 9.685800 -0.028639 0.283200 0.958633 -0.000000 0.000000 0.000000 0.000000 1.000000
0.990375 0.137422 0.016524 -0.000000 -0.127535 0.952411 -0.276855 9.685800 -0.053784 0.272083 0.960770 0.000000 0.000000 0.000000 0.000000 1.000000</float_array>
        <technique_common>
          <accessor source="#mixamorig_Spine1-Matrix-animation-output-transform-array" count="24" stride="16">
            <param type="float4x4"/>
          </accessor>
        </technique_common>
      </source>
      <source id="mixamorig_Spine1-Interpolations">
        <Name_array id="mixamorig_Spine1-Interpolations-array" count="24">
 LINEAR LINEAR LINEAR LINEAR LINEAR LINEAR LINEAR LINEAR LINEAR LINEAR LINEAR
LINEAR LINEAR LINEAR LINEAR LINEAR LINEAR LINEAR LINEAR LINEAR LINEAR LINEAR LINEAR
LINEAR</Name_array>
        <technique_common>
          <accessor source="#mixamorig_Spine1-Interpolations-array" count="24">
            <param type="name"/>
          </accessor>
        </technique_common>
      </source>
      <sampler id="mixamorig_Spine1-Matrix-animation-transform">
        <input semantic="INPUT" source="#mixamorig_Spine1-Matrix-animation-input"/>
        <input semantic="OUTPUT" source="#mixamorig_Spine1-Matrix-animation-output-transform"/>
        <input semantic="INTERPOLATION" source="#mixamorig_Spine1-Interpolations"/>
      </sampler>
      <channel source="#mixamorig_Spine1-Matrix-animation-transform" target="mixamorig_Spine1/matrix"/>
    </animation>
    <animation id="mixamorig_Spine2-anim" name="mixamorig_Spine2">
      <source id="mixamorig_Spine2-Matrix-animation-input">
        <float_array id="mixamorig_Spine2-Matrix-animation-input-array" count="24">

0.000000 0.033333 0.066667 0.100000 0.133333 0.166667 0.200000 0.233333 0.266667 0.300000 0.333333 0.366667 0.400000 0.433333 0.466667 0.500000
0.533333 0.566667 0.600000 0.633333 0.666667 0.700000 0.733333 0.766667</float_array>
        <technique_common>
          <accessor source="#mixamorig_Spine2-Matrix-animation-input-array" count="24">
            <param name="TIME" type="float"/>
          </accessor>
        </technique_common>
      </source>
      <source id="mixamorig_Spine2-Matrix-animation-output-transform">
        <float_array id="mixamorig_Spine2-Matrix-animation-output-transform-array" count="384">

0.999996 -0.002847 0.000179 -0.000000 0.002696 0.963861 0.266393 15.875400 -0.000931 -0.266391 0.963865 0.000000 0.000000 0.000000 0.000000 1.000000
0.999505 0.022384 0.022086 0.000000 -0.027600 0.961042 0.275020 15.875400 -0.015070 -0.275494 0.961185 0.000000 0.000000 0.000000 0.000000 1.000000
0.998315 0.039304 0.042698 0.000000 -0.049780 0.958146 0.281918 15.875400 -0.029830 -0.283569 0.958488 0.000000 0.000000 0.000000 0.000000 1.000000
0.997591 0.040708 0.056168 -0.000000 -0.055164 0.956477 0.286545 15.875400 -0.042059 -0.288954 0.956419 0.000000 0.000000 0.000000 0.000000 1.000000
0.997704 0.026477 0.062333 0.000000 -0.043379 0.956657 0.287968 15.875400 -0.052007 -0.290011 0.955609 0.000000 0.000000 0.000000 0.000000 1.000000
0.997465 -0.003565 0.071075 -0.000000 -0.016310 0.960707 0.277086 15.875400 -0.069270 -0.277543 0.958213 0.000000 0.000000 0.000000 0.000000 1.000000
0.997176 -0.030203 0.068758 0.000000 0.010663 0.963228 0.268473 15.875400 -0.074338 -0.266981 0.960830 0.000000 0.000000 0.000000 0.000000 1.000000
0.997672 -0.027051 0.062600 0.000000 0.010325 0.967294 0.253447 15.875400 -0.067408 -0.252210 0.965322 0.000000 0.000000 0.000000 0.000000 1.000000
0.998166 -0.026206 0.054574 0.000000 0.012786 0.972375 0.233073 15.875400 -0.059174 -0.231948 0.970927 0.000000 0.000000 0.000000 0.000000 1.000000
0.998930 -0.034613 0.030683 0.000000 0.027090 0.975475 0.218436 15.875400 -0.037491 -0.217371 0.975369 0.000000 0.000000 0.000000 0.000000 1.000000
0.998691 -0.051091 -0.002308 0.000000 0.050401 0.975533 0.213999 15.875400 -0.008681 -0.213835 0.976831 0.000000 0.000000 0.000000 0.000000 1.000000
0.997612 -0.066300 -0.019349 0.000000 0.068942 0.972673 0.221705 15.875400 0.004121 -0.222510 0.974922 -0.000000 0.000000 0.000000 0.000000 1.000000
0.996471 -0.075121 -0.037452 -0.000000 0.081690 0.970492 0.226875 15.875400 0.019304 -0.229134 0.973203 0.000000 0.000000 0.000000 0.000000 1.000000
0.995245 -0.080709 -0.054527 -0.000000 0.091231 0.968524 0.231600 15.875400 0.034119 -0.235473 0.971282 -0.000000 0.000000 0.000000 0.000000 1.000000
0.994196 -0.082382 -0.069185 -0.000000 0.096527 0.967049 0.235581 15.875400 0.047498 -0.240892 0.969389 0.000000 0.000000 0.000000 0.000000 1.000000
0.993494 -0.080442 -0.080614 0.000000 0.097856 0.965090 0.242952 15.875400 0.058257 -0.249260 0.966683 0.000000 0.000000 0.000000 0.000000 1.000000
0.994270 -0.069783 -0.080975 0.000000 0.089126 0.959417 0.267535 15.875400 0.059020 -0.273220 0.960139 0.000000 0.000000 0.000000 0.000000 1.000000
0.995734 -0.054277 -0.074613 0.000000 0.073260 0.956693 0.281730 15.875400 0.056090 -0.285994 0.956588 0.000000 0.000000 0.000000 0.000000 1.000000
0.997144 -0.037742 -0.065420 0.000000 0.054823 0.957480 0.283242 15.875400 0.051948 -0.286019 0.956815 -0.000000 0.000000 0.000000 0.000000 1.000000
0.997944 -0.021063 -0.060531 0.000000 0.036993 0.960548 0.275643 15.875400 0.052337 -0.277316 0.959352 0.000000 0.000000 0.000000 0.000000 1.000000
0.998639 -0.018912 -0.048601 0.000000 0.030947 0.965013 0.260371 15.875400 0.041977 -0.261521 0.964285 0.000000 0.000000 0.000000 0.000000 1.000000
0.998961 -0.028120 -0.035872 0.000000 0.036411 0.965746 0.256922 15.875400 0.027419 -0.257961 0.965766 -0.000000 0.000000 0.000000 0.000000 1.000000
0.999542 -0.022041 -0.020755 0.000000 0.026705 0.964844 0.261463 15.875400 0.014262 -0.261898 0.964990 -0.000000 0.000000 0.000000 0.000000 1.000000
0.999996 -0.002866 0.000169 0.000000 0.002718 0.963850 0.266433 15.875400 -0.000927 -0.266431 0.963853 0.000000 0.000000 0.000000 0.000000 1.000000</float_array>
        <technique_common>
          <accessor source="#mixamorig_Spine2-Matrix-animation-output-transform-array" count="24" stride="16">
            <param type="float4x4"/>
          </accessor>
        </technique_common>
      </source>
      <source id="mixamorig_Spine2-Interpolations">
        <Name_array id="mixamorig_Spine2-Interpolations-array" count="24">
 LINEAR LINEAR LINEAR LINEAR LINEAR LINEAR LINEAR LINEAR LINEAR LINEAR LINEAR
LINEAR LINEAR LINEAR LINEAR LINEAR LINEAR LINEAR LINEAR LINEAR LINEAR LINEAR LINEAR
LINEAR</Name_array>
        <technique_common>
          <accessor source="#mixamorig_Spine2-Interpolations-array" count="24">
            <param type="name"/>
          </accessor>
        </technique_common>
      </source>
      <sampler id="mixamorig_Spine2-Matrix-animation-transform">
        <input semantic="INPUT" source="#mixamorig_Spine2-Matrix-animation-input"/>
        <input semantic="OUTPUT" source="#mixamorig_Spine2-Matrix-animation-output-transform"/>
        <input semantic="INTERPOLATION" source="#mixamorig_Spine2-Interpolations"/>
      </sampler>
      <channel source="#mixamorig_Spine2-Matrix-animation-transform" target="mixamorig_Spine2/matrix"/>
    </animation>
    <animation id="mixamorig_Neck-anim" name="mixamorig_Neck">
      <source id="mixamorig_Neck-Matrix-animation-input">
        <float_array id="mixamorig_Neck-Matrix-animation-input-array" count="24">

0.000000 0.033333 0.066667 0.100000 0.133333 0.166667 0.200000 0.233333 0.266667 0.300000 0.333333 0.366667 0.400000 0.433333 0.466667 0.500000
0.533333 0.566667 0.600000 0.633333 0.666667 0.700000 0.733333 0.766667</float_array>
        <technique_common>
          <accessor source="#mixamorig_Neck-Matrix-animation-input-array" count="24">
            <param name="TIME" type="float"/>
          </accessor>
        </technique_common>
      </source>
      <source id="mixamorig_Neck-Matrix-animation-output-transform">
        <float_array id="mixamorig_Neck-Matrix-animation-output-transform-array" count="384">

0.901670 -0.020733 0.431928 -0.000000 0.013565 0.999715 0.019669 26.173401 -0.432212 -0.011876 0.901694 -0.161200 0.000000 0.000000 0.000000 1.000000
0.908445 -0.032137 0.416767 -0.000000 0.006717 0.998034 0.062317 26.173401 -0.417950 -0.053812 0.906875 -0.161200 0.000000 0.000000 0.000000 1.000000
0.913717 -0.054585 0.402667 -0.000000 0.013739 0.994520 0.103638 26.173401 -0.406118 -0.089163 0.909460 -0.161200 0.000000 0.000000 0.000000 1.000000
0.919386 -0.072162 0.386681 -0.000000 0.025794 0.991973 0.123794 26.173401 -0.392510 -0.103840 0.913867 -0.161200 0.000000 0.000000 0.000000 1.000000
0.924936 -0.080716 0.371455 0.000000 0.037079 0.991694 0.123162 26.173401 -0.378311 -0.100144 0.920246 -0.161200 0.000000 0.000000 0.000000 1.000000
0.927314 -0.084047 0.364725 0.000000 0.049146 0.993367 0.103957 26.173401 -0.371043 -0.078476 0.925294 -0.161200 0.000000 0.000000 0.000000 1.000000
0.925064 -0.085198 0.370132 0.000000 0.052035 0.993756 0.098696 26.173401 -0.376230 -0.072040 0.923721 -0.161200 0.000000 0.000000 0.000000 1.000000
0.924895 -0.067795 0.374130 0.000000 0.031853 0.994332 0.101436 26.173401 -0.378886 -0.081901 0.921812 -0.161200 0.000000 0.000000 0.000000 1.000000
0.925075 -0.038211 0.377858 -0.000000 -0.004171 0.993843 0.110716 26.173401 -0.379763 -0.103996 0.919220 -0.161200 0.000000 0.000000 0.000000 1.000000
0.926771 -0.053194 0.371842 0.000000 0.000180 0.989985 0.141175 26.173401 -0.375628 -0.130769 0.917498 -0.161200 0.000000 0.000000 0.000000 1.000000
0.929014 -0.071300 0.363110 0.000000 0.016651 0.988322 0.151465 26.173401 -0.369670 -0.134666 0.919353 -0.161200 0.000000 0.000000 0.000000 1.000000
0.926463 -0.103082 0.361996 0.000000 0.048650 0.986495 0.156402 26.173401 -0.373229 -0.127289 0.918965 -0.161200 0.000000 0.000000 0.000000 1.000000
0.920956 -0.123589 0.369547 -0.000000 0.074402 0.986694 0.144565 26.173401 -0.382497 -0.105643 0.917897 -0.161200 0.000000 0.000000 0.000000 1.000000
0.913559 -0.130346 0.385254 0.000000 0.088330 0.988230 0.124897 26.173401 -0.396999 -0.080071 0.914320 -0.161200 0.000000 0.000000 0.000000 1.000000
0.903052 -0.109409 0.415364 0.000000 0.077322 0.992626 0.093356 26.173401 -0.422515 -0.052188 0.904852 -0.161200 0.000000 0.000000 0.000000 1.000000
0.891039 -0.070048 0.448490 0.000000 0.051817 0.997259 0.052812 26.173401 -0.450960 -0.023818 0.892226 -0.161200 0.000000 0.000000 0.000000 1.000000
0.880369 -0.001079 0.474287 0.000000 0.002188 0.999996 -0.001786 26.173401 -0.474283 0.002610 0.880368 -0.161200 0.000000 0.000000 0.000000 1.000000
0.874437 0.037493 0.483689 -0.000000 -0.021133 0.999007 -0.039232 26.173401 -0.484679 0.024084 0.874360 -0.161200 0.000000 0.000000 0.000000 1.000000
0.871292 0.052135 0.487988 0.000000 -0.028403 0.998032 -0.055913 26.173401 -0.489942 0.034856 0.871058 -0.161200 0.000000 0.000000 0.000000 1.000000
0.872880 0.040107 0.486284 0.000000 -0.016870 0.998501 -0.052072 26.173401 -0.487644 0.037249 0.872248 -0.161200 0.000000 0.000000 0.000000 1.000000
0.873862 0.015920 0.485913 0.000000 0.003616 0.999223 -0.039241 26.173401 -0.486160 0.036049 0.873126 -0.161200 0.000000 0.000000 0.000000 1.000000
0.882097 -0.003450 0.471054 0.000000 0.015594 0.999639 -0.021879 26.173401 -0.470809 0.026645 0.881833 -0.161200 0.000000 0.000000 0.000000 1.000000
0.894791 -0.011153 0.446347 -0.000000 0.013938 0.999898 -0.002956 26.173401 -0.446269 0.008866 0.894855 -0.161200 0.000000 0.000000 0.000000 1.000000
0.901674 -0.020745 0.431919 0.000000 0.013587 0.999715 0.019650 26.173401 -0.432203 -0.011850 0.901698 -0.161200 0.000000 0.000000 0.000000 1.000000</float_array>
        <technique_common>
          <accessor source="#mixamorig_Neck-Matrix-animation-output-transform-array" count="24" stride="16">
            <param type="float4x4"/>
          </accessor>
        </technique_common>
      </source>
      <source id="mixamorig_Neck-Interpolations">
        <Name_array id="mixamorig_Neck-Interpolations-array" count="24">
 LINEAR LINEAR LINEAR LINEAR LINEAR LINEAR LINEAR LINEAR LINEAR LINEAR LINEAR
LINEAR LINEAR LINEAR LINEAR LINEAR LINEAR LINEAR LINEAR LINEAR LINEAR LINEAR LINEAR
LINEAR</Name_array>
        <technique_common>
          <accessor source="#mixamorig_Neck-Interpolations-array" count="24">
            <param type="name"/>
          </accessor>
        </technique_common>
      </source>
      <sampler id="mixamorig_Neck-Matrix-animation-transform">
        <input semantic="INPUT" source="#mixamorig_Neck-Matrix-animation-input"/>
        <input semantic="OUTPUT" source="#mixamorig_Neck-Matrix-animation-output-transform"/>
        <input semantic="INTERPOLATION" source="#mixamorig_Neck-Interpolations"/>
      </sampler>
      <channel source="#mixamorig_Neck-Matrix-animation-transform" target="mixamorig_Neck/matrix"/>
    </animation>
    <animation id="mixamorig_Head-anim" name="mixamorig_Head">
      <source id="mixamorig_Head-Matrix-animation-input">
        <float_array id="mixamorig_Head-Matrix-animation-input-array" count="24">

0.000000 0.033333 0.066667 0.100000 0.133333 0.166667 0.200000 0.233333 0.266667 0.300000 0.333333 0.366667 0.400000 0.433333 0.466667 0.500000
0.533333 0.566667 0.600000 0.633333 0.666667 0.700000 0.733333 0.766667</float_array>
        <technique_common>
          <accessor source="#mixamorig_Head-Matrix-animation-input-array" count="24">
            <param name="TIME" type="float"/>
          </accessor>
        </technique_common>
      </source>
      <source id="mixamorig_Head-Matrix-animation-output-transform">
        <float_array id="mixamorig_Head-Matrix-animation-output-transform-array" count="384">

0.841108 0.124047 0.526450 0.000000 -0.111151 0.992213 -0.056209 14.369300 -0.529323 -0.011237 0.848346 0.127800 0.000000 0.000000 0.000000 1.000000
0.850648 0.103859 0.515375 0.000000 -0.084474 0.994557 -0.060997 14.369300 -0.518904 0.008351 0.854792 0.127800 0.000000 0.000000 0.000000 1.000000
0.860900 0.099068 0.499037 0.000000 -0.072213 0.994722 -0.072894 14.369300 -0.503624 0.026717 0.863510 0.127800 0.000000 0.000000 0.000000 1.000000
0.871955 0.090900 0.481073 0.000000 -0.063151 0.995286 -0.073599 14.369300 -0.485496 0.033795 0.873586 0.127800 0.000000 0.000000 0.000000 1.000000
0.883844 0.090149 0.459013 -0.000000 -0.063764 0.995314 -0.072696 14.369300 -0.463415 0.034984 0.885450 0.127800 0.000000 0.000000 0.000000 1.000000
0.893837 0.096499 0.437885 0.000000 -0.077395 0.995113 -0.061316 14.369300 -0.441662 0.020916 0.896938 0.127800 0.000000 0.000000 0.000000 1.000000
0.896394 0.091136 0.433787 0.000000 -0.078546 0.995807 -0.046902 14.369300 -0.436243 0.007971 0.899794 0.127800 0.000000 0.000000 0.000000 1.000000
0.892237 0.059129 0.447680 0.000000 -0.060038 0.998122 -0.012173 14.369300 -0.447559 -0.016016 0.894111 0.127800 0.000000 0.000000 0.000000 1.000000
0.886934 0.014872 0.461656 -0.000000 -0.029291 0.999281 0.024083 14.369300 -0.460966 -0.034882 0.886732 0.127800 0.000000 0.000000 0.000000 1.000000
0.878018 0.013056 0.478449 0.000000 -0.026847 0.999398 0.021996 14.369300 -0.477873 -0.032158 0.877840 0.127800 0.000000 0.000000 0.000000 1.000000
0.871436 0.022530 0.489991 0.000000 -0.041485 0.998751 0.027856 14.369300 -0.488751 -0.044602 0.871282 0.127800 0.000000 0.000000 0.000000 1.000000
0.864300 0.041464 0.501264 0.000000 -0.056310 0.998308 0.014512 14.369300 -0.499814 -0.040769 0.865173 0.127800 0.000000 0.000000 0.000000 1.000000
0.853321 0.053651 0.518618 -0.000000 -0.062548 0.998042 -0.000333 14.369300 -0.517620 -0.032155 0.855006 0.127800 0.000000 0.000000 0.000000 1.000000
0.841289 0.065526 0.536600 0.000000 -0.065091 0.997683 -0.019780 14.369300 -0.536653 -0.018287 0.843605 0.127800 0.000000 0.000000 0.000000 1.000000
0.828694 0.081985 0.553664 -0.000000 -0.062833 0.996588 -0.053527 14.369300 -0.556163 0.009569 0.831018 0.127800 0.000000 0.000000 0.000000 1.000000
0.816650 0.096896 0.568941 0.000000 -0.058977 0.994656 -0.084745 14.369300 -0.574112 0.035653 0.818000 0.127800 0.000000 0.000000 0.000000 1.000000
0.809937 0.093072 0.579085 0.000000 -0.056968 0.995144 -0.080263 14.369300 -0.583744 0.032019 0.811307 0.127800 0.000000 0.000000 0.000000 1.000000
0.797821 0.095502 0.595283 -0.000000 -0.070764 0.995383 -0.064850 14.369300 -0.598727 0.009614 0.800895 0.127800 0.000000 0.000000 0.000000 1.000000
0.794153 0.099987 0.599436 -0.000000 -0.080628 0.994988 -0.059147 14.369300 -0.602346 -0.001360 0.798234 0.127800 0.000000 0.000000 0.000000 1.000000
0.789821 0.113671 0.602712 0.000000 -0.090844 0.993518 -0.068331 14.369300 -0.606572 -0.000783 0.795028 0.127800 0.000000 0.000000 0.000000 1.000000
0.803105 0.127359 0.582067 0.000000 -0.106455 0.991841 -0.070139 14.369300 -0.586251 -0.005636 0.810110 0.127800 0.000000 0.000000 0.000000 1.000000
0.814361 0.130493 0.565498 0.000000 -0.114208 0.991374 -0.064299 14.369300 -0.569011 -0.012222 0.822239 0.127800 0.000000 0.000000 0.000000 1.000000
0.824613 0.124313 0.551869 0.000000 -0.112070 0.992120 -0.056026 14.369300 -0.554485 -0.015648 0.832046 0.127800 0.000000 0.000000 0.000000 1.000000
0.841095 0.124066 0.526467 -0.000000 -0.111115 0.992211 -0.056302 14.369300 -0.529352 -0.011143 0.848329 0.127800 0.000000 0.000000 0.000000 1.000000</float_array>
        <technique_common>
          <accessor source="#mixamorig_Head-Matrix-animation-output-transform-array" count="24" stride="16">
            <param type="float4x4"/>
          </accessor>
        </technique_common>
      </source>
      <source id="mixamorig_Head-Interpolations">
        <Name_array id="mixamorig_Head-Interpolations-array" count="24">
 LINEAR LINEAR LINEAR LINEAR LINEAR LINEAR LINEAR LINEAR LINEAR LINEAR LINEAR
LINEAR LINEAR LINEAR LINEAR LINEAR LINEAR LINEAR LINEAR LINEAR LINEAR LINEAR LINEAR
LINEAR</Name_array>
        <technique_common>
          <accessor source="#mixamorig_Head-Interpolations-array" count="24">
            <param type="name"/>
          </accessor>
        </technique_common>
      </source>
      <sampler id="mixamorig_Head-Matrix-animation-transform">
        <input semantic="INPUT" source="#mixamorig_Head-Matrix-animation-input"/>
        <input semantic="OUTPUT" source="#mixamorig_Head-Matrix-animation-output-transform"/>
        <input semantic="INTERPOLATION" source="#mixamorig_Head-Interpolations"/>
      </sampler>
      <channel source="#mixamorig_Head-Matrix-animation-transform" target="mixamorig_Head/matrix"/>
    </animation>
    <animation id="mixamorig_LeftShoulder-anim" name="mixamorig_LeftShoulder">
      <source id="mixamorig_LeftShoulder-Matrix-animation-input">
        <float_array id="mixamorig_LeftShoulder-Matrix-animation-input-array" count="24">

0.000000 0.033333 0.066667 0.100000 0.133333 0.166667 0.200000 0.233333 0.266667 0.300000 0.333333 0.366667 0.400000 0.433333 0.466667 0.500000
0.533333 0.566667 0.600000 0.633333 0.666667 0.700000 0.733333 0.766667</float_array>
        <technique_common>
          <accessor source="#mixamorig_LeftShoulder-Matrix-animation-input-array" count="24">
            <param name="TIME" type="float"/>
          </accessor>
        </technique_common>
      </source>
      <source id="mixamorig_LeftShoulder-Matrix-animation-output-transform">
        <float_array id="mixamorig_LeftShoulder-Matrix-animation-output-transform-array" count="384">

-0.129628 0.963038 -0.236123 9.358700 -0.066616 -0.246052 -0.966965 25.286100 -0.989322 -0.109616 0.096049 -1.885500 0.000000 0.000000 0.000000 1.000000
-0.136452 0.961458 -0.238704 9.358700 -0.068567 -0.249546 -0.965932 25.286100 -0.988271 -0.115436 0.099976 -1.885500 0.000000 0.000000 0.000000 1.000000
-0.152039 0.958805 -0.239950 9.358700 -0.074178 -0.253157 -0.964577 25.286100 -0.985587 -0.128855 0.109613 -1.885500 0.000000 0.000000 0.000000 1.000000
-0.173837 0.954172 -0.243591 9.358700 -0.081106 -0.260389 -0.962091 25.286100 -0.981429 -0.147490 0.122654 -1.885500 0.000000 0.000000 0.000000 1.000000
-0.196311 0.949151 -0.246119 9.358700 -0.088271 -0.267091 -0.959620 25.286100 -0.976560 -0.166659 0.136215 -1.885500 0.000000 0.000000 0.000000 1.000000
-0.215411 0.944568 -0.247767 9.358700 -0.094232 -0.272646 -0.957489 25.286100 -0.971966 -0.182906 0.147740 -1.885500 0.000000 0.000000 0.000000 1.000000
-0.227109 0.941572 -0.248723 9.358700 -0.097731 -0.276143 -0.956135 25.286100 -0.968953 -0.192839 0.154735 -1.885500 0.000000 0.000000 0.000000 1.000000
-0.227789 0.941384 -0.248815 9.358700 -0.097943 -0.276389 -0.956042 25.286100 -0.968772 -0.193406 0.155161 -1.885500 0.000000 0.000000 0.000000 1.000000
-0.219084 0.943935 -0.246958 9.358700 -0.096270 -0.272785 -0.957246 25.286100 -0.970945 -0.185943 0.150635 -1.885500 0.000000 0.000000 0.000000 1.000000
-0.203953 0.948128 -0.243839 9.358700 -0.093032 -0.266718 -0.959274 25.286100 -0.974550 -0.172962 0.142603 -1.885500 0.000000 0.000000 0.000000 1.000000
-0.184452 0.953143 -0.239783 9.358700 -0.088410 -0.259071 -0.961804 25.286100 -0.978857 -0.156207 0.132054 -1.885500 0.000000 0.000000 0.000000 1.000000
-0.161795 0.958721 -0.233828 9.358700 -0.082899 -0.249317 -0.964867 25.286100 -0.983336 -0.136727 0.119816 -1.885500 0.000000 0.000000 0.000000 1.000000
-0.138773 0.963791 -0.227703 9.358700 -0.076429 -0.239665 -0.967843 25.286100 -0.987371 -0.116907 0.106921 -1.885500 0.000000 0.000000 0.000000 1.000000
-0.117518 0.968039 -0.221564 9.358700 -0.070011 -0.230631 -0.970519 25.286100 -0.990600 -0.098542 0.094877 -1.885500 0.000000 0.000000 0.000000 1.000000
-0.100596 0.971195 -0.216012 9.358700 -0.064091 -0.222988 -0.972712 25.286100 -0.992861 -0.084006 0.084677 -1.885500 0.000000 0.000000 0.000000 1.000000
-0.087082 0.973555 -0.211205 9.358700 -0.058760 -0.216661 -0.974477 25.286100 -0.994467 -0.072449 0.076074 -1.885500 0.000000 0.000000 0.000000 1.000000
-0.081925 0.974432 -0.209215 9.358700 -0.055444 -0.214051 -0.975248 25.286100 -0.995095 -0.068298 0.071563 -1.885500 0.000000 0.000000 0.000000 1.000000
-0.083460 0.974056 -0.210353 9.358700 -0.054586 -0.215242 -0.975034 25.286100 -0.995015 -0.069894 0.071134 -1.885500 0.000000 0.000000 0.000000 1.000000
-0.089810 0.972658 -0.214175 9.358700 -0.055741 -0.219616 -0.973993 25.286100 -0.994398 -0.075536 0.073940 -1.885500 0.000000 0.000000 0.000000 1.000000
-0.099154 0.970546 -0.219566 9.358700 -0.058136 -0.225926 -0.972408 25.286100 -0.993372 -0.083653 0.078826 -1.885500 0.000000 0.000000 0.000000 1.000000
-0.109664 0.968067 -0.225431 9.358700 -0.061038 -0.232930 -0.970576 25.286100 -0.992093 -0.092678 0.084633 -1.885500 0.000000 0.000000 0.000000 1.000000
-0.119429 0.965722 -0.230474 9.358700 -0.063827 -0.239123 -0.968889 25.286100 -0.990789 -0.101003 0.090197 -1.885500 0.000000 0.000000 0.000000 1.000000
-0.127342 0.963225 -0.236605 9.358700 -0.065558 -0.246199 -0.967000 25.286100 -0.989690 -0.107628 0.094499 -1.885500 0.000000 0.000000 0.000000 1.000000
-0.129628 0.963038 -0.236122 9.358700 -0.066617 -0.246052 -0.966965 25.286100 -0.989322 -0.109616 0.096050 -1.885500 0.000000 0.000000 0.000000 1.000000</float_array>
        <technique_common>
          <accessor source="#mixamorig_LeftShoulder-Matrix-animation-output-transform-array" count="24" stride="16">
            <param type="float4x4"/>
          </accessor>
        </technique_common>
      </source>
      <source id="mixamorig_LeftShoulder-Interpolations">
        <Name_array id="mixamorig_LeftShoulder-Interpolations-array" count="24">
 LINEAR LINEAR LINEAR LINEAR LINEAR LINEAR LINEAR LINEAR LINEAR LINEAR LINEAR
LINEAR LINEAR LINEAR LINEAR LINEAR LINEAR LINEAR LINEAR LINEAR LINEAR LINEAR LINEAR
LINEAR</Name_array>
        <technique_common>
          <accessor source="#mixamorig_LeftShoulder-Interpolations-array" count="24">
            <param type="name"/>
          </accessor>
        </technique_common>
      </source>
      <sampler id="mixamorig_LeftShoulder-Matrix-animation-transform">
        <input semantic="INPUT" source="#mixamorig_LeftShoulder-Matrix-animation-input"/>
        <input semantic="OUTPUT" source="#mixamorig_LeftShoulder-Matrix-animation-output-transform"/>
        <input semantic="INTERPOLATION" source="#mixamorig_LeftShoulder-Interpolations"/>
      </sampler>
