<?xml version="1.0" encoding="utf-8"?>
<COLLADA xmlns="http://www.collada.org/2005/11/COLLADASchema" version="1.4.1">
  <asset>
    <contributor>
      <author>Mixamo</author>
      <authoring_tool>COLLADA Mixamo exporter</authoring_tool>
      <comments/>
    </contributor>
    <created>2025-11-14T05:17:40Z</created>
    <modified>2025-11-14T05:17:40Z</modified>
    <revision/>
    <title/>
    <unit meter="0.010000"/>
    <up_axis>Y_UP</up_axis>
  </asset>
  <library_animations>
    <animation id="mixamorig_Hips-anim" name="mixamorig_Hips">
      <source id="mixamorig_Hips-Matrix-animation-input">
        <float_array id="mixamorig_Hips-Matrix-animation-input-array" count="30">

0.000000 0.033333 0.066667 0.100000 0.133333 0.166667 0.200000 0.233333 0.266667 0.300000 0.333333 0.366667 0.400000 0.433333 0.466667 0.500000
0.533333 0.566667 0.600000 0.633333 0.666667 0.700000 0.733333 0.766667 0.800000 0.833333 0.866667 0.900000 0.933333 0.966667</float_array>
        <technique_common>
          <accessor source="#mixamorig_Hips-Matrix-animation-input-array" count="30">
            <param name="TIME" type="float"/>
          </accessor>
        </technique_common>
      </source>
      <source id="mixamorig_Hips-Matrix-animation-output-transform">
        <float_array id="mixamorig_Hips-Matrix-animation-output-transform-array" count="480">

0.522569 -0.060166 -0.850471 0.204838 0.069742 0.997181 -0.027692 100.640419 0.849740 -0.044842 0.525292 -0.652121 0.000000 0.000000 0.000000 1.000000
0.524720 -0.045611 -0.850052 0.000663 0.057756 0.998170 -0.017907 100.697403 0.849313 -0.039700 0.526395 -0.226696 0.000000 0.000000 0.000000 1.000000
0.526899 -0.029507 -0.849415 -0.435783 0.045006 0.998964 -0.006784 100.713181 0.848735 -0.034654 0.527681 0.211923 0.000000 0.000000 0.000000 1.000000
0.528499 -0.016351 -0.848776 -0.771985 0.033701 0.999430 0.001731 100.807716 0.848265 -0.029520 0.528749 0.594360 0.000000 0.000000 0.000000 1.000000
0.529842 -0.011105 -0.848024 -0.700220 0.026427 0.999645 0.003421 101.097916 0.847684 -0.024223 0.529947 0.827285 0.000000 0.000000 0.000000 1.000000
0.529225 -0.010890 -0.848412 -0.499818 0.021583 0.999767 0.000631 101.550522 0.848207 -0.018645 0.529336 0.985821 0.000000 0.000000 0.000000 1.000000
0.519854 -0.020593 -0.854007 -0.375529 0.021140 0.999713 -0.011237 102.422005 0.853994 -0.012212 0.520140 1.057407 0.000000 0.000000 0.000000 1.000000
0.506266 -0.020777 -0.862127 -0.081622 0.015271 0.999769 -0.015127 103.292892 0.862242 -0.005508 0.506467 1.014567 0.000000 0.000000 0.000000 1.000000
0.498926 -0.017381 -0.866470 0.263059 0.006694 0.999846 -0.016202 103.740891 0.866619 0.002283 0.498966 0.767449 0.000000 0.000000 0.000000 1.000000
0.498835 -0.010019 -0.866639 0.645145 -0.002084 0.999916 -0.012759 103.598793 0.866694 0.008170 0.498773 0.352789 0.000000 0.000000 0.000000 1.000000
0.501892 0.003890 -0.864922 1.085634 -0.008095 0.999967 -0.000200 102.962326 0.864892 0.007102 0.501907 -0.167838 0.000000 0.000000 0.000000 1.000000
0.501165 0.019745 -0.865127 1.532640 -0.008570 0.999804 0.017855 102.139374 0.865310 -0.001534 0.501236 -0.553779 0.000000 0.000000 0.000000 1.000000
0.494388 0.030206 -0.868716 1.881466 -0.005742 0.999488 0.031486 101.450653 0.869222 -0.010578 0.494308 -0.813732 0.000000 0.000000 0.000000 1.000000
0.487574 0.030367 -0.872553 2.038573 0.002015 0.999353 0.035906 101.119019 0.873079 -0.019265 0.487197 -0.992088 0.000000 0.000000 0.000000 1.000000
0.481809 0.027709 -0.875838 2.127255 0.010759 0.999237 0.037532 100.908356 0.876210 -0.027507 0.481144 -1.140713 0.000000 0.000000 0.000000 1.000000
0.481953 0.020764 -0.875951 2.065535 0.020488 0.999179 0.034958 100.945534 0.875957 -0.034795 0.481132 -1.222270 0.000000 0.000000 0.000000 1.000000
0.488438 0.014090 -0.872485 1.929569 0.028193 0.999093 0.031918 101.065857 0.872143 -0.040187 0.487598 -1.277740 0.000000 0.000000 0.000000 1.000000
0.495048 0.007421 -0.868834 1.769802 0.034526 0.999006 0.028205 101.151291 0.868179 -0.043960 0.494299 -1.301863 0.000000 0.000000 0.000000 1.000000
0.499651 0.000713 -0.866226 1.598788 0.039304 0.998951 0.023494 101.152069 0.865335 -0.045785 0.499099 -1.287520 0.000000 0.000000 0.000000 1.000000
0.503953 -0.006018 -0.863710 1.422004 0.043716 0.998872 0.018548 101.135094 0.862624 -0.047105 0.503648 -1.263907 0.000000 0.000000 0.000000 1.000000
0.507938 -0.012734 -0.861299 1.243571 0.047873 0.998763 0.013466 101.104996 0.860062 -0.048073 0.507919 -1.233224 0.000000 0.000000 0.000000 1.000000
0.511585 -0.019398 -0.859014 1.067614 0.051889 0.998618 0.008353 101.066429 0.857664 -0.048847 0.511885 -1.197669 0.000000 0.000000 0.000000 1.000000
0.514869 -0.025977 -0.856875 0.898255 0.055884 0.998432 0.003310 101.024040 0.855446 -0.049590 0.515513 -1.159439 0.000000 0.000000 0.000000 1.000000
0.517421 -0.032738 -0.855104 0.730321 0.059885 0.998203 -0.001980 100.961159 0.853633 -0.050183 0.518452 -1.112733 0.000000 0.000000 0.000000 1.000000
0.519116 -0.039306 -0.853800 0.573080 0.063462 0.997957 -0.007357 100.879059 0.852345 -0.050365 0.520550 -1.054528 0.000000 0.000000 0.000000 1.000000
0.520293 -0.044692 -0.852818 0.452316 0.066050 0.997744 -0.011990 100.809326 0.851430 -0.050090 0.522071 -0.991189 0.000000 0.000000 0.000000 1.000000
0.521083 -0.048573 -0.852123 0.376340 0.067459 0.997600 -0.015614 100.762390 0.850836 -0.049347 0.523109 -0.924877 0.000000 0.000000 0.000000 1.000000
0.521529 -0.051622 -0.851671 0.326011 0.068156 0.997499 -0.018726 100.724159 0.850507 -0.048281 0.523743 -0.854956 0.000000 0.000000 0.000000 1.000000
0.521837 -0.054338 -0.851313 0.285942 0.068568 0.997412 -0.021633 100.689400 0.850285 -0.047084 0.524212 -0.783590 0.000000 0.000000 0.000000 1.000000
0.522212 -0.057218 -0.850894 0.240743 0.069124 0.997304 -0.024641 100.652908 0.850010 -0.045950 0.524759 -0.712946 0.000000 0.000000 0.000000 1.000000</float_array>
        <technique_common>
          <accessor source="#mixamorig_Hips-Matrix-animation-output-transform-array" count="30" stride="16">
            <param type="float4x4"/>
          </accessor>
        </technique_common>
      </source>
      <source id="mixamorig_Hips-Interpolations">
        <Name_array id="mixamorig_Hips-Interpolations-array" count="30">
 LINEAR LINEAR LINEAR LINEAR LINEAR LINEAR LINEAR LINEAR LINEAR LINEAR LINEAR
LINEAR LINEAR LINEAR LINEAR LINEAR LINEAR LINEAR LINEAR LINEAR LINEAR LINEAR LINEAR
LINEAR LINEAR LINEAR LINEAR LINEAR LINEAR LINEAR</Name_array>
        <technique_common>
          <accessor source="#mixamorig_Hips-Interpolations-array" count="30">
            <param type="name"/>
          </accessor>
        </technique_common>
      </source>
      <sampler id="mixamorig_Hips-Matrix-animation-transform">
        <input semantic="INPUT" source="#mixamorig_Hips-Matrix-animation-input"/>
        <input semantic="OUTPUT" source="#mixamorig_Hips-Matrix-animation-output-transform"/>
        <input semantic="INTERPOLATION" source="#mixamorig_Hips-Interpolations"/>
      </sampler>
      <channel source="#mixamorig_Hips-Matrix-animation-transform" target="mixamorig_Hips/matrix"/>
    </animation>
    <animation id="mixamorig_Spine-anim" name="mixamorig_Spine">
      <source id="mixamorig_Spine-Matrix-animation-input">
        <float_array id="mixamorig_Spine-Matrix-animation-input-array" count="30">

0.000000 0.033333 0.066667 0.100000 0.133333 0.166667 0.200000 0.233333 0.266667 0.300000 0.333333 0.366667 0.400000 0.433333 0.466667 0.500000
0.533333 0.566667 0.600000 0.633333 0.666667 0.700000 0.733333 0.766667 0.800000 0.833333 0.866667 0.900000 0.933333 0.966667</float_array>
        <technique_common>
          <accessor source="#mixamorig_Spine-Matrix-animation-input-array" count="30">
            <param name="TIME" type="float"/>
          </accessor>
        </technique_common>
      </source>
      <source id="mixamorig_Spine-Matrix-animation-output-transform">
        <float_array id="mixamorig_Spine-Matrix-animation-output-transform-array" count="480">

0.998816 0.048625 0.001207 0.000000 -0.047275 0.976313 -0.211137 8.536500 -0.011445 0.210830 0.977456 0.187100 0.000000 0.000000 0.000000 1.000000
0.998721 0.050567 0.000098 -0.000000 -0.049428 0.976635 -0.209142 8.536500 -0.010671 0.208870 0.977885 0.187100 0.000000 0.000000 0.000000 1.000000
0.998614 0.052615 -0.001339 0.000000 -0.051780 0.977567 -0.204159 8.536500 -0.009433 0.203945 0.978937 0.187100 0.000000 0.000000 0.000000 1.000000
0.998529 0.054191 -0.001972 0.000000 -0.053510 0.978769 -0.197860 8.536500 -0.008793 0.197674 0.980228 0.187100 0.000000 0.000000 0.000000 1.000000
0.998509 0.054579 -0.000419 0.000000 -0.053666 0.980352 -0.189816 8.536500 -0.009949 0.189555 0.981820 0.187100 0.000000 0.000000 0.000000 1.000000
0.998536 0.054052 0.002167 0.000000 -0.052769 0.982078 -0.180939 8.536500 -0.011908 0.180559 0.983492 0.187100 0.000000 0.000000 0.000000 1.000000
0.998659 0.051446 0.005789 0.000000 -0.049690 0.983889 -0.171738 8.536500 -0.014531 0.171220 0.985126 0.187100 0.000000 0.000000 0.000000 1.000000
0.998841 0.047673 0.006702 -0.000000 -0.045931 0.985399 -0.163946 8.536500 -0.014420 0.163448 0.986447 0.187100 0.000000 0.000000 0.000000 1.000000
0.999028 0.043834 0.004561 0.000000 -0.042530 0.986044 -0.160961 8.536500 -0.011553 0.160610 0.986950 0.187100 0.000000 0.000000 0.000000 1.000000
0.999149 0.041162 0.002725 -0.000000 -0.040172 0.985877 -0.162584 8.536500 -0.009379 0.162336 0.986691 0.187100 0.000000 0.000000 0.000000 1.000000
0.999192 0.040077 0.002967 0.000000 -0.038992 0.984718 -0.169738 8.536500 -0.009724 0.169485 0.985485 0.187100 0.000000 0.000000 0.000000 1.000000
0.999192 0.040018 0.003667 0.000000 -0.038709 0.982957 -0.179712 8.536500 -0.010796 0.179425 0.983712 0.187100 0.000000 0.000000 0.000000 1.000000
0.999202 0.039682 0.004442 -0.000000 -0.038135 0.981345 -0.188434 8.536500 -0.011837 0.188114 0.982076 0.187100 0.000000 0.000000 0.000000 1.000000
0.999294 0.037200 0.005294 0.000000 -0.035479 0.980549 -0.193042 8.536500 -0.012373 0.192718 0.981176 0.187100 0.000000 0.000000 0.000000 1.000000
0.999395 0.034231 0.006143 0.000000 -0.032356 0.979943 -0.196633 8.536500 -0.012751 0.196315 0.980458 0.187100 0.000000 0.000000 0.000000 1.000000
0.999498 0.030955 0.006815 0.000000 -0.028978 0.979517 -0.199268 8.536500 -0.012844 0.198970 0.979921 0.187100 0.000000 0.000000 0.000000 1.000000
0.999566 0.028667 0.006841 0.000000 -0.026705 0.979176 -0.201248 8.536500 -0.012468 0.200978 0.979517 0.187100 0.000000 0.000000 0.000000 1.000000
0.999584 0.028106 0.006525 -0.000000 -0.026198 0.978847 -0.202911 8.536500 -0.012090 0.202655 0.979175 0.187100 0.000000 0.000000 0.000000 1.000000
0.999534 0.029946 0.005881 -0.000000 -0.028113 0.978491 -0.204365 8.536500 -0.011874 0.204104 0.978877 0.187100 0.000000 0.000000 0.000000 1.000000
0.999461 0.032438 0.005113 0.000000 -0.030692 0.978116 -0.205783 8.536500 -0.011677 0.205516 0.978584 0.187100 0.000000 0.000000 0.000000 1.000000
0.999368 0.035282 0.004295 0.000000 -0.033628 0.977736 -0.207127 8.536500 -0.011507 0.206852 0.978305 0.187100 0.000000 0.000000 0.000000 1.000000
0.999265 0.038178 0.003500 0.000000 -0.036612 0.977367 -0.208357 8.536500 -0.011375 0.208076 0.978047 0.187100 0.000000 0.000000 0.000000 1.000000
0.999162 0.040828 0.002804 0.000000 -0.039336 0.977031 -0.209436 8.536500 -0.011290 0.209150 0.977818 0.187100 0.000000 0.000000 0.000000 1.000000
0.999055 0.043399 0.002270 0.000000 -0.041953 0.976758 -0.210200 8.536500 -0.011339 0.209907 0.977656 0.187100 0.000000 0.000000 0.000000 1.000000
0.998947 0.045846 0.001890 0.000000 -0.044420 0.976558 -0.210623 8.536500 -0.011502 0.210318 0.977565 0.187100 0.000000 0.000000 0.000000 1.000000
0.998867 0.047550 0.001638 0.000000 -0.046136 0.976424 -0.210872 8.536500 -0.011626 0.210557 0.977512 0.187100 0.000000 0.000000 0.000000 1.000000
0.998831 0.048314 0.001503 0.000000 -0.046909 0.976359 -0.211002 8.536500 -0.011662 0.210685 0.977484 0.187100 0.000000 0.000000 0.000000 1.000000
0.998819 0.048555 0.001460 0.000000 -0.047154 0.976346 -0.211011 8.536500 -0.011672 0.210693 0.977483 0.187100 0.000000 0.000000 0.000000 1.000000
0.998818 0.048589 0.001454 -0.000000 -0.047189 0.976353 -0.210970 8.536500 -0.011670 0.210652 0.977491 0.187100 0.000000 0.000000 0.000000 1.000000
0.998811 0.048727 0.001429 0.000000 -0.047329 0.976349 -0.210954 8.536500 -0.011675 0.210636 0.977495 0.187100 0.000000 0.000000 0.000000 1.000000</float_array>
        <technique_common>
          <accessor source="#mixamorig_Spine-Matrix-animation-output-transform-array" count="30" stride="16">
            <param type="float4x4"/>
          </accessor>
        </technique_common>
      </source>
      <source id="mixamorig_Spine-Interpolations">
        <Name_array id="mixamorig_Spine-Interpolations-array" count="30">
 LINEAR LINEAR LINEAR LINEAR LINEAR LINEAR LINEAR LINEAR LINEAR LINEAR LINEAR
LINEAR LINEAR LINEAR LINEAR LINEAR LINEAR LINEAR LINEAR LINEAR LINEAR LINEAR LINEAR
LINEAR LINEAR LINEAR LINEAR LINEAR LINEAR LINEAR</Name_array>
        <technique_common>
          <accessor source="#mixamorig_Spine-Interpolations-array" count="30">
            <param type="name"/>
          </accessor>
        </technique_common>
      </source>
      <sampler id="mixamorig_Spine-Matrix-animation-transform">
        <input semantic="INPUT" source="#mixamorig_Spine-Matrix-animation-input"/>
        <input semantic="OUTPUT" source="#mixamorig_Spine-Matrix-animation-output-transform"/>
        <input semantic="INTERPOLATION" source="#mixamorig_Spine-Interpolations"/>
      </sampler>
      <channel source="#mixamorig_Spine-Matrix-animation-transform" target="mixamorig_Spine/matrix"/>
    </animation>
    <animation id="mixamorig_Spine1-anim" name="mixamorig_Spine1">
      <source id="mixamorig_Spine1-Matrix-animation-input">
        <float_array id="mixamorig_Spine1-Matrix-animation-input-array" count="30">

0.000000 0.033333 0.066667 0.100000 0.133333 0.166667 0.200000 0.233333 0.266667 0.300000 0.333333 0.366667 0.400000 0.433333 0.466667 0.500000
0.533333 0.566667 0.600000 0.633333 0.666667 0.700000 0.733333 0.766667 0.800000 0.833333 0.866667 0.900000 0.933333 0.966667</float_array>
        <technique_common>
          <accessor source="#mixamorig_Spine1-Matrix-animation-input-array" count="30">
            <param name="TIME" type="float"/>
          </accessor>
        </technique_common>
      </source>
      <source id="mixamorig_Spine1-Matrix-animation-output-transform">
        <float_array id="mixamorig_Spine1-Matrix-animation-output-transform-array" count="480">

0.995240 0.097444 -0.001098 0.000000 -0.096568 0.984646 -0.145419 9.685800 -0.013089 0.144833 0.989370 0.000000 0.000000 0.000000 0.000000 1.000000
0.994910 0.100725 -0.003018 -0.000000 -0.100158 0.985119 -0.139672 9.685800 -0.011095 0.139263 0.990193 -0.000000 0.000000 0.000000 0.000000 1.000000
0.994675 0.102940 -0.004969 -0.000000 -0.102759 0.986942 -0.124038 9.685800 -0.007864 0.123888 0.992265 0.000000 0.000000 0.000000 0.000000 1.000000
0.994503 0.104560 -0.005632 0.000000 -0.104566 0.988849 -0.106038 9.685800 -0.005518 0.106044 0.994346 -0.000000 0.000000 0.000000 0.000000 1.000000
0.994475 0.104929 -0.003062 0.000000 -0.104798 0.990701 -0.086767 9.685800 -0.006071 0.086608 0.996224 0.000000 0.000000 0.000000 0.000000 1.000000
0.994495 0.104777 0.000922 0.000000 -0.104469 0.992174 -0.068391 9.685800 -0.008081 0.067918 0.997658 0.000000 0.000000 0.000000 0.000000 1.000000
0.994460 0.104947 0.005950 0.000000 -0.104428 0.992838 -0.058024 9.685800 -0.011997 0.057081 0.998297 -0.000000 0.000000 0.000000 0.000000 1.000000
0.994629 0.103249 0.007224 0.000000 -0.102713 0.993244 -0.054005 9.685800 -0.012751 0.052973 0.998515 0.000000 0.000000 0.000000 0.000000 1.000000
0.995091 0.098780 0.006107 0.000000 -0.098265 0.993475 -0.057897 9.685800 -0.011787 0.057013 0.998304 0.000000 0.000000 0.000000 0.000000 1.000000
0.995624 0.093389 0.003268 0.000000 -0.092951 0.993343 -0.068048 9.685800 -0.009601 0.067447 0.997677 0.000000 0.000000 0.000000 0.000000 1.000000
0.995870 0.090775 0.001584 0.000000 -0.090343 0.992549 -0.081764 9.685800 -0.008994 0.081283 0.996650 0.000000 0.000000 0.000000 0.000000 1.000000
0.995775 0.091803 0.001928 0.000000 -0.091197 0.991209 -0.095852 9.685800 -0.010711 0.095272 0.995394 0.000000 0.000000 0.000000 0.000000 1.000000
0.995666 0.092946 0.003351 -0.000000 -0.092067 0.990080 -0.106139 9.685800 -0.013183 0.105371 0.994346 0.000000 0.000000 0.000000 0.000000 1.000000
0.995840 0.090982 0.004934 -0.000000 -0.089857 0.989611 -0.112227 9.685800 -0.015094 0.111317 0.993670 0.000000 0.000000 0.000000 0.000000 1.000000
0.996072 0.088318 0.006409 0.000000 -0.086961 0.989275 -0.117356 9.685800 -0.016705 0.116338 0.993069 0.000000 0.000000 0.000000 0.000000 1.000000
0.996338 0.085214 0.007065 0.000000 -0.083722 0.989001 -0.121931 9.685800 -0.017378 0.120893 0.992513 0.000000 0.000000 0.000000 0.000000 1.000000
0.996544 0.082796 0.006743 0.000000 -0.081290 0.988684 -0.126079 9.685800 -0.017105 0.125095 0.991997 -0.000000 0.000000 0.000000 0.000000 1.000000
0.996635 0.081749 0.006069 0.000000 -0.080277 0.988312 -0.129594 9.685800 -0.016592 0.128671 0.991549 -0.000000 0.000000 0.000000 0.000000 1.000000
0.996569 0.082606 0.005164 0.000000 -0.081199 0.987873 -0.132340 9.685800 -0.016033 0.131466 0.991191 0.000000 0.000000 0.000000 0.000000 1.000000
0.996462 0.083945 0.004148 -0.000000 -0.082620 0.987404 -0.134937 9.685800 -0.015423 0.134117 0.990845 0.000000 0.000000 0.000000 0.000000 1.000000
0.996326 0.085586 0.003093 0.000000 -0.084352 0.986923 -0.137357 9.685800 -0.014808 0.136592 0.990517 0.000000 0.000000 0.000000 0.000000 1.000000
0.996176 0.087347 0.002071 0.000000 -0.086205 0.986453 -0.139571 9.685800 -0.014234 0.138859 0.990210 0.000000 0.000000 0.000000 0.000000 1.000000
0.996026 0.089051 0.001159 -0.000000 -0.087991 0.986012 -0.141552 9.685800 -0.013748 0.140888 0.989930 0.000000 0.000000 0.000000 0.000000 1.000000
0.995853 0.090975 0.000423 -0.000000 -0.089980 0.985622 -0.143014 9.685800 -0.013427 0.142383 0.989721 0.000000 0.000000 0.000000 0.000000 1.000000
0.995658 0.093083 -0.000132 -0.000000 -0.092133 0.985296 -0.143889 9.685800 -0.013264 0.143276 0.989594 0.000000 0.000000 0.000000 0.000000 1.000000
0.995504 0.094722 -0.000517 0.000000 -0.093803 0.985053 -0.144472 9.685800 -0.013176 0.143871 0.989509 0.000000 0.000000 0.000000 0.000000 1.000000
0.995412 0.095680 -0.000736 -0.000000 -0.094777 0.984902 -0.144865 9.685800 -0.013136 0.144270 0.989451 0.000000 0.000000 0.000000 0.000000 1.000000
0.995351 0.096309 -0.000834 0.000000 -0.095411 0.984813 -0.145055 9.685800 -0.013149 0.144460 0.989423 0.000000 0.000000 0.000000 0.000000 1.000000
0.995303 0.096807 -0.000883 0.000000 -0.095909 0.984748 -0.145163 9.685800 -0.013183 0.144566 0.989407 0.000000 0.000000 0.000000 0.000000 1.000000
0.995248 0.097370 -0.000957 0.000000 -0.096475 0.984671 -0.145312 9.685800 -0.013207 0.144714 0.989385 0.000000 0.000000 0.000000 0.000000 1.000000</float_array>
        <technique_common>
          <accessor source="#mixamorig_Spine1-Matrix-animation-output-transform-array" count="30" stride="16">
            <param type="float4x4"/>
          </accessor>
        </technique_common>
      </source>
      <source id="mixamorig_Spine1-Interpolations">
        <Name_array id="mixamorig_Spine1-Interpolations-array" count="30">
 LINEAR LINEAR LINEAR LINEAR LINEAR LINEAR LINEAR LINEAR LINEAR LINEAR LINEAR
LINEAR LINEAR LINEAR LINEAR LINEAR LINEAR LINEAR LINEAR LINEAR LINEAR LINEAR LINEAR
LINEAR LINEAR LINEAR LINEAR LINEAR LINEAR LINEAR</Name_array>
        <technique_common>
          <accessor source="#mixamorig_Spine1-Interpolations-array" count="30">
            <param type="name"/>
          </accessor>
        </technique_common>
      </source>
      <sampler id="mixamorig_Spine1-Matrix-animation-transform">
        <input semantic="INPUT" source="#mixamorig_Spine1-Matrix-animation-input"/>
        <input semantic="OUTPUT" source="#mixamorig_Spine1-Matrix-animation-output-transform"/>
        <input semantic="INTERPOLATION" source="#mixamorig_Spine1-Interpolations"/>
      </sampler>
      <channel source="#mixamorig_Spine1-Matrix-animation-transform" target="mixamorig_Spine1/matrix"/>
    </animation>
    <animation id="mixamorig_Spine2-anim" name="mixamorig_Spine2">
      <source id="mixamorig_Spine2-Matrix-animation-input">
        <float_array id="mixamorig_Spine2-Matrix-animation-input-array" count="30">

0.000000 0.033333 0.066667 0.100000 0.133333 0.166667 0.200000 0.233333 0.266667 0.300000 0.333333 0.366667 0.400000 0.433333 0.466667 0.500000
0.533333 0.566667 0.600000 0.633333 0.666667 0.700000 0.733333 0.766667 0.800000 0.833333 0.866667 0.900000 0.933333 0.966667</float_array>
        <technique_common>
          <accessor source="#mixamorig_Spine2-Matrix-animation-input-array" count="30">
            <param name="TIME" type="float"/>
          </accessor>
        </technique_common>
      </source>
      <source id="mixamorig_Spine2-Matrix-animation-output-transform">
        <float_array id="mixamorig_Spine2-Matrix-animation-output-transform-array" count="480">

0.995241 0.097442 0.000487 -0.000000 -0.096539 0.986672 -0.130994 15.875400 -0.013244 0.130324 0.991383 0.000000 0.000000 0.000000 0.000000 1.000000
0.995109 0.098783 -0.000350 0.000000 -0.098045 0.987234 -0.125524 15.875400 -0.012054 0.124945 0.992090 0.000000 0.000000 0.000000 0.000000 1.000000
0.994965 0.100166 -0.003370 0.000000 -0.099926 0.988869 -0.110244 15.875400 -0.007711 0.110025 0.993899 0.000000 0.000000 0.000000 0.000000 1.000000
0.994810 0.101622 -0.005032 0.000000 -0.101651 0.990514 -0.092460 15.875400 -0.004412 0.092491 0.995704 0.000000 0.000000 0.000000 0.000000 1.000000
0.994687 0.102922 -0.002022 0.000000 -0.102793 0.992010 -0.073144 15.875400 -0.005523 0.072964 0.997319 0.000000 0.000000 0.000000 0.000000 1.000000
0.994579 0.103943 0.003011 0.000000 -0.103627 0.993133 -0.054304 15.875400 -0.008635 0.053698 0.998520 0.000000 0.000000 0.000000 0.000000 1.000000
0.994483 0.104466 0.009539 -0.000000 -0.103981 0.993696 -0.041910 15.875400 -0.013857 0.040686 0.999076 0.000000 0.000000 0.000000 0.000000 1.000000
0.994649 0.102773 0.010564 -0.000000 -0.102286 0.993979 -0.039295 15.875400 -0.014539 0.038004 0.999172 0.000000 0.000000 0.000000 0.000000 1.000000
0.995151 0.098186 0.005856 0.000000 -0.097835 0.994226 -0.044086 15.875400 -0.010151 0.043299 0.999011 -0.000000 0.000000 0.000000 0.000000 1.000000
0.995677 0.092861 0.001907 0.000000 -0.092617 0.994189 -0.054875 15.875400 -0.006992 0.054461 0.998491 0.000000 0.000000 0.000000 0.000000 1.000000
0.995920 0.090225 0.001925 0.000000 -0.089862 0.993427 -0.070912 15.875400 -0.008311 0.070450 0.997481 -0.000000 0.000000 0.000000 0.000000 1.000000
0.995807 0.091416 0.003262 0.000000 -0.090800 0.992162 -0.085845 15.875400 -0.011084 0.085188 0.996303 -0.000000 0.000000 0.000000 0.000000 1.000000
0.995715 0.092342 0.004965 0.000000 -0.091446 0.991201 -0.095700 15.875400 -0.013758 0.094836 0.995398 -0.000000 0.000000 0.000000 0.000000 1.000000
0.995892 0.090310 0.006554 -0.000000 -0.089186 0.990849 -0.101307 15.875400 -0.015643 0.100307 0.994834 -0.000000 0.000000 0.000000 0.000000 1.000000
0.996122 0.087617 0.008026 -0.000000 -0.086278 0.990614 -0.106023 15.875400 -0.017240 0.104920 0.994331 0.000000 0.000000 0.000000 0.000000 1.000000
0.996380 0.084536 0.008931 -0.000000 -0.083037 0.990393 -0.110570 15.875400 -0.018192 0.109428 0.993828 0.000000 0.000000 0.000000 0.000000 1.000000
0.996624 0.081735 0.007742 0.000000 -0.080311 0.990139 -0.114783 15.875400 -0.017048 0.113773 0.993360 0.000000 0.000000 0.000000 0.000000 1.000000
0.996740 0.080440 0.006295 0.000000 -0.079134 0.989817 -0.118324 15.875400 -0.015748 0.117440 0.992955 0.000000 0.000000 0.000000 0.000000 1.000000
0.996666 0.081432 0.005151 0.000000 -0.080213 0.989403 -0.121026 15.875400 -0.014952 0.120210 0.992636 0.000000 0.000000 0.000000 0.000000 1.000000
0.996542 0.082993 0.003986 0.000000 -0.081866 0.988951 -0.123589 15.875400 -0.014199 0.122836 0.992325 -0.000000 0.000000 0.000000 0.000000 1.000000
0.996385 0.084908 0.002864 0.000000 -0.083872 0.988486 -0.125943 15.875400 -0.013524 0.125247 0.992033 0.000000 0.000000 0.000000 0.000000 1.000000
0.996210 0.086963 0.001850 0.000000 -0.086011 0.988035 -0.128019 15.875400 -0.012961 0.127375 0.991770 0.000000 0.000000 0.000000 0.000000 1.000000
0.996036 0.088945 0.001015 0.000000 -0.088062 0.987628 -0.129750 15.875400 -0.012543 0.129147 0.991546 0.000000 0.000000 0.000000 0.000000 1.000000
0.995831 0.091210 0.000597 -0.000000 -0.090351 0.987304 -0.130641 15.875400 -0.012505 0.130042 0.991430 0.000000 0.000000 0.000000 0.000000 1.000000
0.995602 0.093682 0.000571 0.000000 -0.092804 0.987067 -0.130711 15.875400 -0.012809 0.130083 0.991420 0.000000 0.000000 0.000000 0.000000 1.000000
0.995430 0.095497 0.000604 0.000000 -0.094600 0.986902 -0.130671 15.875400 -0.013075 0.130016 0.991426 0.000000 0.000000 0.000000 0.000000 1.000000
0.995345 0.096373 0.000583 0.000000 -0.095470 0.986807 -0.130755 15.875400 -0.013176 0.130090 0.991415 0.000000 0.000000 0.000000 0.000000 1.000000
0.995305 0.096789 0.000603 0.000000 -0.095879 0.986767 -0.130760 15.875400 -0.013251 0.130088 0.991414 0.000000 0.000000 0.000000 0.000000 1.000000
0.995282 0.097019 0.000640 -0.000000 -0.096103 0.986749 -0.130734 15.875400 -0.013316 0.130055 0.991417 -0.000000 0.000000 0.000000 0.000000 1.000000
0.995251 0.097342 0.000669 0.000000 -0.096420 0.986719 -0.130723 15.875400 -0.013385 0.130038 0.991419 -0.000000 0.000000 0.000000 0.000000 1.000000</float_array>
        <technique_common>
          <accessor source="#mixamorig_Spine2-Matrix-animation-output-transform-array" count="30" stride="16">
            <param type="float4x4"/>
          </accessor>
        </technique_common>
      </source>
      <source id="mixamorig_Spine2-Interpolations">
        <Name_array id="mixamorig_Spine2-Interpolations-array" count="30">
 LINEAR LINEAR LINEAR LINEAR LINEAR LINEAR LINEAR LINEAR LINEAR LINEAR LINEAR
LINEAR LINEAR LINEAR LINEAR LINEAR LINEAR LINEAR LINEAR LINEAR LINEAR LINEAR LINEAR
LINEAR LINEAR LINEAR LINEAR LINEAR LINEAR LINEAR</Name_array>
        <technique_common>
          <accessor source="#mixamorig_Spine2-Interpolations-array" count="30">
            <param type="name"/>
          </accessor>
        </technique_common>
      </source>
      <sampler id="mixamorig_Spine2-Matrix-animation-transform">
        <input semantic="INPUT" source="#mixamorig_Spine2-Matrix-animation-input"/>
        <input semantic="OUTPUT" source="#mixamorig_Spine2-Matrix-animation-output-transform"/>
        <input semantic="INTERPOLATION" source="#mixamorig_Spine2-Interpolations"/>
      </sampler>
      <channel source="#mixamorig_Spine2-Matrix-animation-transform" target="mixamorig_Spine2/matrix"/>
    </animation>
    <animation id="mixamorig_Neck-anim" name="mixamorig_Neck">
      <source id="mixamorig_Neck-Matrix-animation-input">
        <float_array id="mixamorig_Neck-Matrix-animation-input-array" count="30">

0.000000 0.033333 0.066667 0.100000 0.133333 0.166667 0.200000 0.233333 0.266667 0.300000 0.333333 0.366667 0.400000 0.433333 0.466667 0.500000
0.533333 0.566667 0.600000 0.633333 0.666667 0.700000 0.733333 0.766667 0.800000 0.833333 0.866667 0.900000 0.933333 0.966667</float_array>
        <technique_common>
          <accessor source="#mixamorig_Neck-Matrix-animation-input-array" count="30">
            <param name="TIME" type="float"/>
          </accessor>
        </technique_common>
      </source>
      <source id="mixamorig_Neck-Matrix-animation-output-transform">
        <float_array id="mixamorig_Neck-Matrix-animation-output-transform-array" count="480">

0.885838 -0.189305 0.423620 0.000000 0.042162 0.942050 0.332813 26.173401 -0.462074 -0.276958 0.842485 -0.161200 0.000000 0.000000 0.000000 1.000000
0.882757 -0.220155 0.415057 0.000000 0.101469 0.951905 0.289103 26.173401 -0.458742 -0.213092 0.862640 -0.161200 0.000000 0.000000 0.000000 1.000000
0.881532 -0.245161 0.403482 0.000000 0.156379 0.957987 0.240428 26.173401 -0.445474 -0.148849 0.882834 -0.161200 0.000000 0.000000 0.000000 1.000000
0.882127 -0.263142 0.390652 -0.000000 0.192424 0.958352 0.211033 26.173401 -0.429913 -0.110987 0.896023 -0.161200 0.000000 0.000000 0.000000 1.000000
0.891930 -0.262590 0.368113 -0.000000 0.181590 0.953578 0.240237 26.173401 -0.414108 -0.147429 0.898209 -0.161200 0.000000 0.000000 0.000000 1.000000
0.905420 -0.247901 0.344616 0.000000 0.147998 0.945182 0.291080 26.173401 -0.397884 -0.212547 0.892475 -0.161200 0.000000 0.000000 0.000000 1.000000
0.919451 -0.211014 0.331787 -0.000000 0.093247 0.936747 0.337358 26.173401 -0.381988 -0.279246 0.880969 -0.161200 0.000000 0.000000 0.000000 1.000000
0.926910 -0.169241 0.334955 -0.000000 0.030461 0.923524 0.382330 26.173401 -0.374045 -0.344182 0.861179 -0.161200 0.000000 0.000000 0.000000 1.000000
0.922300 -0.136181 0.361688 0.000000 -0.032669 0.905042 0.424066 26.173401 -0.385092 -0.402932 0.830271 -0.161200 0.000000 0.000000 0.000000 1.000000
0.910248 -0.120297 0.396204 -0.000000 -0.075964 0.892109 0.445388 26.173401 -0.407036 -0.435511 0.802902 -0.161200 0.000000 0.000000 0.000000 1.000000
0.896750 -0.135698 0.421220 -0.000000 -0.078472 0.887984 0.453130 26.173401 -0.435525 -0.439398 0.785651 -0.161200 0.000000 0.000000 0.000000 1.000000
0.884544 -0.173809 0.432865 0.000000 -0.041770 0.894743 0.444623 26.173401 -0.464582 -0.411369 0.784180 -0.161200 0.000000 0.000000 0.000000 1.000000
0.877726 -0.195625 0.437411 0.000000 -0.008073 0.906698 0.421704 26.173401 -0.479095 -0.373672 0.794253 -0.161200 0.000000 0.000000 0.000000 1.000000
0.877303 -0.196850 0.437710 0.000000 0.007291 0.917375 0.397956 26.173401 -0.479882 -0.345937 0.806251 -0.161200 0.000000 0.000000 0.000000 1.000000
0.878439 -0.193365 0.436983 0.000000 0.017437 0.926832 0.375071 26.173401 -0.477535 -0.321857 0.817538 -0.161200 0.000000 0.000000 0.000000 1.000000
0.880753 -0.185840 0.435589 0.000000 0.019398 0.933172 0.358905 26.173401 -0.473179 -0.307657 0.825499 -0.161200 0.000000 0.000000 0.000000 1.000000
0.881475 -0.183539 0.435104 -0.000000 0.023360 0.937199 0.348012 26.173401 -0.471653 -0.296600 0.830405 -0.161200 0.000000 0.000000 0.000000 1.000000
0.881737 -0.183511 0.434584 0.000000 0.027875 0.939893 0.340331 26.173401 -0.470916 -0.287968 0.833854 -0.161200 0.000000 0.000000 0.000000 1.000000
0.881840 -0.185416 0.433567 0.000000 0.032966 0.941442 0.335559 26.173401 -0.470396 -0.281616 0.836313 -0.161200 0.000000 0.000000 0.000000 1.000000
0.881809 -0.188167 0.432442 -0.000000 0.038592 0.942670 0.331487 26.173401 -0.470025 -0.275619 0.838517 -0.161200 0.000000 0.000000 0.000000 1.000000
0.881727 -0.191091 0.431325 0.000000 0.044033 0.943634 0.328048 26.173401 -0.469701 -0.270257 0.840442 -0.161200 0.000000 0.000000 0.000000 1.000000
0.881693 -0.193514 0.430313 -0.000000 0.048572 0.944404 0.325180 26.173401 -0.469316 -0.265808 0.842074 -0.161200 0.000000 0.000000 0.000000 1.000000
0.881819 -0.194758 0.429493 0.000000 0.051494 0.945058 0.322821 26.173401 -0.468768 -0.262553 0.843399 -0.161200 0.000000 0.000000 0.000000 1.000000
0.882377 -0.193072 0.429108 0.000000 0.050407 0.945480 0.321755 26.173401 -0.467835 -0.262279 0.844002 -0.161200 0.000000 0.000000 0.000000 1.000000
0.883243 -0.189320 0.428999 0.000000 0.046145 0.945525 0.322263 26.173401 -0.466640 -0.264841 0.843864 -0.161200 0.000000 0.000000 0.000000 1.000000
0.883963 -0.186758 0.428638 0.000000 0.042832 0.945252 0.323517 26.173401 -0.465591 -0.267618 0.843567 -0.161200 0.000000 0.000000 0.000000 1.000000
0.884414 -0.186462 0.427836 0.000000 0.041844 0.944709 0.325229 26.173401 -0.464824 -0.269735 0.843316 -0.161200 0.000000 0.000000 0.000000 1.000000
0.884777 -0.187001 0.426848 0.000000 0.041529 0.943952 0.327460 26.173401 -0.464160 -0.272003 0.842953 -0.161200 0.000000 0.000000 0.000000 1.000000
0.885106 -0.187871 0.425784 -0.000000 0.041483 0.943105 0.329896 26.173401 -0.463537 -0.274330 0.842542 -0.161200 0.000000 0.000000 0.000000 1.000000
0.885451 -0.188569 0.424756 0.000000 0.041303 0.942295 0.332228 26.173401 -0.462893 -0.276628 0.842144 -0.161200 0.000000 0.000000 0.000000 1.000000</float_array>
        <technique_common>
          <accessor source="#mixamorig_Neck-Matrix-animation-output-transform-array" count="30" stride="16">
            <param type="float4x4"/>
          </accessor>
        </technique_common>
      </source>
      <source id="mixamorig_Neck-Interpolations">
        <Name_array id="mixamorig_Neck-Interpolations-array" count="30">
 LINEAR LINEAR LINEAR LINEAR LINEAR LINEAR LINEAR LINEAR LINEAR LINEAR LINEAR
LINEAR LINEAR LINEAR LINEAR LINEAR LINEAR LINEAR LINEAR LINEAR LINEAR LINEAR LINEAR
LINEAR LINEAR LINEAR LINEAR LINEAR LINEAR LINEAR</Name_array>
        <technique_common>
          <accessor source="#mixamorig_Neck-Interpolations-array" count="30">
            <param type="name"/>
          </accessor>
        </technique_common>
      </source>
      <sampler id="mixamorig_Neck-Matrix-animation-transform">
        <input semantic="INPUT" source="#mixamorig_Neck-Matrix-animation-input"/>
        <input semantic="OUTPUT" source="#mixamorig_Neck-Matrix-animation-output-transform"/>
        <input semantic="INTERPOLATION" source="#mixamorig_Neck-Interpolations"/>
      </sampler>
      <channel source="#mixamorig_Neck-Matrix-animation-transform" target="mixamorig_Neck/matrix"/>
    </animation>
    <animation id="mixamorig_Head-anim" name="mixamorig_Head">
      <source id="mixamorig_Head-Matrix-animation-input">
        <float_array id="mixamorig_Head-Matrix-animation-input-array" count="30">

0.000000 0.033333 0.066667 0.100000 0.133333 0.166667 0.200000 0.233333 0.266667 0.300000 0.333333 0.366667 0.400000 0.433333 0.466667 0.500000
0.533333 0.566667 0.600000 0.633333 0.666667 0.700000 0.733333 0.766667 0.800000 0.833333 0.866667 0.900000 0.933333 0.966667</float_array>
        <technique_common>
          <accessor source="#mixamorig_Head-Matrix-animation-input-array" count="30">
            <param name="TIME" type="float"/>
          </accessor>
        </technique_common>
      </source>
      <source id="mixamorig_Head-Matrix-animation-output-transform">
        <float_array id="mixamorig_Head-Matrix-animation-output-transform-array" count="480">

0.901427 0.050540 0.429972 0.000000 -0.058180 0.998295 0.004631 14.369300 -0.429005 -0.029190 0.902830 0.127800 0.000000 0.000000 0.000000 1.000000
0.897800 0.049537 0.437609 0.000000 -0.066416 0.997519 0.023341 14.369300 -0.435367 -0.050019 0.898862 0.127800 0.000000 0.000000 0.000000 1.000000
0.897975 0.031490 0.438919 0.000000 -0.050368 0.998236 0.031428 14.369300 -0.437155 -0.050329 0.897977 0.127800 0.000000 0.000000 0.000000 1.000000
0.908895 0.005977 0.416983 -0.000000 -0.011352 0.999881 0.010413 14.369300 -0.416871 -0.014198 0.908855 0.127800 0.000000 0.000000 0.000000 1.000000
0.938277 -0.049174 0.342371 0.000000 0.087865 0.991258 -0.098423 14.369300 -0.334538 0.122431 0.934396 0.127800 0.000000 0.000000 0.000000 1.000000
0.952365 -0.124974 0.278176 0.000000 0.194349 0.951666 -0.237826 14.369300 -0.235008 0.280560 0.930622 0.127800 0.000000 0.000000 0.000000 1.000000
0.962971 -0.133383 0.234300 -0.000000 0.201521 0.933410 -0.296876 14.369300 -0.179100 0.333100 0.925726 0.127800 0.000000 0.000000 0.000000 1.000000
0.966275 -0.101877 0.236501 -0.000000 0.159332 0.958035 -0.238291 14.369300 -0.202300 0.267937 0.941958 0.127800 0.000000 0.000000 0.000000 1.000000
0.958918 -0.055169 0.278266 0.000000 0.087754 0.990483 -0.106029 14.369300 -0.269769 0.126092 0.954634 0.127800 0.000000 0.000000 0.000000 1.000000
0.942176 -0.020236 0.334508 0.000000 0.009984 0.999427 0.032338 14.369300 -0.334971 -0.027128 0.941838 0.127800 0.000000 0.000000 0.000000 1.000000
0.922588 0.004068 0.385764 0.000000 -0.055552 0.990924 0.122407 14.369300 -0.381765 -0.134361 0.914441 0.127800 0.000000 0.000000 0.000000 1.000000
0.906025 0.014886 0.422963 0.000000 -0.091382 0.982688 0.161164 14.369300 -0.413241 -0.184670 0.891700 0.127800 0.000000 0.000000 0.000000 1.000000
0.897705 0.022355 0.440030 0.000000 -0.105796 0.980430 0.166025 14.369300 -0.427707 -0.195595 0.882502 0.127800 0.000000 0.000000 0.000000 1.000000
0.897215 0.028920 0.440647 0.000000 -0.104160 0.983557 0.147533 14.369300 -0.429135 -0.178266 0.885474 0.127800 0.000000 0.000000 0.000000 1.000000
0.898370 0.035079 0.437837 0.000000 -0.099310 0.987215 0.124673 14.369300 -0.427866 -0.155484 0.890368 0.127800 0.000000 0.000000 0.000000 1.000000
0.899753 0.040284 0.434536 0.000000 -0.094306 0.990151 0.103477 14.369300 -0.426088 -0.134083 0.894690 0.127800 0.000000 0.000000 0.000000 1.000000
0.900521 0.044848 0.432494 0.000000 -0.090927 0.992098 0.086448 14.369300 -0.425199 -0.117174 0.897483 0.127800 0.000000 0.000000 0.000000 1.000000
0.900789 0.048433 0.431547 0.000000 -0.087954 0.993513 0.072090 14.369300 -0.425256 -0.102894 0.899205 0.127800 0.000000 0.000000 0.000000 1.000000
0.900460 0.050870 0.431955 0.000000 -0.084975 0.994574 0.060013 14.369300 -0.426558 -0.090744 0.899897 0.127800 0.000000 0.000000 0.000000 1.000000
0.899928 0.053131 0.432789 -0.000000 -0.082008 0.995460 0.048318 14.369300 -0.428257 -0.078975 0.900199 0.127800 0.000000 0.000000 0.000000 1.000000
0.899310 0.055164 0.433818 0.000000 -0.079091 0.996170 0.037284 14.369300 -0.430100 -0.067841 0.900229 0.127800 0.000000 0.000000 0.000000 1.000000
0.898723 0.056902 0.434808 0.000000 -0.076258 0.996717 0.027184 14.369300 -0.431834 -0.057589 0.900113 0.127800 0.000000 0.000000 0.000000 1.000000
0.898288 0.058265 0.435528 0.000000 -0.073544 0.997124 0.018291 14.369300 -0.433210 -0.048461 0.899989 0.127800 0.000000 0.000000 0.000000 1.000000
0.898081 0.058715 0.435893 0.000000 -0.071052 0.997400 0.012039 14.369300 -0.434052 -0.041783 0.899918 0.127800 0.000000 0.000000 0.000000 1.000000
0.898103 0.058181 0.435919 0.000000 -0.068815 0.997592 0.008630 14.369300 -0.434367 -0.037748 0.899945 0.127800 0.000000 0.000000 0.000000 1.000000
0.898354 0.057280 0.435521 0.000000 -0.066762 0.997748 0.006486 14.369300 -0.434169 -0.034903 0.900155 0.127800 0.000000 0.000000 0.000000 1.000000
0.898832 0.056219 0.434672 0.000000 -0.064867 0.997881 0.005071 14.369300 -0.433466 -0.032754 0.900574 0.127800 0.000000 0.000000 0.000000 1.000000
0.899470 0.054896 0.433520 0.000000 -0.063098 0.997997 0.004542 14.369300 -0.432402 -0.031440 0.901133 0.127800 0.000000 0.000000 0.000000 1.000000
0.900170 0.053467 0.432245 -0.000000 -0.061379 0.998105 0.004363 14.369300 -0.431193 -0.030458 0.901745 0.127800 0.000000 0.000000 0.000000 1.000000
0.900831 0.052086 0.431034 0.000000 -0.059632 0.998212 0.004002 14.369300 -0.430056 -0.029308 0.902327 0.127800 0.000000 0.000000 0.000000 1.000000</float_array>
        <technique_common>
          <accessor source="#mixamorig_Head-Matrix-animation-output-transform-array" count="30" stride="16">
            <param type="float4x4"/>
          </accessor>
        </technique_common>
      </source>
      <source id="mixamorig_Head-Interpolations">
        <Name_array id="mixamorig_Head-Interpolations-array" count="30">
 LINEAR LINEAR LINEAR LINEAR LINEAR LINEAR LINEAR LINEAR LINEAR LINEAR LINEAR
LINEAR LINEAR LINEAR LINEAR LINEAR LINEAR LINEAR LINEAR LINEAR LINEAR LINEAR LINEAR
LINEAR LINEAR LINEAR LINEAR LINEAR LINEAR LINEAR</Name_array>
        <technique_common>
          <accessor source="#mixamorig_Head-Interpolations-array" count="30">
            <param type="name"/>
          </accessor>
        </technique_common>
      </source>
      <sampler id="mixamorig_Head-Matrix-animation-transform">
        <input semantic="INPUT" source="#mixamorig_Head-Matrix-animation-input"/>
        <input semantic="OUTPUT" source="#mixamorig_Head-Matrix-animation-output-transform"/>
