<?xml version="1.0" encoding="utf-8"?>
<COLLADA xmlns="http://www.collada.org/2005/11/COLLADASchema" version="1.4.1">
  <asset>
    <contributor>
      <author>Mixamo</author>
      <authoring_tool>COLLADA Mixamo exporter</authoring_tool>
      <comments/>
    </contributor>
    <created>2025-11-14T05:17:40Z</created>
    <modified>2025-11-14T05:17:40Z</modified>
    <revision/>
    <title/>
    <unit meter="0.010000"/>
    <up_axis>Y_UP</up_axis>
  </asset>
  <library_animations>
    <animation id="mixamorig_Hips-anim" name="mixamorig_Hips">
      <source id="mixamorig_Hips-Matrix-animation-input">
        <float_array id="mixamorig_Hips-Matrix-animation-input-array" count="36">

0.000000 0.033333 0.066667 0.100000 0.133333 0.166667 0.200000 0.233333 0.266667 0.300000 0.333333 0.366667 0.400000 0.433333 0.466667 0.500000
0.533333 0.566667 0.600000 0.633333 0.666667 0.700000 0.733333 0.766667 0.800000 0.833333 0.866667 0.900000 0.933333 0.966667 1.000000 1.033333
1.066667 1.100000 1.133333 1.166667</float_array>
        <technique_common>
          <accessor source="#mixamorig_Hips-Matrix-animation-input-array" count="36">
            <param name="TIME" type="float"/>
          </accessor>
        </technique_common>
      </source>
      <source id="mixamorig_Hips-Matrix-animation-output-transform">
        <float_array id="mixamorig_Hips-Matrix-animation-output-transform-array" count="576">

0.522569 -0.060166 -0.850471 0.204856 0.069742 0.997181 -0.027692 100.640419 0.849740 -0.044842 0.525292 -0.652098 0.000000 0.000000 0.000000 1.000000
0.523493 -0.056630 -0.850146 0.232798 0.069498 0.997302 -0.023638 100.505272 0.849191 -0.046709 0.526016 -0.678061 0.000000 0.000000 0.000000 1.000000
0.526675 -0.050818 -0.848546 0.234775 0.071099 0.997347 -0.015600 100.362610 0.847088 -0.052114 0.528891 -0.762183 0.000000 0.000000 0.000000 1.000000
0.530608 -0.043652 -0.846492 0.200408 0.073141 0.997306 -0.005582 100.256210 0.844456 -0.058951 0.532371 -0.853340 0.000000 0.000000 0.000000 1.000000
0.536158 -0.035352 -0.843377 0.122143 0.073131 0.997311 0.004687 100.155838 0.840944 -0.064190 0.537302 -0.989921 0.000000 0.000000 0.000000 1.000000
0.540244 -0.023737 -0.841174 -0.063881 0.077515 0.996756 0.021657 100.283112 0.837931 -0.076904 0.540331 -1.002661 0.000000 0.000000 0.000000 1.000000
0.539156 -0.003404 -0.842199 -0.467910 0.093915 0.993998 0.056105 100.950592 0.836953 -0.109345 0.536240 -0.611206 0.000000 0.000000 0.000000 1.000000
0.534156 0.016462 -0.845226 -0.958346 0.116330 0.988868 0.092776 101.855286 0.837344 -0.147882 0.526295 -0.187220 0.000000 0.000000 0.000000 1.000000
0.521426 0.017832 -0.853110 -1.451390 0.145856 0.983205 0.109699 102.905701 0.840738 -0.181631 0.510068 -0.307875 0.000000 0.000000 0.000000 1.000000
0.501402 0.002422 -0.865211 -1.539273 0.160298 0.982424 0.095646 103.396606 0.850235 -0.186649 0.492201 -0.456781 0.000000 0.000000 0.000000 1.000000
0.466451 -0.013586 -0.884443 -1.490123 0.173123 0.981947 0.076220 103.461243 0.867440 -0.188670 0.460382 -0.672777 0.000000 0.000000 0.000000 1.000000
0.424942 -0.023152 -0.904925 -1.463113 0.181992 0.981446 0.060351 103.120949 0.886737 -0.190335 0.421271 -0.951314 0.000000 0.000000 0.000000 1.000000
0.403879 -0.031716 -0.914263 -1.568717 0.188041 0.980936 0.049039 102.477814 0.895278 -0.191724 0.402143 -1.433693 0.000000 0.000000 0.000000 1.000000
0.399847 -0.037016 -0.915834 -1.612497 0.188427 0.981162 0.042610 101.869019 0.897005 -0.189605 0.399289 -1.864027 0.000000 0.000000 0.000000 1.000000
0.398986 -0.042179 -0.915986 -1.533926 0.184314 0.982242 0.035053 101.470100 0.898242 -0.182814 0.399675 -2.130132 0.000000 0.000000 0.000000 1.000000
0.394632 -0.047461 -0.917612 -1.394281 0.180271 0.983255 0.026672 101.232597 0.900981 -0.175944 0.396580 -2.314273 0.000000 0.000000 0.000000 1.000000
0.389577 -0.052603 -0.919491 -1.286671 0.178418 0.983765 0.019313 101.057404 0.903547 -0.171578 0.392637 -2.380162 0.000000 0.000000 0.000000 1.000000
0.389356 -0.057327 -0.919302 -1.186332 0.176195 0.984266 0.013246 100.892990 0.904078 -0.167134 0.393331 -2.334919 0.000000 0.000000 0.000000 1.000000
0.395764 -0.061235 -0.916309 -1.075445 0.170087 0.985400 0.007610 100.753677 0.902464 -0.158864 0.400401 -2.191866 0.000000 0.000000 0.000000 1.000000
0.403617 -0.063667 -0.912710 -0.977506 0.164051 0.986445 0.003736 100.672997 0.900100 -0.151239 0.408591 -2.055114 0.000000 0.000000 0.000000 1.000000
0.411279 -0.064456 -0.909228 -0.900761 0.159544 0.987188 0.002185 100.663605 0.897438 -0.145960 0.416294 -1.960034 0.000000 0.000000 0.000000 1.000000
0.418903 -0.065086 -0.905695 -0.824787 0.154880 0.987933 0.000639 100.657036 0.894725 -0.140542 0.423929 -1.866204 0.000000 0.000000 0.000000 1.000000
0.426484 -0.065563 -0.902116 -0.749506 0.150055 0.988677 -0.000914 100.652969 0.891961 -0.134978 0.431493 -1.773496 0.000000 0.000000 0.000000 1.000000
0.434015 -0.065892 -0.898493 -0.674837 0.145066 0.989419 -0.002486 100.651138 0.889149 -0.129262 0.438982 -1.681779 0.000000 0.000000 0.000000 1.000000
0.441492 -0.066077 -0.894829 -0.600699 0.139908 0.990156 -0.004088 100.651245 0.886290 -0.123389 0.446391 -1.590925 0.000000 0.000000 0.000000 1.000000
0.448908 -0.066123 -0.891128 -0.527015 0.134577 0.990887 -0.005731 100.652985 0.883386 -0.117352 0.453715 -1.500804 0.000000 0.000000 0.000000 1.000000
0.456257 -0.066034 -0.887395 -0.453703 0.129069 0.991608 -0.007428 100.656090 0.880438 -0.111146 0.460951 -1.411286 0.000000 0.000000 0.000000 1.000000
0.463533 -0.065816 -0.883632 -0.380684 0.123379 0.992317 -0.009189 100.660255 0.877448 -0.104762 0.468092 -1.322243 0.000000 0.000000 0.000000 1.000000
0.470728 -0.065472 -0.879845 -0.307878 0.117505 0.993011 -0.011027 100.665199 0.874418 -0.098196 0.475132 -1.233545 0.000000 0.000000 0.000000 1.000000
0.477838 -0.065008 -0.876039 -0.235205 0.111442 0.993687 -0.012952 100.670624 0.871350 -0.091438 0.482066 -1.145062 0.000000 0.000000 0.000000 1.000000
0.484854 -0.064427 -0.872219 -0.162585 0.105186 0.994340 -0.014977 100.676239 0.868247 -0.084483 0.488886 -1.056666 0.000000 0.000000 0.000000 1.000000
0.491769 -0.063734 -0.868390 -0.089938 0.098733 0.994967 -0.017112 100.681763 0.865110 -0.077324 0.495587 -0.968226 0.000000 0.000000 0.000000 1.000000
0.498577 -0.062934 -0.864558 -0.017185 0.092080 0.995563 -0.019369 100.686897 0.861941 -0.069951 0.502160 -0.879614 0.000000 0.000000 0.000000 1.000000
0.505269 -0.062030 -0.860730 0.055754 0.085223 0.996124 -0.021759 100.691360 0.858743 -0.062359 0.508597 -0.790701 0.000000 0.000000 0.000000 1.000000
0.511838 -0.061026 -0.856912 0.128960 0.078158 0.996645 -0.024294 100.694839 0.855519 -0.054540 0.514890 -0.701356 0.000000 0.000000 0.000000 1.000000
0.518276 -0.059928 -0.853111 0.202511 0.070882 0.997120 -0.026983 100.697075 0.852271 -0.046485 0.521031 -0.611450 0.000000 0.000000 0.000000 1.000000</float_array>
        <technique_common>
          <accessor source="#mixamorig_Hips-Matrix-animation-output-transform-array" count="36" stride="16">
            <param type="float4x4"/>
          </accessor>
        </technique_common>
      </source>
      <source id="mixamorig_Hips-Interpolations">
        <Name_array id="mixamorig_Hips-Interpolations-array" count="36">
 LINEAR LINEAR LINEAR LINEAR LINEAR LINEAR LINEAR LINEAR LINEAR LINEAR LINEAR
LINEAR LINEAR LINEAR LINEAR LINEAR LINEAR LINEAR LINEAR LINEAR LINEAR LINEAR LINEAR
LINEAR LINEAR LINEAR LINEAR LINEAR LINEAR LINEAR LINEAR LINEAR LINEAR LINEAR LINEAR
LINEAR</Name_array>
        <technique_common>
          <accessor source="#mixamorig_Hips-Interpolations-array" count="36">
            <param type="name"/>
          </accessor>
        </technique_common>
      </source>
      <sampler id="mixamorig_Hips-Matrix-animation-transform">
        <input semantic="INPUT" source="#mixamorig_Hips-Matrix-animation-input"/>
        <input semantic="OUTPUT" source="#mixamorig_Hips-Matrix-animation-output-transform"/>
        <input semantic="INTERPOLATION" source="#mixamorig_Hips-Interpolations"/>
      </sampler>
      <channel source="#mixamorig_Hips-Matrix-animation-transform" target="mixamorig_Hips/matrix"/>
    </animation>
    <animation id="mixamorig_Spine-anim" name="mixamorig_Spine">
      <source id="mixamorig_Spine-Matrix-animation-input">
        <float_array id="mixamorig_Spine-Matrix-animation-input-array" count="36">

0.000000 0.033333 0.066667 0.100000 0.133333 0.166667 0.200000 0.233333 0.266667 0.300000 0.333333 0.366667 0.400000 0.433333 0.466667 0.500000
0.533333 0.566667 0.600000 0.633333 0.666667 0.700000 0.733333 0.766667 0.800000 0.833333 0.866667 0.900000 0.933333 0.966667 1.000000 1.033333
1.066667 1.100000 1.133333 1.166667</float_array>
        <technique_common>
          <accessor source="#mixamorig_Spine-Matrix-animation-input-array" count="36">
            <param name="TIME" type="float"/>
          </accessor>
        </technique_common>
      </source>
      <source id="mixamorig_Spine-Matrix-animation-output-transform">
        <float_array id="mixamorig_Spine-Matrix-animation-output-transform-array" count="576">

0.998816 0.048626 0.001208 -0.000000 -0.047275 0.976313 -0.211137 8.536500 -0.011446 0.210830 0.977456 0.187100 0.000000 0.000000 0.000000 1.000000
0.998839 0.048166 0.000738 0.000000 -0.046915 0.976148 -0.211978 8.536500 -0.010931 0.211697 0.977274 0.187100 0.000000 0.000000 0.000000 1.000000
0.998838 0.048189 0.000633 -0.000000 -0.046946 0.975868 -0.213255 8.536500 -0.010895 0.212977 0.976996 0.187100 0.000000 0.000000 0.000000 1.000000
0.998888 0.047142 0.000995 0.000000 -0.045837 0.975755 -0.214011 8.536500 -0.011060 0.213727 0.976831 0.187100 0.000000 0.000000 0.000000 1.000000
0.999024 0.044130 0.001931 0.000000 -0.042696 0.975908 -0.213962 8.536500 -0.011327 0.213671 0.976840 0.187100 0.000000 0.000000 0.000000 1.000000
0.999284 0.037616 0.004163 -0.000000 -0.035884 0.976694 -0.211617 8.536500 -0.012026 0.211316 0.977344 0.187100 0.000000 0.000000 0.000000 1.000000
0.999664 0.024402 0.008775 0.000000 -0.022096 0.978669 -0.204252 8.536500 -0.013572 0.203990 0.978879 0.187100 0.000000 0.000000 0.000000 1.000000
0.999863 0.008371 0.014258 0.000000 -0.005430 0.980784 -0.195020 8.536500 -0.015616 0.194916 0.980696 0.187100 0.000000 0.000000 0.000000 1.000000
0.999762 -0.008026 0.020288 0.000000 0.011673 0.982365 -0.186609 8.536500 -0.018432 0.186802 0.982225 0.187100 0.000000 0.000000 0.000000 1.000000
0.999353 -0.024119 0.026662 0.000000 0.028558 0.983041 -0.181150 8.536500 -0.021841 0.181795 0.983094 0.187100 0.000000 0.000000 0.000000 1.000000
0.998667 -0.039360 0.033393 0.000000 0.044859 0.981852 -0.184265 8.536500 -0.025535 0.185518 0.982309 0.187100 0.000000 0.000000 0.000000 1.000000
0.998610 -0.038745 0.035721 0.000000 0.044865 0.980653 -0.190545 8.536500 -0.027647 0.191882 0.981028 0.187100 0.000000 0.000000 0.000000 1.000000
0.999074 -0.029562 0.031270 -0.000000 0.035159 0.979759 -0.197067 8.536500 -0.024811 0.197984 0.979891 0.187100 0.000000 0.000000 0.000000 1.000000
0.999312 -0.026751 0.025697 0.000000 0.031399 0.978871 -0.202051 8.536500 -0.019749 0.202719 0.979038 0.187100 0.000000 0.000000 0.000000 1.000000
0.999371 -0.028129 0.021596 0.000000 0.031965 0.978224 -0.205076 8.536500 -0.015358 0.205637 0.978508 0.187100 0.000000 0.000000 0.000000 1.000000
0.999440 -0.027804 0.018612 -0.000000 0.031069 0.977663 -0.207869 8.536500 -0.012417 0.208331 0.977980 0.187100 0.000000 0.000000 0.000000 1.000000
0.999556 -0.025133 0.015984 0.000000 0.027937 0.977204 -0.210454 8.536500 -0.010330 0.210807 0.977473 0.187100 0.000000 0.000000 0.000000 1.000000
0.999679 -0.021839 0.012825 0.000000 0.024065 0.976917 -0.212258 8.536500 -0.007893 0.212499 0.977129 0.187100 0.000000 0.000000 0.000000 1.000000
0.999748 -0.020010 0.010130 -0.000000 0.021706 0.976936 -0.212427 8.536500 -0.005646 0.212594 0.977124 0.187100 0.000000 0.000000 0.000000 1.000000
0.999812 -0.017498 0.008377 0.000000 0.018878 0.977028 -0.212271 8.536500 -0.004470 0.212390 0.977175 0.187100 0.000000 0.000000 0.000000 1.000000
0.999878 -0.013566 0.007745 -0.000000 0.014901 0.977106 -0.212230 8.536500 -0.004689 0.212319 0.977189 0.187100 0.000000 0.000000 0.000000 1.000000
0.999928 -0.009583 0.007158 -0.000000 0.010884 0.977169 -0.212186 8.536500 -0.004961 0.212249 0.977203 0.187100 0.000000 0.000000 0.000000 1.000000
0.999963 -0.005557 0.006612 -0.000000 0.006833 0.977215 -0.212140 8.536500 -0.005282 0.212177 0.977217 0.187100 0.000000 0.000000 0.000000 1.000000
0.999980 -0.001491 0.006101 0.000000 0.002751 0.977246 -0.212092 8.536500 -0.005646 0.212105 0.977231 0.187100 0.000000 0.000000 0.000000 1.000000
0.999981 0.002609 0.005621 0.000000 -0.001358 0.977259 -0.212044 8.536500 -0.006047 0.212032 0.977244 0.187100 0.000000 0.000000 0.000000 1.000000
0.999964 0.006738 0.005168 -0.000000 -0.005489 0.977255 -0.211995 8.536500 -0.006479 0.211959 0.977257 0.187100 0.000000 0.000000 0.000000 1.000000
0.999929 0.010890 0.004737 0.000000 -0.009639 0.977234 -0.211945 8.536500 -0.006937 0.211885 0.977270 0.187100 0.000000 0.000000 0.000000 1.000000
0.999877 0.015061 0.004323 0.000000 -0.013803 0.977195 -0.211896 8.536500 -0.007416 0.211810 0.977283 0.187100 0.000000 0.000000 0.000000 1.000000
0.999807 0.019245 0.003922 0.000000 -0.017978 0.977138 -0.211847 8.536500 -0.007910 0.211735 0.977295 0.187100 0.000000 0.000000 0.000000 1.000000
0.999719 0.023438 0.003529 -0.000000 -0.022159 0.977062 -0.211798 8.536500 -0.008412 0.211660 0.977307 0.187100 0.000000 0.000000 0.000000 1.000000
0.999613 0.027633 0.003140 -0.000000 -0.026342 0.976969 -0.211749 8.536500 -0.008919 0.211584 0.977319 0.187100 0.000000 0.000000 0.000000 1.000000
0.999490 0.031826 0.002750 0.000000 -0.030523 0.976858 -0.211700 8.536500 -0.009424 0.211508 0.977331 0.187100 0.000000 0.000000 0.000000 1.000000
0.999349 0.036012 0.002354 0.000000 -0.034699 0.976729 -0.211651 8.536500 -0.009921 0.211432 0.977342 0.187100 0.000000 0.000000 0.000000 1.000000
0.999190 0.040186 0.001947 0.000000 -0.038864 0.976583 -0.211602 8.536500 -0.010405 0.211355 0.977354 0.187100 0.000000 0.000000 0.000000 1.000000
0.999015 0.044342 0.001526 0.000000 -0.043016 0.976420 -0.211552 8.536500 -0.010871 0.211278 0.977365 0.187100 0.000000 0.000000 0.000000 1.000000
0.998824 0.048475 0.001086 0.000000 -0.047149 0.976240 -0.211502 8.536500 -0.011312 0.211202 0.977377 0.187100 0.000000 0.000000 0.000000 1.000000</float_array>
        <technique_common>
          <accessor source="#mixamorig_Spine-Matrix-animation-output-transform-array" count="36" stride="16">
            <param type="float4x4"/>
          </accessor>
        </technique_common>
      </source>
      <source id="mixamorig_Spine-Interpolations">
        <Name_array id="mixamorig_Spine-Interpolations-array" count="36">
 LINEAR LINEAR LINEAR LINEAR LINEAR LINEAR LINEAR LINEAR LINEAR LINEAR LINEAR
LINEAR LINEAR LINEAR LINEAR LINEAR LINEAR LINEAR LINEAR LINEAR LINEAR LINEAR LINEAR
LINEAR LINEAR LINEAR LINEAR LINEAR LINEAR LINEAR LINEAR LINEAR LINEAR LINEAR LINEAR
LINEAR</Name_array>
        <technique_common>
          <accessor source="#mixamorig_Spine-Interpolations-array" count="36">
            <param type="name"/>
          </accessor>
        </technique_common>
      </source>
      <sampler id="mixamorig_Spine-Matrix-animation-transform">
        <input semantic="INPUT" source="#mixamorig_Spine-Matrix-animation-input"/>
        <input semantic="OUTPUT" source="#mixamorig_Spine-Matrix-animation-output-transform"/>
        <input semantic="INTERPOLATION" source="#mixamorig_Spine-Interpolations"/>
      </sampler>
      <channel source="#mixamorig_Spine-Matrix-animation-transform" target="mixamorig_Spine/matrix"/>
    </animation>
    <animation id="mixamorig_Spine1-anim" name="mixamorig_Spine1">
      <source id="mixamorig_Spine1-Matrix-animation-input">
        <float_array id="mixamorig_Spine1-Matrix-animation-input-array" count="36">

0.000000 0.033333 0.066667 0.100000 0.133333 0.166667 0.200000 0.233333 0.266667 0.300000 0.333333 0.366667 0.400000 0.433333 0.466667 0.500000
0.533333 0.566667 0.600000 0.633333 0.666667 0.700000 0.733333 0.766667 0.800000 0.833333 0.866667 0.900000 0.933333 0.966667 1.000000 1.033333
1.066667 1.100000 1.133333 1.166667</float_array>
        <technique_common>
          <accessor source="#mixamorig_Spine1-Matrix-animation-input-array" count="36">
            <param name="TIME" type="float"/>
          </accessor>
        </technique_common>
      </source>
      <source id="mixamorig_Spine1-Matrix-animation-output-transform">
        <float_array id="mixamorig_Spine1-Matrix-animation-output-transform-array" count="576">

0.995240 0.097444 -0.001098 -0.000000 -0.096568 0.984646 -0.145419 9.685800 -0.013089 0.144833 0.989370 0.000000 0.000000 0.000000 0.000000 1.000000
0.995208 0.097775 -0.001305 0.000000 -0.096916 0.984515 -0.146076 9.685800 -0.012997 0.145503 0.989272 0.000000 0.000000 0.000000 0.000000 1.000000
0.995168 0.098187 -0.001003 0.000000 -0.097249 0.984153 -0.148272 9.685800 -0.013571 0.147653 0.988946 0.000000 0.000000 0.000000 0.000000 1.000000
0.995231 0.097550 -0.000052 0.000000 -0.096459 0.984020 -0.149665 9.685800 -0.014549 0.148956 0.988737 -0.000000 0.000000 0.000000 0.000000 1.000000
0.995490 0.094855 0.001588 -0.000000 -0.093561 0.984398 -0.149018 9.685800 -0.015698 0.148197 0.988833 0.000000 0.000000 0.000000 0.000000 1.000000
0.995974 0.089485 0.005250 -0.000000 -0.087778 0.985491 -0.145267 9.685800 -0.018173 0.144222 0.989379 0.000000 0.000000 0.000000 0.000000 1.000000
0.996751 0.079505 0.012922 -0.000000 -0.077029 0.987753 -0.135684 9.685800 -0.023551 0.134247 0.990668 0.000000 0.000000 0.000000 0.000000 1.000000
0.997475 0.067462 0.022201 0.000000 -0.064222 0.990247 -0.123641 9.685800 -0.030326 0.121903 0.992079 -0.000000 0.000000 0.000000 0.000000 1.000000
0.997946 0.055227 0.032468 -0.000000 -0.051287 0.992420 -0.111681 9.685800 -0.038389 0.109786 0.993214 0.000000 0.000000 0.000000 0.000000 1.000000
0.998128 0.043677 0.042810 -0.000000 -0.039129 0.994028 -0.101864 9.685800 -0.047004 0.099999 0.993877 0.000000 0.000000 0.000000 0.000000 1.000000
0.998028 0.034363 0.052536 0.000000 -0.029059 0.994705 -0.098579 9.685800 -0.055645 0.096857 0.993742 0.000000 0.000000 0.000000 0.000000 1.000000
0.998045 0.030567 0.054520 0.000000 -0.024823 0.994363 -0.103085 9.685800 -0.057364 0.101530 0.993177 0.000000 0.000000 0.000000 0.000000 1.000000
0.998167 0.032788 0.050873 0.000000 -0.026959 0.993420 -0.111309 9.685800 -0.054188 0.109734 0.992483 0.000000 0.000000 0.000000 0.000000 1.000000
0.998514 0.033874 0.042684 0.000000 -0.028533 0.992359 -0.120042 9.685800 -0.046424 0.118646 0.991851 0.000000 0.000000 0.000000 0.000000 1.000000
0.998906 0.031068 0.034956 0.000000 -0.026409 0.991596 -0.126652 9.685800 -0.038597 0.125591 0.991331 0.000000 0.000000 0.000000 0.000000 1.000000
0.999187 0.027963 0.029032 0.000000 -0.023905 0.990994 -0.131757 9.685800 -0.032455 0.130955 0.990857 0.000000 0.000000 0.000000 0.000000 1.000000
0.999347 0.027165 0.023812 -0.000000 -0.023675 0.990391 -0.136254 9.685800 -0.027285 0.135601 0.990388 0.000000 0.000000 0.000000 0.000000 1.000000
0.999435 0.027854 0.018828 0.000000 -0.024960 0.989908 -0.139493 9.685800 -0.022524 0.138944 0.990044 0.000000 0.000000 0.000000 0.000000 1.000000
0.999508 0.028101 0.013932 0.000000 -0.025857 0.989656 -0.141111 9.685800 -0.017754 0.140682 0.989896 0.000000 0.000000 0.000000 0.000000 1.000000
0.999498 0.029823 0.010683 -0.000000 -0.028006 0.989476 -0.141963 9.685800 -0.014804 0.141593 0.989814 0.000000 0.000000 0.000000 0.000000 1.000000
0.999385 0.033704 0.009643 0.000000 -0.031991 0.989304 -0.142320 9.685800 -0.014336 0.141924 0.989774 0.000000 0.000000 0.000000 0.000000 1.000000
0.999253 0.037666 0.008684 -0.000000 -0.036044 0.989117 -0.142648 9.685800 -0.013963 0.142228 0.989735 -0.000000 0.000000 0.000000 0.000000 1.000000
0.999100 0.041700 0.007800 0.000000 -0.040159 0.988915 -0.142949 9.685800 -0.013674 0.142507 0.989699 0.000000 0.000000 0.000000 0.000000 1.000000
0.998926 0.045796 0.006980 0.000000 -0.044326 0.988697 -0.143227 9.685800 -0.013461 0.142764 0.989665 0.000000 0.000000 0.000000 0.000000 1.000000
0.998732 0.049948 0.006217 0.000000 -0.048541 0.988461 -0.143485 9.685800 -0.013312 0.143002 0.989633 0.000000 0.000000 0.000000 0.000000 1.000000
0.998518 0.054146 0.005502 0.000000 -0.052795 0.988208 -0.143727 9.685800 -0.013219 0.143223 0.989602 0.000000 0.000000 0.000000 0.000000 1.000000
0.998283 0.058382 0.004826 0.000000 -0.057081 0.987937 -0.143954 9.685800 -0.013172 0.143432 0.989573 0.000000 0.000000 0.000000 0.000000 1.000000
0.998027 0.062647 0.004181 0.000000 -0.061392 0.987647 -0.144171 9.685800 -0.013161 0.143630 0.989544 -0.000000 0.000000 0.000000 0.000000 1.000000
0.997751 0.066934 0.003557 0.000000 -0.065721 0.987338 -0.144378 9.685800 -0.013176 0.143820 0.989516 0.000000 0.000000 0.000000 0.000000 1.000000
0.997455 0.071233 0.002946 0.000000 -0.070060 0.987010 -0.144580 9.685800 -0.013207 0.144006 0.989489 -0.000000 0.000000 0.000000 0.000000 1.000000
0.997140 0.075536 0.002340 0.000000 -0.074403 0.986663 -0.144777 9.685800 -0.013245 0.144189 0.989461 0.000000 0.000000 0.000000 0.000000 1.000000
0.996807 0.079835 0.001729 -0.000000 -0.078741 0.986297 -0.144973 9.685800 -0.013279 0.144374 0.989434 0.000000 0.000000 0.000000 0.000000 1.000000
0.996455 0.084120 0.001104 0.000000 -0.083069 0.985914 -0.145169 9.685800 -0.013300 0.144562 0.989406 0.000000 0.000000 0.000000 0.000000 1.000000
0.996086 0.088384 0.000458 0.000000 -0.087379 0.985512 -0.145366 9.685800 -0.013299 0.144758 0.989378 0.000000 0.000000 0.000000 0.000000 1.000000
0.995702 0.092619 -0.000221 0.000000 -0.091664 0.985093 -0.145568 9.685800 -0.013265 0.144962 0.989348 0.000000 0.000000 0.000000 0.000000 1.000000
0.995302 0.096814 -0.000939 0.000000 -0.095916 0.984657 -0.145774 9.685800 -0.013188 0.145179 0.989317 0.000000 0.000000 0.000000 0.000000 1.000000</float_array>
        <technique_common>
          <accessor source="#mixamorig_Spine1-Matrix-animation-output-transform-array" count="36" stride="16">
            <param type="float4x4"/>
          </accessor>
        </technique_common>
      </source>
      <source id="mixamorig_Spine1-Interpolations">
        <Name_array id="mixamorig_Spine1-Interpolations-array" count="36">
 LINEAR LINEAR LINEAR LINEAR LINEAR LINEAR LINEAR LINEAR LINEAR LINEAR LINEAR
LINEAR LINEAR LINEAR LINEAR LINEAR LINEAR LINEAR LINEAR LINEAR LINEAR LINEAR LINEAR
LINEAR LINEAR LINEAR LINEAR LINEAR LINEAR LINEAR LINEAR LINEAR LINEAR LINEAR LINEAR
LINEAR</Name_array>
        <technique_common>
          <accessor source="#mixamorig_Spine1-Interpolations-array" count="36">
            <param type="name"/>
          </accessor>
        </technique_common>
      </source>
      <sampler id="mixamorig_Spine1-Matrix-animation-transform">
        <input semantic="INPUT" source="#mixamorig_Spine1-Matrix-animation-input"/>
        <input semantic="OUTPUT" source="#mixamorig_Spine1-Matrix-animation-output-transform"/>
        <input semantic="INTERPOLATION" source="#mixamorig_Spine1-Interpolations"/>
      </sampler>
      <channel source="#mixamorig_Spine1-Matrix-animation-transform" target="mixamorig_Spine1/matrix"/>
    </animation>
    <animation id="mixamorig_Spine2-anim" name="mixamorig_Spine2">
      <source id="mixamorig_Spine2-Matrix-animation-input">
        <float_array id="mixamorig_Spine2-Matrix-animation-input-array" count="36">

0.000000 0.033333 0.066667 0.100000 0.133333 0.166667 0.200000 0.233333 0.266667 0.300000 0.333333 0.366667 0.400000 0.433333 0.466667 0.500000
0.533333 0.566667 0.600000 0.633333 0.666667 0.700000 0.733333 0.766667 0.800000 0.833333 0.866667 0.900000 0.933333 0.966667 1.000000 1.033333
1.066667 1.100000 1.133333 1.166667</float_array>
        <technique_common>
          <accessor source="#mixamorig_Spine2-Matrix-animation-input-array" count="36">
            <param name="TIME" type="float"/>
          </accessor>
        </technique_common>
      </source>
      <source id="mixamorig_Spine2-Matrix-animation-output-transform">
        <float_array id="mixamorig_Spine2-Matrix-animation-output-transform-array" count="576">

0.995241 0.097441 0.000486 -0.000000 -0.096538 0.986672 -0.130994 15.875400 -0.013244 0.130324 0.991383 -0.000000 0.000000 0.000000 0.000000 1.000000
0.995217 0.097691 0.000499 -0.000000 -0.096766 0.986475 -0.132304 15.875400 -0.013417 0.131623 0.991209 0.000000 0.000000 0.000000 0.000000 1.000000
0.995145 0.098417 0.000724 0.000000 -0.097425 0.986107 -0.134543 15.875400 -0.013955 0.133819 0.990908 0.000000 0.000000 0.000000 0.000000 1.000000
0.995174 0.098114 0.001584 0.000000 -0.096990 0.985964 -0.135900 15.875400 -0.014895 0.135090 0.990721 0.000000 0.000000 0.000000 0.000000 1.000000
0.995409 0.095651 0.003288 0.000000 -0.094328 0.986297 -0.135355 15.875400 -0.016190 0.134424 0.990792 0.000000 0.000000 0.000000 0.000000 1.000000
0.995888 0.090318 0.007030 0.000000 -0.088611 0.987316 -0.131741 15.875400 -0.018839 0.130577 0.991259 0.000000 0.000000 0.000000 0.000000 1.000000
0.996690 0.079962 0.014688 0.000000 -0.077579 0.989457 -0.122293 15.875400 -0.024312 0.120749 0.992385 -0.000000 0.000000 0.000000 0.000000 1.000000
0.997440 0.067391 0.023909 -0.000000 -0.064364 0.991802 -0.110386 15.875400 -0.031152 0.108565 0.993601 -0.000000 0.000000 0.000000 0.000000 1.000000
0.997924 0.054667 0.034053 0.000000 -0.051079 0.993820 -0.098550 15.875400 -0.039230 0.096606 0.994549 0.000000 0.000000 0.000000 0.000000 1.000000
0.998149 0.042063 0.043929 0.000000 -0.038031 0.995314 -0.088902 15.875400 -0.047463 0.087067 0.995071 0.000000 0.000000 0.000000 0.000000 1.000000
0.998167 0.030322 0.052369 -0.000000 -0.025751 0.995974 -0.085864 15.875400 -0.054762 0.084359 0.994930 0.000000 0.000000 0.000000 0.000000 1.000000
0.997997 0.029619 0.055905 -0.000000 -0.024463 0.995572 -0.090764 15.875400 -0.058346 0.089214 0.994302 0.000000 0.000000 0.000000 0.000000 1.000000
0.998113 0.032427 0.052151 0.000000 -0.027150 0.994728 -0.098893 15.875400 -0.055082 0.097290 0.993731 0.000000 0.000000 0.000000 0.000000 1.000000
0.998476 0.033502 0.043850 0.000000 -0.028628 0.993802 -0.107417 15.875400 -0.047177 0.105998 0.993247 0.000000 0.000000 0.000000 0.000000 1.000000
0.998877 0.030703 0.036095 0.000000 -0.026411 0.993141 -0.113902 15.875400 -0.039344 0.112821 0.992836 0.000000 0.000000 0.000000 0.000000 1.000000
0.999162 0.027609 0.030210 0.000000 -0.023833 0.992617 -0.118925 15.875400 -0.033271 0.118106 0.992444 0.000000 0.000000 0.000000 0.000000 1.000000
0.999326 0.026833 0.025057 -0.000000 -0.023546 0.992085 -0.123337 15.875400 -0.028168 0.122664 0.992048 0.000000 0.000000 0.000000 0.000000 1.000000
0.999427 0.027239 0.020081 0.000000 -0.024486 0.991666 -0.126487 15.875400 -0.023359 0.125923 0.991765 0.000000 0.000000 0.000000 0.000000 1.000000
0.999507 0.027627 0.014899 0.000000 -0.025496 0.991441 -0.128046 15.875400 -0.018309 0.127603 0.991656 0.000000 0.000000 0.000000 0.000000 1.000000
0.999499 0.029501 0.011458 0.000000 -0.027781 0.991277 -0.128831 15.875400 -0.015159 0.128448 0.991600 0.000000 0.000000 0.000000 0.000000 1.000000
0.999387 0.033409 0.010458 -0.000000 -0.031782 0.991121 -0.129106 15.875400 -0.014678 0.128694 0.991576 0.000000 0.000000 0.000000 0.000000 1.000000
0.999255 0.037393 0.009548 0.000000 -0.035847 0.990951 -0.129351 15.875400 -0.014298 0.128913 0.991553 -0.000000 0.000000 0.000000 0.000000 1.000000
0.999103 0.041447 0.008719 0.000000 -0.039970 0.990764 -0.129571 15.875400 -0.014009 0.129106 0.991532 0.000000 0.000000 0.000000 0.000000 1.000000
0.998930 0.045561 0.007962 0.000000 -0.044145 0.990561 -0.129767 15.875400 -0.013800 0.129277 0.991512 0.000000 0.000000 0.000000 0.000000 1.000000
0.998736 0.049728 0.007268 -0.000000 -0.048365 0.990341 -0.129945 15.875400 -0.013660 0.129429 0.991495 0.000000 0.000000 0.000000 0.000000 1.000000
0.998522 0.053940 0.006627 -0.000000 -0.052622 0.990103 -0.130106 15.875400 -0.013580 0.129565 0.991478 0.000000 0.000000 0.000000 0.000000 1.000000
0.998287 0.058188 0.006030 -0.000000 -0.056909 0.989846 -0.130253 15.875400 -0.013548 0.129687 0.991462 0.000000 0.000000 0.000000 0.000000 1.000000
0.998032 0.062464 0.005467 -0.000000 -0.061221 0.989571 -0.130390 15.875400 -0.013555 0.129799 0.991448 0.000000 0.000000 0.000000 0.000000 1.000000
0.997757 0.066761 0.004929 -0.000000 -0.065549 0.989277 -0.130519 15.875400 -0.013589 0.129904 0.991434 0.000000 0.000000 0.000000 0.000000 1.000000
0.997462 0.071070 0.004405 -0.000000 -0.069887 0.988963 -0.130643 15.875400 -0.013642 0.130003 0.991420 -0.000000 0.000000 0.000000 0.000000 1.000000
0.997147 0.075382 0.003887 -0.000000 -0.074229 0.988631 -0.130763 15.875400 -0.013701 0.130102 0.991406 0.000000 0.000000 0.000000 0.000000 1.000000
0.996814 0.079691 0.003365 -0.000000 -0.078567 0.988280 -0.130883 15.875400 -0.013756 0.130201 0.991392 0.000000 0.000000 0.000000 0.000000 1.000000
0.996463 0.083987 0.002829 0.000000 -0.082894 0.987910 -0.131003 15.875400 -0.013798 0.130305 0.991378 0.000000 0.000000 0.000000 0.000000 1.000000
0.996095 0.088262 0.002270 0.000000 -0.087204 0.987523 -0.131126 15.875400 -0.013815 0.130416 0.991363 0.000000 0.000000 0.000000 0.000000 1.000000
0.995710 0.092509 0.001677 -0.000000 -0.091490 0.987118 -0.131253 15.875400 -0.013798 0.130537 0.991347 0.000000 0.000000 0.000000 0.000000 1.000000
0.995311 0.096719 0.001041 0.000000 -0.095745 0.986697 -0.131386 15.875400 -0.013735 0.130670 0.991331 0.000000 0.000000 0.000000 0.000000 1.000000</float_array>
        <technique_common>
          <accessor source="#mixamorig_Spine2-Matrix-animation-output-transform-array" count="36" stride="16">
            <param type="float4x4"/>
          </accessor>
        </technique_common>
      </source>
      <source id="mixamorig_Spine2-Interpolations">
        <Name_array id="mixamorig_Spine2-Interpolations-array" count="36">
 LINEAR LINEAR LINEAR LINEAR LINEAR LINEAR LINEAR LINEAR LINEAR LINEAR LINEAR
LINEAR LINEAR LINEAR LINEAR LINEAR LINEAR LINEAR LINEAR LINEAR LINEAR LINEAR LINEAR
LINEAR LINEAR LINEAR LINEAR LINEAR LINEAR LINEAR LINEAR LINEAR LINEAR LINEAR LINEAR
LINEAR</Name_array>
        <technique_common>
          <accessor source="#mixamorig_Spine2-Interpolations-array" count="36">
            <param type="name"/>
          </accessor>
        </technique_common>
      </source>
      <sampler id="mixamorig_Spine2-Matrix-animation-transform">
        <input semantic="INPUT" source="#mixamorig_Spine2-Matrix-animation-input"/>
        <input semantic="OUTPUT" source="#mixamorig_Spine2-Matrix-animation-output-transform"/>
        <input semantic="INTERPOLATION" source="#mixamorig_Spine2-Interpolations"/>
      </sampler>
      <channel source="#mixamorig_Spine2-Matrix-animation-transform" target="mixamorig_Spine2/matrix"/>
    </animation>
    <animation id="mixamorig_Neck-anim" name="mixamorig_Neck">
      <source id="mixamorig_Neck-Matrix-animation-input">
        <float_array id="mixamorig_Neck-Matrix-animation-input-array" count="36">

0.000000 0.033333 0.066667 0.100000 0.133333 0.166667 0.200000 0.233333 0.266667 0.300000 0.333333 0.366667 0.400000 0.433333 0.466667 0.500000
0.533333 0.566667 0.600000 0.633333 0.666667 0.700000 0.733333 0.766667 0.800000 0.833333 0.866667 0.900000 0.933333 0.966667 1.000000 1.033333
1.066667 1.100000 1.133333 1.166667</float_array>
        <technique_common>
          <accessor source="#mixamorig_Neck-Matrix-animation-input-array" count="36">
            <param name="TIME" type="float"/>
          </accessor>
        </technique_common>
      </source>
      <source id="mixamorig_Neck-Matrix-animation-output-transform">
        <float_array id="mixamorig_Neck-Matrix-animation-output-transform-array" count="576">

0.885840 -0.189301 0.423619 0.000000 0.042157 0.942049 0.332815 26.173401 -0.462073 -0.276962 0.842485 -0.161200 0.000000 0.000000 0.000000 1.000000
0.887431 -0.188628 0.420577 0.000000 0.043853 0.942845 0.330334 26.173401 -0.458849 -0.274705 0.844982 -0.161200 0.000000 0.000000 0.000000 1.000000
0.889559 -0.187482 0.416575 0.000000 0.044115 0.942896 0.330153 26.173401 -0.454684 -0.275314 0.847033 -0.161200 0.000000 0.000000 0.000000 1.000000
0.891766 -0.184969 0.412964 -0.000000 0.044835 0.944263 0.326124 26.173401 -0.450269 -0.272311 0.850355 -0.161200 0.000000 0.000000 0.000000 1.000000
0.891386 -0.192619 0.410279 0.000000 0.054057 0.943923 0.325710 26.173401 -0.450010 -0.268155 0.851812 -0.161200 0.000000 0.000000 0.000000 1.000000
0.895981 -0.172290 0.409308 0.000000 0.051137 0.955572 0.290289 26.173401 -0.441138 -0.239162 0.864985 -0.161200 0.000000 0.000000 0.000000 1.000000
0.915576 -0.068090 0.396339 -0.000000 0.005230 0.987494 0.157568 26.173401 -0.402111 -0.142193 0.904482 -0.161200 0.000000 0.000000 0.000000 1.000000
0.930907 0.044934 0.362481 -0.000000 -0.049629 0.998761 0.003648 26.173401 -0.361868 -0.021386 0.931984 -0.161200 0.000000 0.000000 0.000000 1.000000
0.926146 0.088923 0.366532 -0.000000 -0.061820 0.994456 -0.085057 26.173401 -0.372063 0.056116 0.926510 -0.161200 0.000000 0.000000 0.000000 1.000000
0.916206 0.073263 0.393954 -0.000000 -0.062048 0.997225 -0.041148 26.173401 -0.395875 0.013256 0.918209 -0.161200 0.000000 0.000000 0.000000 1.000000
0.901797 0.012059 0.431993 0.000000 -0.050223 0.995762 0.077044 26.173401 -0.429233 -0.091174 0.898580 -0.161200 0.000000 0.000000 0.000000 1.000000
0.882225 -0.067574 0.465953 0.000000 -0.041237 0.974754 0.219440 26.173401 -0.469018 -0.212810 0.857166 -0.161200 0.000000 0.000000 0.000000 1.000000
0.863107 -0.157979 0.479676 0.000000 -0.022504 0.936839 0.349036 26.173401 -0.504520 -0.312050 0.805037 -0.161200 0.000000 0.000000 0.000000 1.000000
0.844151 -0.251940 0.473218 0.000000 0.011891 0.891278 0.453301 26.173401 -0.535973 -0.377028 0.755369 -0.161200 0.000000 0.000000 0.000000 1.000000
0.827258 -0.327221 0.456695 0.000000 0.051344 0.853513 0.518536 26.173401 -0.559471 -0.405515 0.722876 -0.161200 0.000000 0.000000 0.000000 1.000000
0.819777 -0.370506 0.436681 0.000000 0.082465 0.830944 0.550211 26.173401 -0.566714 -0.415040 0.711743 -0.161200 0.000000 0.000000 0.000000 1.000000
0.824528 -0.378769 0.420342 -0.000000 0.095521 0.825406 0.556400 26.173401 -0.557700 -0.418616 0.716751 -0.161200 0.000000 0.000000 0.000000 1.000000
0.833112 -0.366325 0.414403 0.000000 0.093143 0.831451 0.547735 26.173401 -0.545205 -0.417726 0.726813 -0.161200 0.000000 0.000000 0.000000 1.000000
0.841213 -0.345131 0.416227 0.000000 0.085453 0.844973 0.527938 26.173401 -0.533909 -0.408540 0.740295 -0.161200 0.000000 0.000000 0.000000 1.000000
0.846997 -0.327481 0.418750 0.000000 0.079064 0.856563 0.509949 26.173401 -0.525685 -0.398817 0.751399 -0.161200 0.000000 0.000000 0.000000 1.000000
0.849955 -0.317716 0.420277 0.000000 0.076384 0.863593 0.498370 26.173401 -0.521288 -0.391490 0.758284 -0.161200 0.000000 0.000000 0.000000 1.000000
0.852779 -0.308218 0.421629 -0.000000 0.073810 0.870317 0.486930 26.173401 -0.517031 -0.384123 0.764937 -0.161200 0.000000 0.000000 0.000000 1.000000
0.855481 -0.298962 0.422816 0.000000 0.071331 0.876759 0.475610 26.173401 -0.512898 -0.376716 0.771376 -0.161200 0.000000 0.000000 0.000000 1.000000
0.858076 -0.289925 0.423850 0.000000 0.068936 0.882941 0.464395 26.173401 -0.508874 -0.369268 0.777617 -0.161200 0.000000 0.000000 0.000000 1.000000
0.860577 -0.281079 0.424738 0.000000 0.066614 0.888882 0.453267 26.173401 -0.504946 -0.361777 0.783675 -0.161200 0.000000 0.000000 0.000000 1.000000
0.862995 -0.272399 0.425487 -0.000000 0.064353 0.894602 0.442206 26.173401 -0.501098 -0.354240 0.789566 -0.161200 0.000000 0.000000 0.000000 1.000000
0.865342 -0.263860 0.426100 -0.000000 0.062141 0.900116 0.431195 26.173401 -0.497314 -0.346653 0.795305 -0.161200 0.000000 0.000000 0.000000 1.000000
0.867630 -0.255435 0.426580 0.000000 0.059965 0.905442 0.420213 26.173401 -0.493581 -0.339010 0.800906 -0.161200 0.000000 0.000000 0.000000 1.000000
0.869871 -0.247098 0.426928 -0.000000 0.057812 0.910593 0.409242 26.173401 -0.489880 -0.331306 0.806383 -0.161200 0.000000 0.000000 0.000000 1.000000
0.872073 -0.238824 0.427143 0.000000 0.055670 0.915581 0.398261 26.173401 -0.486198 -0.323534 0.811749 -0.161200 0.000000 0.000000 0.000000 1.000000
0.874249 -0.230587 0.427222 0.000000 0.053526 0.920420 0.387250 26.173401 -0.482518 -0.315686 0.817018 -0.161200 0.000000 0.000000 0.000000 1.000000
0.876407 -0.222360 0.427161 0.000000 0.051364 0.925118 0.376190 26.173401 -0.478824 -0.307754 0.822201 -0.161200 0.000000 0.000000 0.000000 1.000000
0.878557 -0.214120 0.426955 -0.000000 0.049173 0.929685 0.365058 26.173401 -0.475100 -0.299729 0.827310 -0.161200 0.000000 0.000000 0.000000 1.000000
0.880707 -0.205841 0.426596 -0.000000 0.046937 0.934130 0.353835 26.173401 -0.471330 -0.291602 0.832356 -0.161200 0.000000 0.000000 0.000000 1.000000
0.882867 -0.197498 0.426075 0.000000 0.044642 0.938457 0.342499 26.173401 -0.467496 -0.283361 0.837350 -0.161200 0.000000 0.000000 0.000000 1.000000
0.885045 -0.189067 0.425381 0.000000 0.042274 0.942673 0.331031 26.173401 -0.463583 -0.274995 0.842300 -0.161200 0.000000 0.000000 0.000000 1.000000</float_array>
        <technique_common>
          <accessor source="#mixamorig_Neck-Matrix-animation-output-transform-array" count="36" stride="16">
            <param type="float4x4"/>
          </accessor>
        </technique_common>
      </source>
      <source id="mixamorig_Neck-Interpolations">
        <Name_array id="mixamorig_Neck-Interpolations-array" count="36">
 LINEAR LINEAR LINEAR LINEAR LINEAR LINEAR LINEAR LINEAR LINEAR LINEAR LINEAR
LINEAR LINEAR LINEAR LINEAR LINEAR LINEAR LINEAR LINEAR LINEAR LINEAR LINEAR LINEAR
LINEAR LINEAR LINEAR LINEAR LINEAR LINEAR LINEAR LINEAR LINEAR LINEAR LINEAR LINEAR
LINEAR</Name_array>
        <technique_common>
          <accessor source="#mixamorig_Neck-Interpolations-array" count="36">
            <param type="name"/>
          </accessor>
        </technique_common>
      </source>
      <sampler id="mixamorig_Neck-Matrix-animation-transform">
        <input semantic="INPUT" source="#mixamorig_Neck-Matrix-animation-input"/>
        <input semantic="OUTPUT" source="#mixamorig_Neck-Matrix-animation-output-transform"/>
        <input semantic="INTERPOLATION" source="#mixamorig_Neck-Interpolations"/>
      </sampler>
      <channel source="#mixamorig_Neck-Matrix-animation-transform" target="mixamorig_Neck/matrix"/>
    </animation>
    <animation id="mixamorig_Head-anim" name="mixamorig_Head">
      <source id="mixamorig_Head-Matrix-animation-input">
        <float_array id="mixamorig_Head-Matrix-animation-input-array" count="36">

0.000000 0.033333 0.066667 0.100000 0.133333 0.166667 0.200000 0.233333 0.266667 0.300000 0.333333 0.366667 0.400000 0.433333 0.466667 0.500000
0.533333 0.566667 0.600000 0.633333 0.666667 0.700000 0.733333 0.766667 0.800000 0.833333 0.866667 0.900000 0.933333 0.966667 1.000000 1.033333
1.066667 1.100000 1.133333 1.166667</float_array>
        <technique_common>
          <accessor source="#mixamorig_Head-Matrix-animation-input-array" count="36">
            <param name="TIME" type="float"/>
          </accessor>
        </technique_common>
      </source>
      <source id="mixamorig_Head-Matrix-animation-output-transform">
        <float_array id="mixamorig_Head-Matrix-animation-output-transform-array" count="576">

0.901427 0.050535 0.429971 0.000000 -0.058174 0.998296 0.004630 14.369300 -0.429004 -0.029187 0.902831 0.127800 0.000000 0.000000 0.000000 1.000000
0.902402 0.048831 0.428119 -0.000000 -0.055038 0.998482 0.002124 14.369300 -0.427365 -0.025479 0.903720 0.127800 0.000000 0.000000 0.000000 1.000000
0.905153 0.044593 0.422740 -0.000000 -0.049644 0.998767 0.000940 14.369300 -0.422176 -0.021837 0.906251 0.127800 0.000000 0.000000 0.000000 1.000000
