<?xml version="1.0" encoding="utf-8"?>
<COLLADA xmlns="http://www.collada.org/2005/11/COLLADASchema" version="1.4.1">
  <asset>
    <contributor>
      <author>Mixamo</author>
      <authoring_tool>COLLADA Mixamo exporter</authoring_tool>
      <comments/>
    </contributor>
    <created>2025-11-14T05:17:21Z</created>
    <modified>2025-11-14T05:17:21Z</modified>
    <revision/>
    <title/>
    <unit meter="0.010000"/>
    <up_axis>Y_UP</up_axis>
  </asset>
  <library_animations>
    <animation id="mixamorig_Hips-anim" name="mixamorig_Hips">
      <source id="mixamorig_Hips-Matrix-animation-input">
        <float_array id="mixamorig_Hips-Matrix-animation-input-array" count="129">

0.000000 0.033333 0.066667 0.100000 0.133333 0.166667 0.200000 0.233333 0.266667 0.300000 0.333333 0.366667 0.400000 0.433333 0.466667 0.500000
0.533333 0.566667 0.600000 0.633333 0.666667 0.700000 0.733333 0.766667 0.800000 0.833333 0.866667 0.900000 0.933333 0.966667 1.000000 1.033333
1.066667 1.100000 1.133333 1.166667 1.200000 1.233333 1.266667 1.300000 1.333333 1.366667 1.400000 1.433333 1.466667 1.500000 1.533333 1.566667
1.600000 1.633333 1.666667 1.700000 1.733333 1.766667 1.800000 1.833333 1.866667 1.900000 1.933333 1.966667 2.000000 2.033333 2.066667 2.100000
2.133333 2.166667 2.200000 2.233333 2.266667 2.300000 2.333333 2.366667 2.400000 2.433333 2.466667 2.500000 2.533333 2.566667 2.600000 2.633333
2.666667 2.700000 2.733333 2.766667 2.800000 2.833333 2.866667 2.900000 2.933333 2.966667 3.000000 3.033333 3.066667 3.100000 3.133333 3.166667
3.200000 3.233333 3.266667 3.300000 3.333333 3.366667 3.400000 3.433333 3.466667 3.500000 3.533333 3.566667 3.600000 3.633333 3.666667 3.700000
3.733333 3.766667 3.800000 3.833333 3.866667 3.900000 3.933333 3.966667 4.000000 4.033333 4.066667 4.100000 4.133333 4.166667 4.200000 4.233333
4.266667</float_array>
        <technique_common>
          <accessor source="#mixamorig_Hips-Matrix-animation-input-array" count="129">
            <param name="TIME" type="float"/>
          </accessor>
        </technique_common>
      </source>
      <source id="mixamorig_Hips-Matrix-animation-output-transform">
        <float_array id="mixamorig_Hips-Matrix-animation-output-transform-array" count="2064">

0.522569 -0.060166 -0.850471 0.204936 0.069742 0.997181 -0.027692 100.640846 0.849740 -0.044842 0.525292 -0.652182 0.000000 0.000000 0.000000 1.000000
0.532785 -0.068938 -0.843438 0.142875 0.067670 0.996955 -0.038740 99.748825 0.843541 -0.036435 0.535828 -0.866868 0.000000 0.000000 0.000000 1.000000
0.542923 -0.077489 -0.836200 0.080815 0.065462 0.996609 -0.049851 98.856804 0.837227 -0.027674 0.546155 -1.081553 0.000000 0.000000 0.000000 1.000000
0.555791 -0.083344 -0.827133 -0.030164 0.066224 0.996239 -0.055884 97.807251 0.828680 -0.023716 0.559220 -1.360090 0.000000 0.000000 0.000000 1.000000
0.574869 -0.084583 -0.813862 -0.253671 0.074875 0.995908 -0.050615 96.352982 0.814813 -0.031841 0.578849 -1.801314 0.000000 0.000000 0.000000 1.000000
0.597443 -0.081024 -0.797808 -0.553784 0.088009 0.995498 -0.035195 94.736641 0.797067 -0.049187 0.601884 -2.310915 0.000000 0.000000 0.000000 1.000000
0.623475 -0.064795 -0.779154 -0.945024 0.101654 0.994819 -0.001386 93.292358 0.775207 -0.078340 0.626831 -2.765594 0.000000 0.000000 0.000000 1.000000
0.636229 -0.044110 -0.770238 -1.385008 0.111441 0.993148 0.035177 92.278687 0.763409 -0.108217 0.636785 -3.037689 0.000000 0.000000 0.000000 1.000000
0.631886 -0.024276 -0.774681 -1.950647 0.121571 0.990242 0.068131 91.871552 0.765467 -0.137230 0.628671 -3.118183 0.000000 0.000000 0.000000 1.000000
0.621708 -0.004207 -0.783238 -2.625340 0.133858 0.985845 0.100957 92.160309 0.771726 -0.167609 0.613471 -3.181483 0.000000 0.000000 0.000000 1.000000
0.618503 0.012119 -0.785689 -3.396373 0.145865 0.980732 0.129954 93.074036 0.772125 -0.194981 0.604818 -3.344792 0.000000 0.000000 0.000000 1.000000
0.625562 0.019199 -0.779938 -4.308026 0.152900 0.977294 0.146693 94.375481 0.765045 -0.211018 0.608422 -3.577884 0.000000 0.000000 0.000000 1.000000
0.640912 0.021538 -0.767312 -5.231614 0.153028 0.975956 0.155214 95.877113 0.752207 -0.216899 0.622206 -3.775738 0.000000 0.000000 0.000000 1.000000
0.662150 0.022888 -0.749022 -6.068345 0.149720 0.975340 0.162159 97.476028 0.734262 -0.219517 0.642395 -3.858209 0.000000 0.000000 0.000000 1.000000
0.684860 0.024192 -0.728273 -6.757053 0.147889 0.974033 0.171429 99.046349 0.713510 -0.225109 0.663498 -3.822782 0.000000 0.000000 0.000000 1.000000
0.704334 0.025432 -0.709413 -7.217444 0.148504 0.971967 0.182285 100.510757 0.694161 -0.233740 0.680813 -3.727072 0.000000 0.000000 0.000000 1.000000
0.719785 0.024113 -0.693778 -7.428053 0.149309 0.970629 0.188641 101.842575 0.677950 -0.239368 0.695044 -3.569558 0.000000 0.000000 0.000000 1.000000
0.734591 0.018804 -0.678249 -7.437849 0.148341 0.970983 0.187583 102.990570 0.662096 -0.238409 0.710486 -3.275817 0.000000 0.000000 0.000000 1.000000
0.750293 0.010736 -0.661018 -7.321257 0.146274 0.972391 0.181822 103.863510 0.644720 -0.233110 0.728008 -2.824720 0.000000 0.000000 0.000000 1.000000
0.765237 0.003550 -0.643739 -7.102952 0.143041 0.974049 0.175410 104.418266 0.627656 -0.226311 0.744870 -2.256509 0.000000 0.000000 0.000000 1.000000
0.780231 0.000092 -0.625492 -6.789131 0.136773 0.975775 0.170752 104.625504 0.610355 -0.218777 0.761317 -1.612050 0.000000 0.000000 0.000000 1.000000
0.798595 -0.001011 -0.601867 -6.436824 0.127671 0.977526 0.167761 104.469162 0.588171 -0.210814 0.780777 -0.924083 0.000000 0.000000 0.000000 1.000000
0.823703 -0.000935 -0.567020 -6.084606 0.114768 0.979575 0.165107 103.992386 0.555285 -0.201075 0.806987 -0.219881 0.000000 0.000000 0.000000 1.000000
0.858462 0.007270 -0.512826 -5.727034 0.093071 0.981090 0.169706 103.241127 0.504362 -0.193415 0.841552 0.484875 0.000000 0.000000 0.000000 1.000000
0.898962 0.030156 -0.436987 -5.398621 0.067755 0.976047 0.206742 102.080605 0.432754 -0.215461 0.875386 1.058099 0.000000 0.000000 0.000000 1.000000
0.936257 0.042423 -0.348745 -5.344575 0.053454 0.963922 0.260763 100.445587 0.347225 -0.262783 0.900211 1.448936 0.000000 0.000000 0.000000 1.000000
0.965902 0.030809 -0.257068 -5.692764 0.051711 0.949933 0.308145 98.555519 0.253691 -0.310931 0.915949 1.836769 0.000000 0.000000 0.000000 1.000000
0.985680 0.008457 -0.168415 -6.274871 0.047703 0.943961 0.326593 96.844437 0.161739 -0.329950 0.930040 2.670650 0.000000 0.000000 0.000000 1.000000
0.995238 -0.007262 -0.097206 -6.700556 0.037460 0.949137 0.312628 95.605064 0.089991 -0.314781 0.944889 4.256273 0.000000 0.000000 0.000000 1.000000
0.997924 -0.013200 -0.063034 -6.781425 0.029906 0.961822 0.272038 94.758972 0.057037 -0.273359 0.960220 6.565974 0.000000 0.000000 0.000000 1.000000
0.998156 -0.015735 -0.058622 -6.751410 0.026799 0.980823 0.193052 93.961838 0.054460 -0.194267 0.979436 9.357107 0.000000 0.000000 0.000000 1.000000
0.998935 -0.019553 -0.041782 -6.808765 0.021465 0.998720 0.045802 93.109360 0.040833 -0.046650 0.998076 12.703803 0.000000 0.000000 0.000000 1.000000
0.999930 -0.011733 0.001745 -6.737140 0.011862 0.989554 -0.143671 92.368385 -0.000041 0.143682 0.989624 16.475679 0.000000 0.000000 0.000000 1.000000
0.999509 0.007620 0.030399 -6.510384 0.001327 0.958832 -0.283970 91.801529 -0.031311 0.283871 0.958351 19.651260 0.000000 0.000000 0.000000 1.000000
0.999593 0.015739 0.023806 -6.458509 -0.007333 0.947815 -0.318738 91.436127 -0.027580 0.318433 0.947544 21.106308 0.000000 0.000000 0.000000 1.000000
0.999911 0.011680 0.006483 -6.544984 -0.008923 0.945147 -0.326523 91.130852 -0.009941 0.326436 0.945167 21.808458 0.000000 0.000000 0.000000 1.000000
0.999991 0.003707 -0.002043 -6.630890 -0.004182 0.939959 -0.341263 90.830200 0.000655 0.341269 0.939966 22.319313 0.000000 0.000000 0.000000 1.000000
0.999945 -0.003002 -0.010075 -6.737265 -0.000729 0.936271 -0.351279 90.508202 0.010487 0.351267 0.936217 22.580160 0.000000 0.000000 0.000000 1.000000
0.999694 -0.008519 -0.023236 -6.885671 -0.000266 0.935132 -0.354299 90.260399 0.024747 0.354196 0.934844 22.658331 0.000000 0.000000 0.000000 1.000000
0.999316 -0.012056 -0.034964 -7.066889 -0.000852 0.937624 -0.347651 90.169167 0.036975 0.347443 0.936972 22.608448 0.000000 0.000000 0.000000 1.000000
0.999048 -0.014248 -0.041237 -7.264249 -0.000474 0.941573 -0.336810 90.156433 0.043626 0.336508 0.940669 22.494421 0.000000 0.000000 0.000000 1.000000
0.998676 -0.016035 -0.048888 -7.465141 -0.000578 0.946642 -0.322287 90.212662 0.051447 0.321888 0.945379 22.248396 0.000000 0.000000 0.000000 1.000000
0.998357 -0.016971 -0.054728 -7.620879 -0.000785 0.950989 -0.309223 90.304985 0.057293 0.308758 0.949413 21.948769 0.000000 0.000000 0.000000 1.000000
0.998264 -0.016851 -0.056430 -7.691945 -0.000880 0.953814 -0.300396 90.438095 0.058886 0.299924 0.952144 21.597898 0.000000 0.000000 0.000000 1.000000
0.998275 -0.016276 -0.056406 -7.725696 -0.000988 0.956005 -0.293348 90.590393 0.058699 0.292897 0.954340 21.222910 0.000000 0.000000 0.000000 1.000000
0.998330 -0.015287 -0.055715 -7.736026 -0.001393 0.957705 -0.287748 90.743668 0.057757 0.287345 0.956084 20.858929 0.000000 0.000000 0.000000 1.000000
0.998568 -0.012213 -0.052079 -7.633883 -0.003384 0.957214 -0.289360 90.895737 0.053385 0.289122 0.955803 20.561703 0.000000 0.000000 0.000000 1.000000
0.998548 -0.013967 -0.052028 -7.550018 -0.002046 0.955273 -0.295717 91.092163 0.053832 0.295394 0.953858 20.324043 0.000000 0.000000 0.000000 1.000000
0.998405 -0.016471 -0.053996 -7.445338 -0.000523 0.953750 -0.300599 91.232689 0.056449 0.300148 0.952221 20.158913 0.000000 0.000000 0.000000 1.000000
0.998226 -0.019243 -0.056335 -7.338209 0.001124 0.952242 -0.305342 91.366127 0.059520 0.304737 0.950575 20.001644 0.000000 0.000000 0.000000 1.000000
0.998053 -0.021702 -0.058476 -7.228635 0.002522 0.950790 -0.309827 91.494324 0.062322 0.309076 0.948993 19.854681 0.000000 0.000000 0.000000 1.000000
0.997936 -0.023256 -0.059859 -7.116623 0.003295 0.949441 -0.313929 91.619125 0.064133 0.313084 0.947558 19.720461 0.000000 0.000000 0.000000 1.000000
0.998246 -0.018319 -0.056304 -6.983872 -0.000355 0.949064 -0.315082 91.710678 0.059209 0.314549 0.947393 19.688885 0.000000 0.000000 0.000000 1.000000
0.998381 -0.017262 -0.054200 -6.908403 -0.000836 0.948284 -0.317423 91.758453 0.056876 0.316954 0.946734 19.673313 0.000000 0.000000 0.000000 1.000000
0.998552 -0.016445 -0.051212 -6.865562 -0.000779 0.947593 -0.319479 91.779243 0.053782 0.319056 0.946209 19.657835 0.000000 0.000000 0.000000 1.000000
0.998881 -0.014227 -0.045100 -6.868569 -0.000943 0.947489 -0.319787 91.761017 0.047281 0.319472 0.946416 19.626392 0.000000 0.000000 0.000000 1.000000
0.999226 -0.011186 -0.037705 -6.910141 -0.001479 0.947331 -0.320254 91.708374 0.039301 0.320062 0.946581 19.606152 0.000000 0.000000 0.000000 1.000000
0.999524 -0.007324 -0.029982 -6.996479 -0.002758 0.946360 -0.323103 91.620667 0.030740 0.323032 0.945889 19.629726 0.000000 0.000000 0.000000 1.000000
0.999745 -0.002574 -0.022432 -7.100332 -0.004881 0.945369 -0.325965 91.501678 0.022046 0.325991 0.945116 19.664724 0.000000 0.000000 0.000000 1.000000
0.999846 0.004315 -0.017036 -7.191304 -0.009621 0.945613 -0.325153 91.312439 0.014706 0.325266 0.945508 19.679846 0.000000 0.000000 0.000000 1.000000
0.999863 0.003150 -0.016255 -7.311190 -0.008313 0.944545 -0.328277 91.098595 0.014320 0.328367 0.944442 19.767462 0.000000 0.000000 0.000000 1.000000
0.999598 -0.001619 -0.028316 -7.366227 -0.007733 0.944989 -0.327011 91.005066 0.027288 0.327098 0.944596 19.872398 0.000000 0.000000 0.000000 1.000000
0.999351 0.001627 -0.035995 -7.292333 -0.013144 0.946598 -0.322149 91.026100 0.033549 0.322413 0.946004 20.048172 0.000000 0.000000 0.000000 1.000000
0.999597 0.009435 -0.026791 -7.203851 -0.017544 0.946875 -0.321123 91.063477 0.022338 0.321463 0.946658 20.304054 0.000000 0.000000 0.000000 1.000000
0.999793 0.013040 -0.015633 -7.169405 -0.017385 0.946444 -0.322399 91.092323 0.010592 0.322604 0.946475 20.475075 0.000000 0.000000 0.000000 1.000000
0.999840 0.013288 -0.011966 -7.121963 -0.016457 0.945563 -0.325024 91.100548 0.006995 0.325169 0.945630 20.480295 0.000000 0.000000 0.000000 1.000000
0.999856 0.015312 -0.007365 -7.021655 -0.016886 0.943769 -0.330173 91.072037 0.001895 0.330250 0.943892 20.404045 0.000000 0.000000 0.000000 1.000000
0.999863 0.016461 -0.001970 -6.905044 -0.016174 0.942541 -0.333699 91.042351 -0.003636 0.333685 0.942677 20.344198 0.000000 0.000000 0.000000 1.000000
0.999892 0.013446 -0.006000 -6.769211 -0.014674 0.943456 -0.331173 91.126343 0.001208 0.331225 0.943551 20.429905 0.000000 0.000000 0.000000 1.000000
0.999898 0.011690 -0.008163 -6.650864 -0.013723 0.944437 -0.328406 91.189651 0.003871 0.328485 0.944501 20.557491 0.000000 0.000000 0.000000 1.000000
0.999873 0.015963 0.000245 -6.581203 -0.015000 0.944559 -0.327999 91.169960 -0.005468 0.327954 0.944678 20.744370 0.000000 0.000000 0.000000 1.000000
0.999696 0.021509 0.012043 -6.550539 -0.016344 0.944051 -0.329394 91.033813 -0.018455 0.329097 0.944116 20.883818 0.000000 0.000000 0.000000 1.000000
0.999418 0.024390 0.023839 -6.577535 -0.015028 0.942398 -0.334155 90.629883 -0.030616 0.333602 0.942217 20.786800 0.000000 0.000000 0.000000 1.000000
0.999090 0.027156 0.032892 -6.608322 -0.014441 0.940954 -0.338226 90.249496 -0.040135 0.337443 0.940490 20.717674 0.000000 0.000000 0.000000 1.000000
0.998870 0.030762 0.036231 -6.601243 -0.016696 0.940816 -0.338505 90.106636 -0.044499 0.337518 0.940267 20.857281 0.000000 0.000000 0.000000 1.000000
0.998694 0.034524 0.037672 -6.586154 -0.019794 0.941056 -0.337671 90.027855 -0.047109 0.336485 0.940510 21.055880 0.000000 0.000000 0.000000 1.000000
0.998511 0.038404 0.038732 -6.563125 -0.023145 0.941337 -0.336673 89.974068 -0.049389 0.335275 0.940825 21.270668 0.000000 0.000000 0.000000 1.000000
0.998264 0.042363 0.040913 -6.532225 -0.026157 0.941331 -0.336469 89.906189 -0.052766 0.334815 0.940805 21.458836 0.000000 0.000000 0.000000 1.000000
0.997684 0.047154 0.049024 -6.434254 -0.027674 0.939762 -0.340707 89.809692 -0.062137 0.338561 0.938890 21.520599 0.000000 0.000000 0.000000 1.000000
0.997529 0.046961 0.052251 -6.348480 -0.025876 0.937062 -0.348203 89.752945 -0.065314 0.345991 0.935962 21.523033 0.000000 0.000000 0.000000 1.000000
0.997316 0.046624 0.056455 -6.257899 -0.023544 0.934308 -0.355688 89.727013 -0.069330 0.353404 0.932898 21.522579 0.000000 0.000000 0.000000 1.000000
0.996250 0.050471 0.070279 -6.131085 -0.021857 0.932700 -0.359990 89.815430 -0.083719 0.357104 0.930305 21.567026 0.000000 0.000000 0.000000 1.000000
0.994350 0.059193 0.088118 -5.924326 -0.023543 0.932396 -0.360670 89.868233 -0.103510 0.356558 0.928522 21.597116 0.000000 0.000000 0.000000 1.000000
0.994232 0.060160 0.088784 -5.664183 -0.023861 0.931184 -0.363768 89.826653 -0.104558 0.359551 0.927249 21.556608 0.000000 0.000000 0.000000 1.000000
0.994478 0.059670 0.086332 -5.394993 -0.023903 0.929796 -0.367299 89.766678 -0.102188 0.363207 0.926088 21.502523 0.000000 0.000000 0.000000 1.000000
0.994576 0.059374 0.085396 -5.141197 -0.023600 0.928461 -0.370679 89.695625 -0.101296 0.366653 0.924827 21.443020 0.000000 0.000000 0.000000 1.000000
0.993762 0.060715 0.093547 -4.972517 -0.021546 0.927533 -0.373121 89.571556 -0.109422 0.368778 0.923055 21.359140 0.000000 0.000000 0.000000 1.000000
0.993039 0.061935 0.100185 -4.847710 -0.020321 0.927922 -0.372220 89.481781 -0.116017 0.367593 0.922722 21.278154 0.000000 0.000000 0.000000 1.000000
0.993340 0.062515 0.096782 -4.684206 -0.022214 0.928154 -0.371532 89.440918 -0.113055 0.366908 0.923362 21.229538 0.000000 0.000000 0.000000 1.000000
0.993304 0.066606 0.094393 -4.428342 -0.026854 0.927805 -0.372098 89.358368 -0.112362 0.367072 0.923381 21.197224 0.000000 0.000000 0.000000 1.000000
0.992505 0.073399 0.097709 -4.139206 -0.031931 0.927519 -0.372409 89.162697 -0.117961 0.366497 0.922911 21.121460 0.000000 0.000000 0.000000 1.000000
0.992430 0.076240 0.096280 -3.904717 -0.034789 0.926386 -0.374965 88.886353 -0.117780 0.368777 0.922026 21.031120 0.000000 0.000000 0.000000 1.000000
0.993206 0.074430 0.089451 -3.735932 -0.034788 0.923457 -0.382121 88.579964 -0.111045 0.376413 0.919773 21.004513 0.000000 0.000000 0.000000 1.000000
0.993143 0.075222 0.089496 -3.568984 -0.034497 0.919984 -0.390434 88.240486 -0.111704 0.384669 0.916270 21.048391 0.000000 0.000000 0.000000 1.000000
0.992166 0.079509 0.096360 -3.356699 -0.035027 0.917433 -0.396346 87.907776 -0.119917 0.389866 0.913030 21.142979 0.000000 0.000000 0.000000 1.000000
0.992008 0.081328 0.096471 -3.093781 -0.036589 0.917123 -0.396922 87.685043 -0.120757 0.390220 0.912769 21.248550 0.000000 0.000000 0.000000 1.000000
0.992998 0.080578 0.086379 -2.780015 -0.040758 0.920037 -0.389706 87.591461 -0.110874 0.383457 0.916879 21.290049 0.000000 0.000000 0.000000 1.000000
0.994277 0.079072 0.071832 -2.419873 -0.046685 0.926419 -0.373589 87.569870 -0.096087 0.368097 0.924809 21.219151 0.000000 0.000000 0.000000 1.000000
0.996113 0.073303 0.048835 -2.047538 -0.052079 0.937294 -0.344626 87.672905 -0.071035 0.340743 0.937469 21.020842 0.000000 0.000000 0.000000 1.000000
0.998001 0.062801 0.007068 -1.672495 -0.057877 0.953164 -0.296866 88.032898 -0.025380 0.295864 0.954893 20.657509 0.000000 0.000000 0.000000 1.000000
0.997204 0.049323 -0.056137 -1.279658 -0.061129 0.970514 -0.233166 88.631577 0.042982 0.235946 0.970815 20.095810 0.000000 0.000000 0.000000 1.000000
0.989815 0.032522 -0.138592 -0.863053 -0.055087 0.985213 -0.162239 89.400017 0.131266 0.168221 0.976970 19.344168 0.000000 0.000000 0.000000 1.000000
0.970389 0.015408 -0.241055 -0.405483 -0.037929 0.995303 -0.089069 90.392349 0.238551 0.095574 0.966416 18.477348 0.000000 0.000000 0.000000 1.000000
0.931366 0.004992 -0.364050 0.092397 -0.012415 0.999760 -0.018054 91.557602 0.363872 0.021335 0.931205 17.586126 0.000000 0.000000 0.000000 1.000000
0.867443 0.007412 -0.497482 0.565322 0.016168 0.998941 0.043075 92.680969 0.497274 -0.045408 0.866404 16.686543 0.000000 0.000000 0.000000 1.000000
0.783768 0.025150 -0.620545 0.917490 0.039876 0.995080 0.090694 93.641403 0.619773 -0.095828 0.778909 15.751820 0.000000 0.000000 0.000000 1.000000
0.696119 0.051600 -0.716070 1.043666 0.053449 0.990921 0.123366 94.370392 0.715934 -0.124150 0.687041 14.744573 0.000000 0.000000 0.000000 1.000000
0.613838 0.072843 -0.786064 0.902257 0.060015 0.988546 0.138473 94.801025 0.787147 -0.132176 0.602436 13.560177 0.000000 0.000000 0.000000 1.000000
0.536516 0.080965 -0.839997 0.589597 0.065689 0.988360 0.137221 95.031296 0.841330 -0.128800 0.524952 12.175010 0.000000 0.000000 0.000000 1.000000
0.469522 0.086956 -0.878628 0.357356 0.067344 0.988712 0.133838 95.295013 0.880349 -0.122011 0.458366 10.688632 0.000000 0.000000 0.000000 1.000000
0.413176 0.095195 -0.905662 0.226677 0.064505 0.988964 0.133380 95.654198 0.908364 -0.113529 0.402476 9.225903 0.000000 0.000000 0.000000 1.000000
0.372717 0.100691 -0.922466 0.125184 0.062369 0.989129 0.133168 96.118004 0.925847 -0.107168 0.362385 7.858666 0.000000 0.000000 0.000000 1.000000
0.343866 0.096561 -0.934041 -0.060259 0.063595 0.990020 0.125760 96.664864 0.936863 -0.102645 0.334293 6.588271 0.000000 0.000000 0.000000 1.000000
0.320028 0.086511 -0.943450 -0.330680 0.065519 0.991417 0.113134 97.239273 0.945140 -0.098020 0.311613 5.406334 0.000000 0.000000 0.000000 1.000000
0.303241 0.076460 -0.949842 -0.621655 0.067202 0.992578 0.101355 97.781769 0.950541 -0.094566 0.295852 4.291958 0.000000 0.000000 0.000000 1.000000
0.299208 0.066694 -0.951854 -0.884563 0.068991 0.993431 0.091293 98.292938 0.951691 -0.092985 0.292641 3.252920 0.000000 0.000000 0.000000 1.000000
0.305474 0.055908 -0.950558 -1.127597 0.071674 0.994093 0.081502 98.769089 0.949499 -0.093027 0.299662 2.288446 0.000000 0.000000 0.000000 1.000000
0.314295 0.045400 -0.948239 -1.360725 0.074196 0.994626 0.072214 99.197113 0.946421 -0.093052 0.309238 1.418849 0.000000 0.000000 0.000000 1.000000
0.320581 0.035641 -0.946550 -1.558022 0.076657 0.995038 0.063429 99.547592 0.944114 -0.092894 0.316258 0.707048 0.000000 0.000000 0.000000 1.000000
0.326723 0.025730 -0.944770 -1.697421 0.080286 0.995261 0.054869 99.814461 0.941704 -0.093779 0.323109 0.155080 0.000000 0.000000 0.000000 1.000000
0.338144 0.016061 -0.940957 -1.790887 0.083027 0.995446 0.046827 100.062805 0.937425 -0.093959 0.335270 -0.288543 0.000000 0.000000 0.000000 1.000000
0.355533 0.006302 -0.934642 -1.834561 0.083732 0.995742 0.038565 100.294571 0.930905 -0.091971 0.353492 -0.613455 0.000000 0.000000 0.000000 1.000000
0.375641 -0.004358 -0.926755 -1.803614 0.083476 0.996083 0.029151 100.499222 0.922998 -0.088313 0.374534 -0.807253 0.000000 0.000000 0.000000 1.000000
0.396120 -0.014832 -0.918079 -1.684497 0.081866 0.996458 0.019225 100.666946 0.914542 -0.082775 0.395931 -0.896177 0.000000 0.000000 0.000000 1.000000
0.420476 -0.025567 -0.906943 -1.392364 0.079470 0.996799 0.008743 100.722366 0.903817 -0.075751 0.421162 -0.890267 0.000000 0.000000 0.000000 1.000000
0.448935 -0.036318 -0.892826 -0.987376 0.076963 0.997032 -0.001858 100.733643 0.890244 -0.067881 0.450398 -0.850054 0.000000 0.000000 0.000000 1.000000
0.475903 -0.045727 -0.878308 -0.580532 0.074147 0.997178 -0.011740 100.728073 0.876367 -0.059537 0.477951 -0.799269 0.000000 0.000000 0.000000 1.000000
0.497076 -0.052544 -0.866115 -0.234491 0.072168 0.997210 -0.019079 100.702621 0.864701 -0.053022 0.499481 -0.739864 0.000000 0.000000 0.000000 1.000000
0.516303 -0.058365 -0.854415 0.094443 0.070356 0.997193 -0.025604 100.669067 0.853511 -0.046894 0.518960 -0.676486 0.000000 0.000000 0.000000 1.000000</float_array>
        <technique_common>
          <accessor source="#mixamorig_Hips-Matrix-animation-output-transform-array" count="129" stride="16">
            <param type="float4x4"/>
          </accessor>
        </technique_common>
      </source>
      <source id="mixamorig_Hips-Interpolations">
        <Name_array id="mixamorig_Hips-Interpolations-array" count="129">
 LINEAR LINEAR LINEAR LINEAR LINEAR LINEAR LINEAR LINEAR LINEAR LINEAR LINEAR
LINEAR LINEAR LINEAR LINEAR LINEAR LINEAR LINEAR LINEAR LINEAR LINEAR LINEAR LINEAR
LINEAR LINEAR LINEAR LINEAR LINEAR LINEAR LINEAR LINEAR LINEAR LINEAR LINEAR LINEAR
LINEAR LINEAR LINEAR LINEAR LINEAR LINEAR LINEAR LINEAR LINEAR LINEAR LINEAR LINEAR
LINEAR LINEAR LINEAR LINEAR LINEAR LINEAR LINEAR LINEAR LINEAR LINEAR LINEAR LINEAR
LINEAR LINEAR LINEAR LINEAR LINEAR LINEAR LINEAR LINEAR LINEAR LINEAR LINEAR LINEAR
LINEAR LINEAR LINEAR LINEAR LINEAR LINEAR LINEAR LINEAR LINEAR LINEAR LINEAR LINEAR
LINEAR LINEAR LINEAR LINEAR LINEAR LINEAR LINEAR LINEAR LINEAR LINEAR LINEAR LINEAR
LINEAR LINEAR LINEAR LINEAR LINEAR LINEAR LINEAR LINEAR LINEAR LINEAR LINEAR LINEAR
LINEAR LINEAR LINEAR LINEAR LINEAR LINEAR LINEAR LINEAR LINEAR LINEAR LINEAR LINEAR
LINEAR LINEAR LINEAR LINEAR LINEAR LINEAR LINEAR LINEAR LINEAR LINEAR</Name_array>
        <technique_common>
          <accessor source="#mixamorig_Hips-Interpolations-array" count="129">
            <param type="name"/>
          </accessor>
        </technique_common>
      </source>
      <sampler id="mixamorig_Hips-Matrix-animation-transform">
        <input semantic="INPUT" source="#mixamorig_Hips-Matrix-animation-input"/>
        <input semantic="OUTPUT" source="#mixamorig_Hips-Matrix-animation-output-transform"/>
        <input semantic="INTERPOLATION" source="#mixamorig_Hips-Interpolations"/>
      </sampler>
      <channel source="#mixamorig_Hips-Matrix-animation-transform" target="mixamorig_Hips/matrix"/>
    </animation>
    <animation id="mixamorig_Spine-anim" name="mixamorig_Spine">
      <source id="mixamorig_Spine-Matrix-animation-input">
        <float_array id="mixamorig_Spine-Matrix-animation-input-array" count="129">

0.000000 0.033333 0.066667 0.100000 0.133333 0.166667 0.200000 0.233333 0.266667 0.300000 0.333333 0.366667 0.400000 0.433333 0.466667 0.500000
0.533333 0.566667 0.600000 0.633333 0.666667 0.700000 0.733333 0.766667 0.800000 0.833333 0.866667 0.900000 0.933333 0.966667 1.000000 1.033333
1.066667 1.100000 1.133333 1.166667 1.200000 1.233333 1.266667 1.300000 1.333333 1.366667 1.400000 1.433333 1.466667 1.500000 1.533333 1.566667
1.600000 1.633333 1.666667 1.700000 1.733333 1.766667 1.800000 1.833333 1.866667 1.900000 1.933333 1.966667 2.000000 2.033333 2.066667 2.100000
2.133333 2.166667 2.200000 2.233333 2.266667 2.300000 2.333333 2.366667 2.400000 2.433333 2.466667 2.500000 2.533333 2.566667 2.600000 2.633333
2.666667 2.700000 2.733333 2.766667 2.800000 2.833333 2.866667 2.900000 2.933333 2.966667 3.000000 3.033333 3.066667 3.100000 3.133333 3.166667
3.200000 3.233333 3.266667 3.300000 3.333333 3.366667 3.400000 3.433333 3.466667 3.500000 3.533333 3.566667 3.600000 3.633333 3.666667 3.700000
3.733333 3.766667 3.800000 3.833333 3.866667 3.900000 3.933333 3.966667 4.000000 4.033333 4.066667 4.100000 4.133333 4.166667 4.200000 4.233333
4.266667</float_array>
        <technique_common>
          <accessor source="#mixamorig_Spine-Matrix-animation-input-array" count="129">
            <param name="TIME" type="float"/>
          </accessor>
        </technique_common>
      </source>
      <source id="mixamorig_Spine-Matrix-animation-output-transform">
        <float_array id="mixamorig_Spine-Matrix-animation-output-transform-array" count="2064">

0.998816 0.048625 0.001208 0.000000 -0.047275 0.976313 -0.211137 8.536500 -0.011446 0.210830 0.977456 0.187100 0.000000 0.000000 0.000000 1.000000
0.998851 0.047913 -0.000341 -0.000000 -0.046917 0.976589 -0.209935 8.536500 -0.009725 0.209710 0.977715 0.187100 0.000000 0.000000 0.000000 1.000000
0.998883 0.047204 -0.001892 0.000000 -0.046559 0.976864 -0.208733 8.536500 -0.008005 0.208588 0.977971 0.187100 0.000000 0.000000 0.000000 1.000000
0.998908 0.046572 -0.003616 0.000000 -0.046305 0.977063 -0.207854 8.536500 -0.006147 0.207795 0.978153 0.187100 0.000000 0.000000 0.000000 1.000000
0.998905 0.046402 -0.005984 0.000000 -0.046633 0.977093 -0.207640 8.536500 -0.003788 0.207692 0.978187 0.187100 0.000000 0.000000 0.000000 1.000000
0.998920 0.045755 -0.008115 0.000000 -0.046442 0.977008 -0.208081 8.536500 -0.001592 0.208233 0.978078 0.187100 0.000000 0.000000 0.000000 1.000000
0.999087 0.042003 -0.007776 0.000000 -0.042699 0.976777 -0.209963 8.536500 -0.001224 0.210103 0.977678 0.187100 0.000000 0.000000 0.000000 1.000000
0.999358 0.035732 -0.002746 0.000000 -0.035516 0.977238 -0.209153 8.536500 -0.004790 0.209116 0.977879 0.187100 0.000000 0.000000 0.000000 1.000000
0.999576 0.028776 0.004362 0.000000 -0.027284 0.978629 -0.203818 8.536500 -0.010134 0.203613 0.978999 0.187100 0.000000 0.000000 0.000000 1.000000
0.999719 0.021702 0.009557 0.000000 -0.019391 0.980156 -0.197277 8.536500 -0.013649 0.197037 0.980301 0.187100 0.000000 0.000000 0.000000 1.000000
0.999819 0.014609 0.012173 0.000000 -0.012025 0.981638 -0.190375 8.536500 -0.014731 0.190194 0.981636 0.187100 0.000000 0.000000 0.000000 1.000000
0.999895 0.007220 0.012535 -0.000000 -0.004840 0.983573 -0.180445 8.536500 -0.013632 0.180365 0.983505 0.187100 0.000000 0.000000 0.000000 1.000000
0.999923 -0.000503 0.012412 -0.000000 0.002592 0.985633 -0.168881 8.536500 -0.012148 0.168900 0.985558 0.187100 0.000000 0.000000 0.000000 1.000000
0.999893 -0.007888 0.012329 -0.000000 0.009734 0.987440 -0.157695 8.536500 -0.010931 0.157798 0.987411 0.187100 0.000000 0.000000 0.000000 1.000000
0.999834 -0.013313 0.012470 -0.000000 0.015022 0.988743 -0.148867 8.536500 -0.010347 0.149029 0.988779 0.187100 0.000000 0.000000 0.000000 1.000000
0.999771 -0.016757 0.013339 -0.000000 0.018502 0.989430 -0.143829 8.536500 -0.010788 0.144043 0.989513 0.187100 0.000000 0.000000 0.000000 1.000000
0.999679 -0.020241 0.015258 0.000000 0.022190 0.989791 -0.140786 8.536500 -0.012253 0.141079 0.989923 0.187100 0.000000 0.000000 0.000000 1.000000
0.999523 -0.025133 0.017958 0.000000 0.027363 0.990161 -0.137231 8.536500 -0.014332 0.137657 0.990376 0.187100 0.000000 0.000000 0.000000 1.000000
0.999382 -0.029388 0.019276 0.000000 0.031692 0.990636 -0.132800 8.536500 -0.015193 0.133329 0.990955 0.187100 0.000000 0.000000 0.000000 1.000000
0.999289 -0.032013 0.019894 0.000000 0.034321 0.991021 -0.129225 8.536500 -0.015579 0.129816 0.991416 0.187100 0.000000 0.000000 0.000000 1.000000
0.999214 -0.033885 0.020578 -0.000000 0.036233 0.991215 -0.127202 8.536500 -0.016087 0.127847 0.991663 0.187100 0.000000 0.000000 0.000000 1.000000
0.999188 -0.034395 0.020981 -0.000000 0.036774 0.991321 -0.126213 8.536500 -0.016458 0.126882 0.991781 0.187100 0.000000 0.000000 0.000000 1.000000
0.999230 -0.033488 0.020442 -0.000000 0.035795 0.991445 -0.125518 8.536500 -0.016064 0.126153 0.991881 0.187100 0.000000 0.000000 0.000000 1.000000
0.999273 -0.033392 0.018373 0.000000 0.035432 0.991515 -0.125069 8.536500 -0.014041 0.125629 0.991978 0.187100 0.000000 0.000000 0.000000 1.000000
0.999315 -0.033028 0.016674 -0.000000 0.034893 0.991174 -0.127894 8.536500 -0.012303 0.128388 0.991648 0.187100 0.000000 0.000000 0.000000 1.000000
0.999493 -0.027201 0.016550 0.000000 0.029214 0.990147 -0.136947 8.536500 -0.012661 0.137361 0.990440 0.187100 0.000000 0.000000 0.000000 1.000000
0.999776 -0.015686 0.014224 -0.000000 0.017630 0.988700 -0.148870 8.536500 -0.011729 0.149088 0.988754 0.187100 0.000000 0.000000 0.000000 1.000000
0.999945 -0.005106 0.009134 -0.000000 0.006470 0.987722 -0.156086 8.536500 -0.008224 0.156136 0.987701 0.187100 0.000000 0.000000 0.000000 1.000000
0.999980 -0.000859 0.006333 -0.000000 0.001878 0.986666 -0.162750 8.536500 -0.006109 0.162758 0.986647 0.187100 0.000000 0.000000 0.000000 1.000000
0.999955 0.001357 0.009412 -0.000000 0.000405 0.982797 -0.184690 8.536500 -0.009501 0.184686 0.982752 0.187100 0.000000 0.000000 0.000000 1.000000
0.999872 0.005738 0.014922 0.000000 -0.002389 0.976513 -0.215446 8.536500 -0.015808 0.215383 0.976402 0.187100 0.000000 0.000000 0.000000 1.000000
0.999812 0.010445 0.016356 0.000000 -0.006248 0.971169 -0.238310 8.536500 -0.018373 0.238163 0.971051 0.187100 0.000000 0.000000 0.000000 1.000000
0.999794 0.015170 0.013486 0.000000 -0.011376 0.969022 -0.246711 8.536500 -0.016811 0.246507 0.968995 0.187100 0.000000 0.000000 0.000000 1.000000
0.999817 0.016099 0.010318 0.000000 -0.013006 0.968105 -0.250206 8.536500 -0.014017 0.250026 0.968138 0.187100 0.000000 0.000000 0.000000 1.000000
0.999855 0.013129 0.010810 0.000000 -0.009930 0.966727 -0.255617 8.536500 -0.013806 0.255473 0.966718 0.187100 0.000000 0.000000 0.000000 1.000000
0.999837 0.011929 0.013570 0.000000 -0.008020 0.966027 -0.258319 8.536500 -0.016190 0.258168 0.965964 0.187100 0.000000 0.000000 0.000000 1.000000
0.999820 0.012780 0.014007 0.000000 -0.008800 0.967095 -0.254262 8.536500 -0.016796 0.254093 0.967034 0.187100 0.000000 0.000000 0.000000 1.000000
0.999836 0.012596 0.013033 0.000000 -0.008936 0.968155 -0.250191 8.536500 -0.015769 0.250033 0.968109 0.187100 0.000000 0.000000 0.000000 1.000000
0.999847 0.011584 0.013077 -0.000000 -0.007962 0.968442 -0.249111 8.536500 -0.015550 0.248969 0.968387 0.187100 0.000000 0.000000 0.000000 1.000000
0.999855 0.010846 0.013127 0.000000 -0.007231 0.968378 -0.249384 8.536500 -0.015416 0.249252 0.968316 0.187100 0.000000 0.000000 0.000000 1.000000
0.999869 0.010594 0.012218 0.000000 -0.007233 0.968723 -0.248041 8.536500 -0.014464 0.247920 0.968673 0.187100 0.000000 0.000000 0.000000 1.000000
0.999876 0.010452 0.011774 0.000000 -0.007218 0.968951 -0.247149 8.536500 -0.013991 0.247033 0.968906 0.187100 0.000000 0.000000 0.000000 1.000000
0.999876 0.010279 0.011893 0.000000 -0.007029 0.969087 -0.246621 8.536500 -0.014060 0.246507 0.969039 0.187100 0.000000 0.000000 0.000000 1.000000
0.999864 0.010024 0.013062 0.000000 -0.006494 0.969096 -0.246599 8.536500 -0.015130 0.246481 0.969030 0.187100 0.000000 0.000000 0.000000 1.000000
0.999846 0.009728 0.014622 0.000000 -0.005819 0.969048 -0.246806 8.536500 -0.016570 0.246682 0.968955 0.187100 0.000000 0.000000 0.000000 1.000000
0.999831 0.009348 0.015801 0.000000 -0.005155 0.968984 -0.247069 8.536500 -0.017621 0.246945 0.968869 0.187100 0.000000 0.000000 0.000000 1.000000
0.999854 0.008531 0.014823 0.000000 -0.004596 0.968860 -0.247568 8.536500 -0.016473 0.247463 0.968757 0.187100 0.000000 0.000000 0.000000 1.000000
0.999850 0.008666 0.014982 0.000000 -0.004700 0.969045 -0.246840 8.536500 -0.016657 0.246733 0.968940 0.187100 0.000000 0.000000 0.000000 1.000000
0.999845 0.008626 0.015362 0.000000 -0.004565 0.969010 -0.246980 8.536500 -0.017016 0.246872 0.968899 0.187100 0.000000 0.000000 0.000000 1.000000
0.999839 0.008597 0.015767 0.000000 -0.004432 0.968943 -0.247243 8.536500 -0.017403 0.247134 0.968825 0.187100 0.000000 0.000000 0.000000 1.000000
0.999833 0.008464 0.016200 -0.000000 -0.004191 0.968866 -0.247551 8.536500 -0.017791 0.247442 0.968739 0.187100 0.000000 0.000000 0.000000 1.000000
0.999828 0.008113 0.016665 0.000000 -0.003730 0.968798 -0.247822 8.536500 -0.018155 0.247717 0.968662 0.187100 0.000000 0.000000 0.000000 1.000000
0.999830 0.006166 0.017392 0.000000 -0.001661 0.968765 -0.247973 8.536500 -0.018377 0.247902 0.968611 0.187100 0.000000 0.000000 0.000000 1.000000
0.999871 0.004766 0.015315 0.000000 -0.000833 0.968980 -0.247137 8.536500 -0.016018 0.247092 0.968860 0.187100 0.000000 0.000000 0.000000 1.000000
0.999903 0.003736 0.013393 0.000000 -0.000321 0.969165 -0.246412 8.536500 -0.013901 0.246384 0.969073 0.187100 0.000000 0.000000 0.000000 1.000000
0.999900 0.003191 0.013766 0.000000 0.000303 0.969099 -0.246673 8.536500 -0.014128 0.246652 0.969001 0.187100 0.000000 0.000000 0.000000 1.000000
0.999893 0.003264 0.014274 0.000000 0.000362 0.969023 -0.246970 8.536500 -0.014638 0.246949 0.968918 0.187100 0.000000 0.000000 0.000000 1.000000
0.999906 0.004420 0.012968 0.000000 -0.001090 0.969182 -0.246342 8.536500 -0.013657 0.246305 0.969096 0.187100 0.000000 0.000000 0.000000 1.000000
0.999919 0.005792 0.011348 0.000000 -0.002826 0.969340 -0.245707 8.536500 -0.012423 0.245655 0.969278 0.187100 0.000000 0.000000 0.000000 1.000000
0.999923 0.006089 0.010842 0.000000 -0.003229 0.969157 -0.246421 8.536500 -0.012008 0.246367 0.969102 0.187100 0.000000 0.000000 0.000000 1.000000
0.999926 0.008114 0.009074 -0.000000 -0.005643 0.969489 -0.245072 8.536500 -0.010785 0.245002 0.969463 0.187100 0.000000 0.000000 0.000000 1.000000
0.999913 0.007362 0.010927 0.000000 -0.004464 0.969586 -0.244712 8.536500 -0.012397 0.244642 0.969534 0.187100 0.000000 0.000000 0.000000 1.000000
0.999895 0.003494 0.014049 0.000000 0.000055 0.969528 -0.244980 8.536500 -0.014476 0.244955 0.969426 0.187100 0.000000 0.000000 0.000000 1.000000
0.999923 0.001957 0.012259 0.000000 0.001091 0.969830 -0.243781 8.536500 -0.012366 0.243776 0.969753 0.187100 0.000000 0.000000 0.000000 1.000000
0.999963 0.002713 0.008126 -0.000000 -0.000656 0.969993 -0.243132 8.536500 -0.008541 0.243118 0.969959 0.187100 0.000000 0.000000 0.000000 1.000000
0.999970 0.002239 0.007414 0.000000 -0.000364 0.969808 -0.243871 8.536500 -0.007736 0.243861 0.969779 0.187100 0.000000 0.000000 0.000000 1.000000
0.999968 0.000417 0.007952 0.000000 0.001542 0.969562 -0.244840 8.536500 -0.007812 0.244844 0.969531 0.187100 0.000000 0.000000 0.000000 1.000000
0.999979 -0.000757 0.006469 -0.000000 0.002325 0.969274 -0.245971 8.536500 -0.006084 0.245981 0.969256 0.187100 0.000000 0.000000 0.000000 1.000000
0.999966 -0.002351 0.007884 0.000000 0.004221 0.969147 -0.246448 8.536500 -0.007062 0.246473 0.969124 0.187100 0.000000 0.000000 0.000000 1.000000
0.999953 -0.003705 0.008987 0.000000 0.005806 0.969127 -0.246493 8.536500 -0.007796 0.246534 0.969103 0.187100 0.000000 0.000000 0.000000 1.000000
0.999963 -0.004404 0.007365 0.000000 0.006078 0.969358 -0.245579 8.536500 -0.006058 0.245615 0.969349 0.187100 0.000000 0.000000 0.000000 1.000000
0.999976 -0.004346 0.005347 0.000000 0.005522 0.969567 -0.244765 8.536500 -0.004121 0.244788 0.969568 0.187100 0.000000 0.000000 0.000000 1.000000
0.999985 -0.002746 0.004779 0.000000 0.003835 0.969400 -0.245458 8.536500 -0.003959 0.245473 0.969395 0.187100 0.000000 0.000000 0.000000 1.000000
0.999988 -0.001273 0.004698 0.000000 0.002390 0.969246 -0.246083 8.536500 -0.004241 0.246091 0.969237 0.187100 0.000000 0.000000 0.000000 1.000000
0.999988 -0.001187 0.004721 0.000000 0.002310 0.969366 -0.245610 8.536500 -0.004285 0.245618 0.969357 0.187100 0.000000 0.000000 0.000000 1.000000
0.999987 -0.001477 0.004860 0.000000 0.002622 0.969562 -0.244833 8.536500 -0.004350 0.244843 0.969553 0.187100 0.000000 0.000000 0.000000 1.000000
0.999986 -0.001898 0.004940 -0.000000 0.003046 0.969773 -0.243990 8.536500 -0.004327 0.244001 0.969765 0.187100 0.000000 0.000000 0.000000 1.000000
0.999986 -0.002203 0.004788 0.000000 0.003302 0.969941 -0.243317 8.536500 -0.004108 0.243330 0.969935 0.187100 0.000000 0.000000 0.000000 1.000000
0.999993 -0.002099 0.003078 0.000000 0.002785 0.969885 -0.243546 8.536500 -0.002474 0.243553 0.969884 0.187100 0.000000 0.000000 0.000000 1.000000
0.999996 -0.001399 0.002648 0.000000 0.002000 0.970130 -0.242576 8.536500 -0.002230 0.242581 0.970129 0.187100 0.000000 0.000000 0.000000 1.000000
0.999997 -0.000406 0.002336 0.000000 0.000958 0.970429 -0.241386 8.536500 -0.002169 0.241388 0.970426 0.187100 0.000000 0.000000 0.000000 1.000000
0.999998 0.001458 0.001320 0.000000 -0.001098 0.970700 -0.240293 8.536500 -0.001632 0.240291 0.970700 0.187100 0.000000 0.000000 0.000000 1.000000
0.999996 0.001951 -0.001792 0.000000 -0.002325 0.970471 -0.241206 8.536500 0.001268 0.241210 0.970472 0.187100 0.000000 0.000000 0.000000 1.000000
0.999999 0.000268 -0.001698 0.000000 -0.000671 0.970311 -0.241860 8.536500 0.001583 0.241860 0.970310 0.187100 0.000000 0.000000 0.000000 1.000000
0.999998 -0.001788 -0.001011 0.000000 0.001490 0.970161 -0.242457 8.536500 0.001415 0.242455 0.970162 0.187100 0.000000 0.000000 0.000000 1.000000
0.999994 -0.003307 -0.000487 0.000000 0.003090 0.970034 -0.242948 8.536500 0.001276 0.242946 0.970039 0.187100 0.000000 0.000000 0.000000 1.000000
0.999998 -0.001844 -0.001039 0.000000 0.001536 0.970048 -0.242907 8.536500 0.001456 0.242905 0.970049 0.187100 0.000000 0.000000 0.000000 1.000000
0.999992 0.000149 -0.003971 0.000000 -0.001112 0.969879 -0.243586 8.536500 0.003815 0.243589 0.969871 0.187100 0.000000 0.000000 0.000000 1.000000
0.999992 -0.000308 -0.004048 0.000000 -0.000690 0.969696 -0.244315 8.536500 0.004000 0.244316 0.969687 0.187100 0.000000 0.000000 0.000000 1.000000
0.999994 -0.003084 -0.001764 -0.000000 0.002557 0.969427 -0.245366 8.536500 0.002466 0.245360 0.969429 0.187100 0.000000 0.000000 0.000000 1.000000
0.999980 -0.006124 -0.001432 0.000000 0.005579 0.968886 -0.247445 8.536500 0.002903 0.247432 0.968901 0.187100 0.000000 0.000000 0.000000 1.000000
0.999965 -0.008032 -0.002306 0.000000 0.007201 0.968250 -0.249880 8.536500 0.004240 0.249855 0.968274 0.187100 0.000000 0.000000 0.000000 1.000000
0.999964 -0.008468 -0.000826 0.000000 0.007989 0.967906 -0.251187 8.536500 0.002926 0.251171 0.967938 0.187100 0.000000 0.000000 0.000000 1.000000
0.999968 -0.007794 0.001542 0.000000 0.007931 0.967818 -0.251525 8.536500 0.000468 0.251529 0.967850 0.187100 0.000000 0.000000 0.000000 1.000000
0.999976 -0.006753 0.001336 0.000000 0.006872 0.967839 -0.251477 8.536500 0.000405 0.251481 0.967862 0.187100 0.000000 0.000000 0.000000 1.000000
0.999975 -0.006959 0.001079 0.000000 0.007006 0.967783 -0.251689 8.536500 0.000707 0.251690 0.967808 0.187100 0.000000 0.000000 0.000000 1.000000
0.999948 -0.009351 0.003975 -0.000000 0.010052 0.967459 -0.252829 8.536500 -0.001481 0.252856 0.967503 0.187100 0.000000 0.000000 0.000000 1.000000
0.999886 -0.013089 0.007478 0.000000 0.014559 0.967115 -0.253922 8.536500 -0.003909 0.254002 0.967196 0.187100 0.000000 0.000000 0.000000 1.000000
0.999793 -0.017668 0.010084 0.000000 0.019653 0.966859 -0.254552 8.536500 -0.005252 0.254698 0.967006 0.187100 0.000000 0.000000 0.000000 1.000000
