<?xml version="1.0" encoding="utf-8"?>
<COLLADA xmlns="http://www.collada.org/2005/11/COLLADASchema" version="1.4.1">
  <asset>
    <contributor>
      <author>Mixamo</author>
      <authoring_tool>COLLADA Mixamo exporter</authoring_tool>
      <comments/>
    </contributor>
    <created>2025-11-14T05:17:42Z</created>
    <modified>2025-11-14T05:17:42Z</modified>
    <revision/>
    <title/>
    <unit meter="0.010000"/>
    <up_axis>Y_UP</up_axis>
  </asset>
  <library_animations>
    <animation id="mixamorig_Hips-anim" name="mixamorig_Hips">
      <source id="mixamorig_Hips-Matrix-animation-input">
        <float_array id="mixamorig_Hips-Matrix-animation-input-array" count="50">

0.000000 0.033333 0.066667 0.100000 0.133333 0.166667 0.200000 0.233333 0.266667 0.300000 0.333333 0.366667 0.400000 0.433333 0.466667 0.500000
0.533333 0.566667 0.600000 0.633333 0.666667 0.700000 0.733333 0.766667 0.800000 0.833333 0.866667 0.900000 0.933333 0.966667 1.000000 1.033333
1.066667 1.100000 1.133333 1.166667 1.200000 1.233333 1.266667 1.300000 1.333333 1.366667 1.400000 1.433333 1.466667 1.500000 1.533333 1.566667
1.600000 1.633333</float_array>
        <technique_common>
          <accessor source="#mixamorig_Hips-Matrix-animation-input-array" count="50">
            <param name="TIME" type="float"/>
          </accessor>
        </technique_common>
      </source>
      <source id="mixamorig_Hips-Matrix-animation-output-transform">
        <float_array id="mixamorig_Hips-Matrix-animation-output-transform-array" count="800">

0.522569 -0.060166 -0.850471 0.204854 0.069742 0.997181 -0.027693 100.640160 0.849740 -0.044842 0.525292 -0.652069 0.000000 0.000000 0.000000 1.000000
0.522437 -0.060678 -0.850516 0.255586 0.065966 0.997351 -0.030634 100.545486 0.850122 -0.040101 0.525056 -0.609576 0.000000 0.000000 0.000000 1.000000
0.523063 -0.061231 -0.850091 0.278868 0.062314 0.997494 -0.033506 100.454742 0.850013 -0.035447 0.525568 -0.604144 0.000000 0.000000 0.000000 1.000000
0.522090 -0.061711 -0.850655 0.357052 0.058432 0.997624 -0.036511 100.356117 0.850887 -0.030643 0.524455 -0.524590 0.000000 0.000000 0.000000 1.000000
0.517132 -0.062061 -0.853653 0.572489 0.054032 0.997746 -0.039804 100.237762 0.854198 -0.025541 0.519320 -0.259735 0.000000 0.000000 0.000000 1.000000
0.501264 -0.062207 -0.863055 1.163687 0.048337 0.997868 -0.043850 100.041183 0.863943 -0.019737 0.503202 0.546194 0.000000 0.000000 0.000000 1.000000
0.475534 -0.062249 -0.877492 2.073943 0.041776 0.997966 -0.048156 99.847137 0.878705 -0.013758 0.477167 1.715330 0.000000 0.000000 0.000000 1.000000
0.435107 -0.061844 -0.898253 3.421386 0.034174 0.998054 -0.052162 99.856483 0.899730 -0.008001 0.436373 3.103209 0.000000 0.000000 0.000000 1.000000
0.371111 -0.061117 -0.926575 5.246675 0.025536 0.998126 -0.055609 100.308456 0.928238 -0.003024 0.371976 4.588976 0.000000 0.000000 0.000000 1.000000
0.296154 -0.060604 -0.953216 7.119699 0.017076 0.998161 -0.058156 100.888008 0.954988 0.000947 0.296644 6.118158 0.000000 0.000000 0.000000 1.000000
0.196861 -0.059727 -0.978611 8.753551 0.007837 0.998207 -0.059346 101.662857 0.980400 0.004013 0.196976 7.766531 0.000000 0.000000 0.000000 1.000000
0.108095 -0.058646 -0.992409 10.321991 0.000290 0.998260 -0.058960 102.224701 0.994140 0.006086 0.107924 9.508136 0.000000 0.000000 0.000000 1.000000
0.042486 -0.057322 -0.997451 11.859944 -0.003557 0.998338 -0.057525 102.805237 0.999091 0.005992 0.042212 11.282104 0.000000 0.000000 0.000000 1.000000
0.007999 -0.055501 -0.998427 13.356568 0.000885 0.998459 -0.055496 103.035362 0.999968 -0.000439 0.008036 12.969365 0.000000 0.000000 0.000000 1.000000
-0.019673 -0.053044 -0.998398 14.794278 0.010904 0.998521 -0.053265 102.961647 0.999747 -0.011934 -0.019065 14.513116 0.000000 0.000000 0.000000 1.000000
-0.052535 -0.049999 -0.997367 16.121563 0.022811 0.998425 -0.051254 102.760971 0.998359 -0.025443 -0.051312 15.869675 0.000000 0.000000 0.000000 1.000000
-0.092655 -0.046441 -0.994615 17.265278 0.033441 0.998203 -0.049723 102.506638 0.995137 -0.037869 -0.090936 16.954992 0.000000 0.000000 0.000000 1.000000
-0.137541 -0.042427 -0.989587 18.190302 0.044062 0.997831 -0.048904 102.206017 0.989516 -0.050330 -0.135373 17.667826 0.000000 0.000000 0.000000 1.000000
-0.188793 -0.038028 -0.981280 18.882259 0.054611 0.997297 -0.049155 101.995941 0.980497 -0.062869 -0.186206 17.884312 0.000000 0.000000 0.000000 1.000000
-0.248988 -0.033304 -0.967934 19.482651 0.064561 0.996615 -0.050898 101.900673 0.966352 -0.075164 -0.245995 17.669287 0.000000 0.000000 0.000000 1.000000
-0.313804 -0.028295 -0.949066 20.015381 0.073659 0.995818 -0.054044 101.849518 0.946626 -0.086866 -0.310407 17.183159 0.000000 0.000000 0.000000 1.000000
-0.375588 -0.022984 -0.926502 20.606075 0.079626 0.995196 -0.056967 101.900955 0.923360 -0.095170 -0.371953 16.458796 0.000000 0.000000 0.000000 1.000000
-0.433300 -0.017339 -0.901083 21.247332 0.082357 0.994870 -0.058747 101.993660 0.897479 -0.099665 -0.429649 15.531888 0.000000 0.000000 0.000000 1.000000
-0.481188 -0.011404 -0.876544 21.851727 0.076522 0.995552 -0.054960 102.226974 0.873271 -0.093521 -0.478174 14.539626 0.000000 0.000000 0.000000 1.000000
-0.522752 -0.004708 -0.852472 22.600176 0.066774 0.996686 -0.046452 102.753220 0.849866 -0.081206 -0.520705 13.440338 0.000000 0.000000 0.000000 1.000000
-0.559619 0.001292 -0.828749 23.247152 0.057924 0.997614 -0.037558 103.303757 0.826723 -0.069022 -0.558359 12.233686 0.000000 0.000000 0.000000 1.000000
-0.589353 0.007787 -0.807838 23.570282 0.057469 0.997824 -0.032307 103.787384 0.805829 -0.065466 -0.588519 10.811512 0.000000 0.000000 0.000000 1.000000
-0.615779 0.014608 -0.787784 23.706369 0.061036 0.997708 -0.029209 104.167999 0.785551 -0.066070 -0.615259 9.283115 0.000000 0.000000 0.000000 1.000000
-0.640783 0.020742 -0.767442 23.515877 0.066958 0.997336 -0.028952 104.141434 0.764797 -0.069938 -0.640464 7.653963 0.000000 0.000000 0.000000 1.000000
-0.668358 0.026881 -0.743354 22.980423 0.075870 0.996598 -0.032177 103.935349 0.739961 -0.077904 -0.668124 5.911747 0.000000 0.000000 0.000000 1.000000
-0.695141 0.032852 -0.718123 22.277411 0.084844 0.995723 -0.036578 103.685684 0.713849 -0.086355 -0.694955 4.170108 0.000000 0.000000 0.000000 1.000000
-0.719707 0.038644 -0.693202 21.279423 0.090536 0.995148 -0.038521 103.416306 0.688350 -0.090484 -0.719713 2.543684 0.000000 0.000000 0.000000 1.000000
-0.741341 0.044246 -0.669668 19.847006 0.095512 0.994624 -0.040018 103.152802 0.664297 -0.093628 -0.741582 1.043526 0.000000 0.000000 0.000000 1.000000
-0.763225 0.050024 -0.644193 17.722282 0.100050 0.994123 -0.041340 102.892189 0.638339 -0.096004 -0.763745 -0.315493 0.000000 0.000000 0.000000 1.000000
-0.783115 0.055957 -0.619354 15.264619 0.104384 0.993641 -0.042211 102.614563 0.613054 -0.097707 -0.783976 -1.502449 0.000000 0.000000 0.000000 1.000000
-0.804044 0.061684 -0.591361 12.799994 0.107101 0.993360 -0.042004 102.344315 0.584844 -0.097109 -0.805312 -2.289846 0.000000 0.000000 0.000000 1.000000
-0.824333 0.067041 -0.562122 10.418698 0.109169 0.993150 -0.041646 102.077309 0.555479 -0.095697 -0.826005 -2.855066 0.000000 0.000000 0.000000 1.000000
-0.843567 0.071360 -0.532261 8.461012 0.110139 0.993053 -0.041418 101.819199 0.525608 -0.093562 -0.845566 -2.708957 0.000000 0.000000 0.000000 1.000000
-0.859071 0.075023 -0.506328 6.880329 0.110791 0.993004 -0.040842 101.581795 0.499722 -0.091183 -0.861373 -2.541175 0.000000 0.000000 0.000000 1.000000
-0.870303 0.077447 -0.486389 5.538981 0.110720 0.993047 -0.039992 101.364296 0.479909 -0.088658 -0.872827 -2.366235 0.000000 0.000000 0.000000 1.000000
-0.869927 0.074630 -0.487500 4.933559 0.106919 0.993514 -0.038697 101.270615 0.481451 -0.085787 -0.872265 -2.112086 0.000000 0.000000 0.000000 1.000000
-0.869120 0.071628 -0.489387 4.350762 0.102984 0.993979 -0.037411 101.180534 0.483761 -0.082913 -0.871264 -1.854290 0.000000 0.000000 0.000000 1.000000
-0.867942 0.068483 -0.491922 3.788214 0.098947 0.994436 -0.036140 101.093765 0.486710 -0.080042 -0.869889 -1.593719 0.000000 0.000000 0.000000 1.000000
-0.866452 0.065235 -0.494981 3.243538 0.094837 0.994881 -0.034893 101.009995 0.490171 -0.077175 -0.868203 -1.331244 0.000000 0.000000 0.000000 1.000000
-0.864712 0.061922 -0.498437 2.714357 0.090683 0.995310 -0.033671 100.928940 0.494014 -0.074316 -0.866272 -1.067737 0.000000 0.000000 0.000000 1.000000
-0.862786 0.058580 -0.502164 2.198297 0.086509 0.995721 -0.032478 100.850319 0.498113 -0.071464 -0.864162 -0.804071 0.000000 0.000000 0.000000 1.000000
-0.860741 0.055246 -0.506037 1.692979 0.082344 0.996112 -0.031312 100.773819 0.502340 -0.068621 -0.861943 -0.541116 0.000000 0.000000 0.000000 1.000000
-0.858644 0.051954 -0.509933 1.196029 0.078211 0.996480 -0.030170 100.699158 0.506570 -0.065788 -0.859685 -0.279746 0.000000 0.000000 0.000000 1.000000
-0.856568 0.048736 -0.513727 0.705069 0.074135 0.996825 -0.029044 100.626045 0.510681 -0.062963 -0.857462 -0.020832 0.000000 0.000000 0.000000 1.000000
-0.851139 0.045005 -0.523007 0.651419 0.069743 0.997181 -0.027693 100.639862 0.520286 -0.060047 -0.851878 0.207726 0.000000 0.000000 0.000000 1.000000</float_array>
        <technique_common>
          <accessor source="#mixamorig_Hips-Matrix-animation-output-transform-array" count="50" stride="16">
            <param type="float4x4"/>
          </accessor>
        </technique_common>
      </source>
      <source id="mixamorig_Hips-Interpolations">
        <Name_array id="mixamorig_Hips-Interpolations-array" count="50">
 LINEAR LINEAR LINEAR LINEAR LINEAR LINEAR LINEAR LINEAR LINEAR LINEAR LINEAR
LINEAR LINEAR LINEAR LINEAR LINEAR LINEAR LINEAR LINEAR LINEAR LINEAR LINEAR LINEAR
LINEAR LINEAR LINEAR LINEAR LINEAR LINEAR LINEAR LINEAR LINEAR LINEAR LINEAR LINEAR
LINEAR LINEAR LINEAR LINEAR LINEAR LINEAR LINEAR LINEAR LINEAR LINEAR LINEAR LINEAR
LINEAR LINEAR LINEAR</Name_array>
        <technique_common>
          <accessor source="#mixamorig_Hips-Interpolations-array" count="50">
            <param type="name"/>
          </accessor>
        </technique_common>
      </source>
      <sampler id="mixamorig_Hips-Matrix-animation-transform">
        <input semantic="INPUT" source="#mixamorig_Hips-Matrix-animation-input"/>
        <input semantic="OUTPUT" source="#mixamorig_Hips-Matrix-animation-output-transform"/>
        <input semantic="INTERPOLATION" source="#mixamorig_Hips-Interpolations"/>
      </sampler>
      <channel source="#mixamorig_Hips-Matrix-animation-transform" target="mixamorig_Hips/matrix"/>
    </animation>
    <animation id="mixamorig_Spine-anim" name="mixamorig_Spine">
      <source id="mixamorig_Spine-Matrix-animation-input">
        <float_array id="mixamorig_Spine-Matrix-animation-input-array" count="50">

0.000000 0.033333 0.066667 0.100000 0.133333 0.166667 0.200000 0.233333 0.266667 0.300000 0.333333 0.366667 0.400000 0.433333 0.466667 0.500000
0.533333 0.566667 0.600000 0.633333 0.666667 0.700000 0.733333 0.766667 0.800000 0.833333 0.866667 0.900000 0.933333 0.966667 1.000000 1.033333
1.066667 1.100000 1.133333 1.166667 1.200000 1.233333 1.266667 1.300000 1.333333 1.366667 1.400000 1.433333 1.466667 1.500000 1.533333 1.566667
1.600000 1.633333</float_array>
        <technique_common>
          <accessor source="#mixamorig_Spine-Matrix-animation-input-array" count="50">
            <param name="TIME" type="float"/>
          </accessor>
        </technique_common>
      </source>
      <source id="mixamorig_Spine-Matrix-animation-output-transform">
        <float_array id="mixamorig_Spine-Matrix-animation-output-transform-array" count="800">

0.998816 0.048626 0.001208 0.000000 -0.047275 0.976313 -0.211137 8.536500 -0.011446 0.210830 0.977456 0.187100 0.000000 0.000000 0.000000 1.000000
0.998980 0.045104 0.002287 -0.000000 -0.043586 0.976132 -0.212758 8.536500 -0.011829 0.212442 0.977102 0.187100 0.000000 0.000000 0.000000 1.000000
0.999123 0.041730 0.003339 0.000000 -0.040051 0.976031 -0.213915 8.536500 -0.012186 0.213594 0.976846 0.187100 0.000000 0.000000 0.000000 1.000000
0.999265 0.038071 0.004480 0.000000 -0.036206 0.975726 -0.215983 8.536500 -0.012594 0.215662 0.976387 0.187100 0.000000 0.000000 0.000000 1.000000
0.999415 0.033703 0.005851 0.000000 -0.031587 0.974914 -0.220328 8.536500 -0.013130 0.220015 0.975408 0.187100 0.000000 0.000000 0.000000 1.000000
0.999599 0.027187 0.007908 0.000000 -0.024637 0.972824 -0.230230 8.536500 -0.013952 0.229943 0.973104 0.187100 0.000000 0.000000 0.000000 1.000000
0.999751 0.019556 0.010706 -0.000000 -0.016311 0.968956 -0.246695 8.536500 -0.015198 0.246459 0.969034 0.187100 0.000000 0.000000 0.000000 1.000000
0.999815 0.012411 0.014685 0.000000 -0.007849 0.960691 -0.277508 8.536500 -0.017552 0.277342 0.960611 0.187100 0.000000 0.000000 0.000000 1.000000
0.999781 0.005079 0.020289 0.000000 0.001512 0.949977 -0.312315 8.536500 -0.020860 0.312278 0.949762 0.187100 0.000000 0.000000 0.000000 1.000000
0.999634 -0.000312 0.027041 -0.000000 0.009566 0.939352 -0.342821 8.536500 -0.025294 0.342954 0.939012 0.187100 0.000000 0.000000 0.000000 1.000000
0.999356 0.002495 0.035793 0.000000 0.010190 0.936763 -0.349816 8.536500 -0.034402 0.349956 0.936134 0.187100 0.000000 0.000000 0.000000 1.000000
0.999019 0.012154 0.042588 0.000000 0.002854 0.941942 -0.335763 8.536500 -0.044196 0.335555 0.940983 0.187100 0.000000 0.000000 0.000000 1.000000
0.998834 0.022455 0.042734 0.000000 -0.007054 0.943625 -0.330941 8.536500 -0.047756 0.330253 0.942683 0.187100 0.000000 0.000000 0.000000 1.000000
0.998916 0.032636 0.033200 -0.000000 -0.019837 0.943542 -0.330659 8.536500 -0.042117 0.329642 0.943166 0.187100 0.000000 0.000000 0.000000 1.000000
0.998774 0.043219 0.024132 -0.000000 -0.032608 0.941242 -0.336155 8.536500 -0.037243 0.334956 0.941497 0.187100 0.000000 0.000000 0.000000 1.000000
0.998392 0.054312 0.016246 0.000000 -0.045804 0.941699 -0.333323 8.536500 -0.033402 0.332043 0.942673 0.187100 0.000000 0.000000 0.000000 1.000000
0.997772 0.065646 0.011903 0.000000 -0.057997 0.941636 -0.331600 8.536500 -0.032976 0.330170 0.943345 0.187100 0.000000 0.000000 0.000000 1.000000
0.997022 0.076715 0.007888 0.000000 -0.069971 0.942866 -0.325741 8.536500 -0.032427 0.324219 0.945426 0.187100 0.000000 0.000000 0.000000 1.000000
0.996166 0.087328 0.005152 0.000000 -0.080950 0.942537 -0.324147 8.536500 -0.033163 0.322488 0.945993 0.187100 0.000000 0.000000 0.000000 1.000000
0.995183 0.097911 0.004871 -0.000000 -0.091403 0.944708 -0.314917 8.536500 -0.035435 0.312955 0.949107 0.187100 0.000000 0.000000 0.000000 1.000000
0.994145 0.107924 0.005323 0.000000 -0.101384 0.948675 -0.299562 8.536500 -0.037380 0.297268 0.954062 0.187100 0.000000 0.000000 0.000000 1.000000
0.993341 0.115078 0.005576 -0.000000 -0.108552 0.951026 -0.289422 8.536500 -0.038609 0.286890 0.957185 0.187100 0.000000 0.000000 0.000000 1.000000
0.992993 0.118065 0.005097 0.000000 -0.111756 0.952205 -0.284283 8.536500 -0.038418 0.281721 0.958727 0.187100 0.000000 0.000000 0.000000 1.000000
0.992735 0.120271 0.003513 0.000000 -0.114488 0.953178 -0.279901 8.536500 -0.037012 0.277465 0.960023 0.187100 0.000000 0.000000 0.000000 1.000000
0.992604 0.121400 -0.000032 0.000000 -0.116362 0.951338 -0.285335 8.536500 -0.034609 0.283229 0.958428 0.187100 0.000000 0.000000 0.000000 1.000000
0.992570 0.121597 -0.004457 0.000000 -0.117516 0.948470 -0.294271 8.536500 -0.031555 0.292608 0.955712 0.187100 0.000000 0.000000 0.000000 1.000000
0.992681 0.120321 -0.010344 0.000000 -0.117645 0.944140 -0.307829 8.536500 -0.027273 0.306793 0.951385 0.187100 0.000000 0.000000 0.000000 1.000000
0.992942 0.117505 -0.016058 0.000000 -0.116413 0.939814 -0.321244 8.536500 -0.022656 0.320846 0.946860 0.187100 0.000000 0.000000 0.000000 1.000000
0.993666 0.110872 -0.018329 0.000000 -0.110796 0.939309 -0.324690 8.536500 -0.018782 0.324664 0.945643 0.187100 0.000000 0.000000 0.000000 1.000000
0.994925 0.099548 -0.014617 -0.000000 -0.099103 0.944469 -0.313302 8.536500 -0.017383 0.313160 0.949541 0.187100 0.000000 0.000000 0.000000 1.000000
0.996435 0.083753 -0.010163 0.000000 -0.082988 0.951309 -0.296857 8.536500 -0.015195 0.296642 0.954868 0.187100 0.000000 0.000000 0.000000 1.000000
0.997643 0.068379 -0.005772 0.000000 -0.067219 0.956870 -0.282634 8.536500 -0.013804 0.282356 0.959210 0.187100 0.000000 0.000000 0.000000 1.000000
0.998531 0.054153 -0.001716 -0.000000 -0.052628 0.961913 -0.268240 8.536500 -0.012875 0.267937 0.963350 0.187100 0.000000 0.000000 0.000000 1.000000
0.999203 0.039865 0.001967 -0.000000 -0.038093 0.967192 -0.251176 8.536500 -0.011916 0.250901 0.967939 0.187100 0.000000 0.000000 0.000000 1.000000
0.999658 0.025632 0.005176 0.000000 -0.023663 0.970947 -0.238123 8.536500 -0.011129 0.237919 0.971221 0.187100 0.000000 0.000000 0.000000 1.000000
0.999899 0.011944 0.007730 0.000000 -0.009800 0.972089 -0.234408 8.536500 -0.010314 0.234308 0.972108 0.187100 0.000000 0.000000 0.000000 1.000000
0.999949 -0.001168 0.010032 0.000000 0.003472 0.972528 -0.232761 8.536500 -0.009484 0.232784 0.972482 0.187100 0.000000 0.000000 0.000000 1.000000
0.999860 -0.011957 0.011712 0.000000 0.014350 0.972568 -0.232176 8.536500 -0.008615 0.232311 0.972603 0.187100 0.000000 0.000000 0.000000 1.000000
0.999858 -0.012051 0.011755 -0.000000 0.014467 0.972136 -0.233973 8.536500 -0.008607 0.234110 0.972172 0.187100 0.000000 0.000000 0.000000 1.000000
0.999924 -0.006547 0.010464 0.000000 0.008810 0.972298 -0.233578 8.536500 -0.008645 0.233652 0.972282 0.187100 0.000000 0.000000 0.000000 1.000000
0.999957 -0.000506 0.009290 -0.000000 0.002641 0.972883 -0.231284 8.536500 -0.008921 0.231299 0.972842 0.187100 0.000000 0.000000 0.000000 1.000000
0.999951 0.005638 0.008134 0.000000 -0.003627 0.973449 -0.228876 8.536500 -0.009208 0.228836 0.973422 0.187100 0.000000 0.000000 0.000000 1.000000
0.999905 0.011843 0.007005 0.000000 -0.009951 0.973987 -0.226385 8.536500 -0.009504 0.226294 0.974013 0.187100 0.000000 0.000000 0.000000 1.000000
0.999819 0.018066 0.005912 0.000000 -0.016284 0.974490 -0.223841 8.536500 -0.009805 0.223705 0.974608 0.187100 0.000000 0.000000 0.000000 1.000000
0.999694 0.024261 0.004863 0.000000 -0.022585 0.974950 -0.221277 8.536500 -0.010110 0.221099 0.975199 0.187100 0.000000 0.000000 0.000000 1.000000
0.999531 0.030387 0.003863 -0.000000 -0.028807 0.975362 -0.218723 8.536500 -0.010414 0.218509 0.975779 0.187100 0.000000 0.000000 0.000000 1.000000
0.999333 0.036398 0.002916 0.000000 -0.034907 0.975723 -0.216211 8.536500 -0.010714 0.215965 0.976342 0.187100 0.000000 0.000000 0.000000 1.000000
0.999105 0.042250 0.002026 0.000000 -0.040841 0.976029 -0.213773 8.536500 -0.011009 0.213499 0.976881 0.187100 0.000000 0.000000 0.000000 1.000000
0.998851 0.047900 0.001195 0.000000 -0.046565 0.976281 -0.211441 8.536500 -0.011295 0.211142 0.977390 0.187100 0.000000 0.000000 0.000000 1.000000
0.998816 0.048625 0.001209 -0.000000 -0.047274 0.976313 -0.211133 8.536500 -0.011447 0.210826 0.977457 0.187100 0.000000 0.000000 0.000000 1.000000</float_array>
        <technique_common>
          <accessor source="#mixamorig_Spine-Matrix-animation-output-transform-array" count="50" stride="16">
            <param type="float4x4"/>
          </accessor>
        </technique_common>
      </source>
      <source id="mixamorig_Spine-Interpolations">
        <Name_array id="mixamorig_Spine-Interpolations-array" count="50">
 LINEAR LINEAR LINEAR LINEAR LINEAR LINEAR LINEAR LINEAR LINEAR LINEAR LINEAR
LINEAR LINEAR LINEAR LINEAR LINEAR LINEAR LINEAR LINEAR LINEAR LINEAR LINEAR LINEAR
LINEAR LINEAR LINEAR LINEAR LINEAR LINEAR LINEAR LINEAR LINEAR LINEAR LINEAR LINEAR
LINEAR LINEAR LINEAR LINEAR LINEAR LINEAR LINEAR LINEAR LINEAR LINEAR LINEAR LINEAR
LINEAR LINEAR LINEAR</Name_array>
        <technique_common>
          <accessor source="#mixamorig_Spine-Interpolations-array" count="50">
            <param type="name"/>
          </accessor>
        </technique_common>
      </source>
      <sampler id="mixamorig_Spine-Matrix-animation-transform">
        <input semantic="INPUT" source="#mixamorig_Spine-Matrix-animation-input"/>
        <input semantic="OUTPUT" source="#mixamorig_Spine-Matrix-animation-output-transform"/>
        <input semantic="INTERPOLATION" source="#mixamorig_Spine-Interpolations"/>
      </sampler>
      <channel source="#mixamorig_Spine-Matrix-animation-transform" target="mixamorig_Spine/matrix"/>
    </animation>
    <animation id="mixamorig_Spine1-anim" name="mixamorig_Spine1">
      <source id="mixamorig_Spine1-Matrix-animation-input">
        <float_array id="mixamorig_Spine1-Matrix-animation-input-array" count="50">

0.000000 0.033333 0.066667 0.100000 0.133333 0.166667 0.200000 0.233333 0.266667 0.300000 0.333333 0.366667 0.400000 0.433333 0.466667 0.500000
0.533333 0.566667 0.600000 0.633333 0.666667 0.700000 0.733333 0.766667 0.800000 0.833333 0.866667 0.900000 0.933333 0.966667 1.000000 1.033333
1.066667 1.100000 1.133333 1.166667 1.200000 1.233333 1.266667 1.300000 1.333333 1.366667 1.400000 1.433333 1.466667 1.500000 1.533333 1.566667
1.600000 1.633333</float_array>
        <technique_common>
          <accessor source="#mixamorig_Spine1-Matrix-animation-input-array" count="50">
            <param name="TIME" type="float"/>
          </accessor>
        </technique_common>
      </source>
      <source id="mixamorig_Spine1-Matrix-animation-output-transform">
        <float_array id="mixamorig_Spine1-Matrix-animation-output-transform-array" count="800">

0.995240 0.097445 -0.001098 0.000000 -0.096568 0.984646 -0.145419 9.685800 -0.013089 0.144833 0.989370 0.000000 0.000000 0.000000 0.000000 1.000000
0.995211 0.097752 -0.000749 -0.000000 -0.096824 0.984656 -0.145178 9.685800 -0.013454 0.144555 0.989405 0.000000 0.000000 0.000000 0.000000 1.000000
0.995181 0.098050 -0.000439 0.000000 -0.097078 0.984664 -0.144960 9.685800 -0.013781 0.144304 0.989437 -0.000000 0.000000 0.000000 0.000000 1.000000
0.995150 0.098365 -0.000050 -0.000000 -0.097337 0.984677 -0.144696 9.685800 -0.014184 0.143999 0.989476 -0.000000 0.000000 0.000000 0.000000 1.000000
0.995115 0.098719 0.000535 0.000000 -0.097609 0.984705 -0.144318 9.685800 -0.014773 0.143560 0.989531 0.000000 0.000000 0.000000 0.000000 1.000000
0.995069 0.099175 0.001588 -0.000000 -0.097919 0.984770 -0.143668 9.685800 -0.015812 0.142804 0.989625 0.000000 0.000000 0.000000 0.000000 1.000000
0.995009 0.099733 0.003234 0.000000 -0.098254 0.984882 -0.142665 9.685800 -0.017413 0.141635 0.989766 0.000000 0.000000 0.000000 0.000000 1.000000
0.994920 0.100472 0.006251 0.000000 -0.098597 0.985113 -0.140823 9.685800 -0.020307 0.139491 0.990015 -0.000000 0.000000 0.000000 0.000000 1.000000
0.994795 0.101240 0.011574 0.000000 -0.098680 0.985458 -0.138327 9.685800 -0.025410 0.136465 0.990319 0.000000 0.000000 0.000000 0.000000 1.000000
0.994693 0.101333 0.017839 0.000000 -0.097987 0.985824 -0.136194 9.685800 -0.031387 0.133723 0.990522 0.000000 0.000000 0.000000 0.000000 1.000000
0.994817 0.098167 0.026492 0.000000 -0.093683 0.986203 -0.136483 9.685800 -0.039524 0.133294 0.990288 0.000000 0.000000 0.000000 0.000000 1.000000
0.995039 0.093435 0.034166 0.000000 -0.087769 0.986151 -0.140720 9.685800 -0.046841 0.137023 0.989460 0.000000 0.000000 0.000000 0.000000 1.000000
0.995367 0.089363 0.035488 0.000000 -0.083361 0.985963 -0.144665 9.685800 -0.047917 0.141036 0.988844 0.000000 0.000000 0.000000 0.000000 1.000000
0.995816 0.086491 0.029476 -0.000000 -0.081371 0.986141 -0.144588 9.685800 -0.041573 0.141585 0.989053 -0.000000 0.000000 0.000000 0.000000 1.000000
0.996127 0.084555 0.024103 0.000000 -0.080287 0.986511 -0.142653 9.685800 -0.035840 0.140166 0.989479 0.000000 0.000000 0.000000 0.000000 1.000000
0.996326 0.083051 0.020896 0.000000 -0.079338 0.986986 -0.139871 9.685800 -0.032241 0.137699 0.989949 -0.000000 0.000000 0.000000 0.000000 1.000000
0.996458 0.081893 0.019085 -0.000000 -0.078541 0.987507 -0.136608 9.685800 -0.030034 0.134625 0.990441 0.000000 0.000000 0.000000 0.000000 1.000000
0.996529 0.081114 0.018733 0.000000 -0.077915 0.988008 -0.133301 9.685800 -0.029321 0.131378 0.990899 0.000000 0.000000 0.000000 0.000000 1.000000
0.996534 0.080754 0.019964 0.000000 -0.077485 0.988430 -0.130394 9.685800 -0.030263 0.128395 0.991261 0.000000 0.000000 0.000000 0.000000 1.000000
0.996477 0.080795 0.022482 0.000000 -0.077271 0.988720 -0.128302 9.685800 -0.032595 0.126112 0.991480 -0.000000 0.000000 0.000000 0.000000 1.000000
0.996384 0.081120 0.025281 0.000000 -0.077293 0.988909 -0.126825 9.685800 -0.035288 0.124412 0.991603 0.000000 0.000000 0.000000 0.000000 1.000000
0.996329 0.081467 0.026292 0.000000 -0.077555 0.989038 -0.125651 9.685800 -0.036240 0.123151 0.991726 0.000000 0.000000 0.000000 0.000000 1.000000
0.996302 0.081913 0.025915 -0.000000 -0.078061 0.989056 -0.125200 9.685800 -0.035887 0.122714 0.991793 -0.000000 0.000000 0.000000 0.000000 1.000000
0.996319 0.082409 0.023623 -0.000000 -0.078804 0.988880 -0.126117 9.685800 -0.033753 0.123791 0.991734 0.000000 0.000000 0.000000 0.000000 1.000000
0.996347 0.083071 0.019801 0.000000 -0.079972 0.988946 -0.124862 9.685800 -0.029954 0.122823 0.991976 -0.000000 0.000000 0.000000 0.000000 1.000000
0.996334 0.084025 0.016068 0.000000 -0.081441 0.989119 -0.122521 9.685800 -0.026188 0.120763 0.992336 0.000000 0.000000 0.000000 0.000000 1.000000
0.996244 0.085544 0.013442 -0.000000 -0.083367 0.989476 -0.118269 9.685800 -0.023418 0.116704 0.992891 -0.000000 0.000000 0.000000 0.000000 1.000000
0.996097 0.087549 0.011234 0.000000 -0.085711 0.989791 -0.113874 9.685800 -0.021089 0.112466 0.993432 0.000000 0.000000 0.000000 0.000000 1.000000
0.995833 0.090728 0.009232 -0.000000 -0.089121 0.989647 -0.112499 9.685800 -0.019343 0.111207 0.993609 0.000000 0.000000 0.000000 0.000000 1.000000
0.995405 0.095480 0.007227 -0.000000 -0.094019 0.988891 -0.115127 9.685800 -0.018139 0.113918 0.993325 -0.000000 0.000000 0.000000 0.000000 1.000000
0.994840 0.101327 0.005207 0.000000 -0.099949 0.987554 -0.121440 9.685800 -0.017448 0.120293 0.992585 0.000000 0.000000 0.000000 0.000000 1.000000
0.994165 0.107815 0.003344 0.000000 -0.106507 0.986068 -0.127776 9.685800 -0.017073 0.126675 0.991797 -0.000000 0.000000 0.000000 0.000000 1.000000
0.993424 0.114481 0.001712 0.000000 -0.113208 0.984394 -0.134729 9.685800 -0.017109 0.133649 0.990881 0.000000 0.000000 0.000000 0.000000 1.000000
0.992669 0.120861 0.000392 0.000000 -0.119598 0.982756 -0.141025 9.685800 -0.017430 0.139944 0.990006 0.000000 0.000000 0.000000 0.000000 1.000000
0.991966 0.126504 -0.000455 0.000000 -0.125226 0.981423 -0.145350 9.685800 -0.017941 0.144239 0.989380 0.000000 0.000000 0.000000 0.000000 1.000000
0.991428 0.130654 -0.000888 -0.000000 -0.129377 0.980748 -0.146271 9.685800 -0.018240 0.145132 0.989244 0.000000 0.000000 0.000000 0.000000 1.000000
0.990986 0.133957 -0.001186 0.000000 -0.132686 0.980286 -0.146403 9.685800 -0.018449 0.145241 0.989224 -0.000000 0.000000 0.000000 0.000000 1.000000
0.990909 0.134528 -0.001241 -0.000000 -0.133266 0.980268 -0.145997 9.685800 -0.018425 0.144836 0.989284 0.000000 0.000000 0.000000 0.000000 1.000000
0.991257 0.131943 -0.001114 -0.000000 -0.130670 0.980448 -0.147128 9.685800 -0.018320 0.145987 0.989117 0.000000 0.000000 0.000000 0.000000 1.000000
0.991841 0.127476 -0.001303 0.000000 -0.126255 0.980819 -0.148503 9.685800 -0.017653 0.147456 0.988911 0.000000 0.000000 0.000000 0.000000 1.000000
0.992270 0.124090 -0.001296 0.000000 -0.122908 0.981274 -0.148306 9.685800 -0.017132 0.147319 0.988941 -0.000000 0.000000 0.000000 0.000000 1.000000
0.992687 0.120708 -0.001285 0.000000 -0.119567 0.981727 -0.148044 9.685800 -0.016608 0.147115 0.988980 -0.000000 0.000000 0.000000 0.000000 1.000000
0.993091 0.117340 -0.001272 -0.000000 -0.116239 0.982173 -0.147730 9.685800 -0.016085 0.146858 0.989027 -0.000000 0.000000 0.000000 0.000000 1.000000
0.993480 0.113998 -0.001257 0.000000 -0.112937 0.982611 -0.147381 9.685800 -0.015566 0.146562 0.989079 -0.000000 0.000000 0.000000 0.000000 1.000000
0.993854 0.110692 -0.001240 -0.000000 -0.109671 0.983036 -0.147009 9.685800 -0.015054 0.146241 0.989134 0.000000 0.000000 0.000000 0.000000 1.000000
0.994212 0.107433 -0.001222 0.000000 -0.106450 0.983447 -0.146629 9.685800 -0.014551 0.145911 0.989191 0.000000 0.000000 0.000000 0.000000 1.000000
0.994552 0.104232 -0.001202 0.000000 -0.103287 0.983840 -0.146257 9.685800 -0.014062 0.145584 0.989246 0.000000 0.000000 0.000000 0.000000 1.000000
0.994876 0.101100 -0.001181 -0.000000 -0.100190 0.984212 -0.145905 9.685800 -0.013589 0.145275 0.989298 0.000000 0.000000 0.000000 0.000000 1.000000
0.995181 0.098048 -0.001158 0.000000 -0.097171 0.984562 -0.145588 9.685800 -0.013135 0.144999 0.989345 0.000000 0.000000 0.000000 0.000000 1.000000
0.995241 0.097438 -0.000969 -0.000000 -0.096541 0.984637 -0.145500 9.685800 -0.013223 0.144902 0.989358 -0.000000 0.000000 0.000000 0.000000 1.000000</float_array>
        <technique_common>
          <accessor source="#mixamorig_Spine1-Matrix-animation-output-transform-array" count="50" stride="16">
            <param type="float4x4"/>
          </accessor>
        </technique_common>
      </source>
      <source id="mixamorig_Spine1-Interpolations">
        <Name_array id="mixamorig_Spine1-Interpolations-array" count="50">
 LINEAR LINEAR LINEAR LINEAR LINEAR LINEAR LINEAR LINEAR LINEAR LINEAR LINEAR
LINEAR LINEAR LINEAR LINEAR LINEAR LINEAR LINEAR LINEAR LINEAR LINEAR LINEAR LINEAR
LINEAR LINEAR LINEAR LINEAR LINEAR LINEAR LINEAR LINEAR LINEAR LINEAR LINEAR LINEAR
LINEAR LINEAR LINEAR LINEAR LINEAR LINEAR LINEAR LINEAR LINEAR LINEAR LINEAR LINEAR
LINEAR LINEAR LINEAR</Name_array>
        <technique_common>
          <accessor source="#mixamorig_Spine1-Interpolations-array" count="50">
            <param type="name"/>
          </accessor>
        </technique_common>
      </source>
      <sampler id="mixamorig_Spine1-Matrix-animation-transform">
        <input semantic="INPUT" source="#mixamorig_Spine1-Matrix-animation-input"/>
        <input semantic="OUTPUT" source="#mixamorig_Spine1-Matrix-animation-output-transform"/>
        <input semantic="INTERPOLATION" source="#mixamorig_Spine1-Interpolations"/>
      </sampler>
      <channel source="#mixamorig_Spine1-Matrix-animation-transform" target="mixamorig_Spine1/matrix"/>
    </animation>
    <animation id="mixamorig_Spine2-anim" name="mixamorig_Spine2">
      <source id="mixamorig_Spine2-Matrix-animation-input">
        <float_array id="mixamorig_Spine2-Matrix-animation-input-array" count="50">

0.000000 0.033333 0.066667 0.100000 0.133333 0.166667 0.200000 0.233333 0.266667 0.300000 0.333333 0.366667 0.400000 0.433333 0.466667 0.500000
0.533333 0.566667 0.600000 0.633333 0.666667 0.700000 0.733333 0.766667 0.800000 0.833333 0.866667 0.900000 0.933333 0.966667 1.000000 1.033333
1.066667 1.100000 1.133333 1.166667 1.200000 1.233333 1.266667 1.300000 1.333333 1.366667 1.400000 1.433333 1.466667 1.500000 1.533333 1.566667
1.600000 1.633333</float_array>
        <technique_common>
          <accessor source="#mixamorig_Spine2-Matrix-animation-input-array" count="50">
            <param name="TIME" type="float"/>
          </accessor>
        </technique_common>
      </source>
      <source id="mixamorig_Spine2-Matrix-animation-output-transform">
        <float_array id="mixamorig_Spine2-Matrix-animation-output-transform-array" count="800">

0.995241 0.097441 0.000486 0.000000 -0.096538 0.986672 -0.130994 15.875400 -0.013244 0.130324 0.991383 0.000000 0.000000 0.000000 0.000000 1.000000
0.995215 0.097702 0.000802 -0.000000 -0.096762 0.986706 -0.130567 15.875400 -0.013548 0.129865 0.991439 0.000000 0.000000 0.000000 0.000000 1.000000
0.995191 0.097950 0.001069 0.000000 -0.096979 0.986739 -0.130161 15.875400 -0.013804 0.129431 0.991492 0.000000 0.000000 0.000000 0.000000 1.000000
0.995163 0.098224 0.001434 -0.000000 -0.097209 0.986775 -0.129714 15.875400 -0.014156 0.128948 0.991550 -0.000000 0.000000 0.000000 0.000000 1.000000
0.995129 0.098562 0.002043 0.000000 -0.097474 0.986821 -0.129166 15.875400 -0.014747 0.128338 0.991621 0.000000 0.000000 0.000000 0.000000 1.000000
0.995074 0.099082 0.003279 -0.000000 -0.097845 0.986893 -0.128330 15.875400 -0.015951 0.127377 0.991726 0.000000 0.000000 0.000000 0.000000 1.000000
0.995001 0.099733 0.005169 -0.000000 -0.098269 0.986987 -0.127280 15.875400 -0.017796 0.126136 0.991853 -0.000000 0.000000 0.000000 0.000000 1.000000
0.994903 0.100494 0.008309 0.000000 -0.098655 0.987109 -0.126032 15.875400 -0.020868 0.124569 0.991991 0.000000 0.000000 0.000000 0.000000 1.000000
0.994774 0.101150 0.013892 0.000000 -0.098676 0.987414 -0.123595 15.875400 -0.026219 0.121579 0.992235 -0.000000 0.000000 0.000000 0.000000 1.000000
0.994660 0.101198 0.020278 -0.000000 -0.098019 0.987745 -0.121457 15.875400 -0.032321 0.118821 0.992389 0.000000 0.000000 0.000000 0.000000 1.000000
0.994740 0.098466 0.028222 -0.000000 -0.094342 0.988039 -0.121975 15.875400 -0.039895 0.118671 0.992132 0.000000 0.000000 0.000000 0.000000 1.000000
0.994906 0.094543 0.034988 -0.000000 -0.089511 0.988139 -0.124779 15.875400 -0.046370 0.121012 0.991567 0.000000 0.000000 0.000000 0.000000 1.000000
0.995178 0.090931 0.036775 0.000000 -0.085583 0.988157 -0.127361 15.875400 -0.047921 0.123600 0.991174 0.000000 0.000000 0.000000 0.000000 1.000000
0.995525 0.088371 0.033471 0.000000 -0.083451 0.988338 -0.127373 15.875400 -0.044337 0.124010 0.991290 -0.000000 0.000000 0.000000 0.000000 1.000000
0.995835 0.086919 0.027516 0.000000 -0.082813 0.988601 -0.125739 15.875400 -0.038131 0.122936 0.991682 0.000000 0.000000 0.000000 0.000000 1.000000
0.996052 0.085515 0.023812 0.000000 -0.081959 0.988975 -0.123332 15.875400 -0.034096 0.120893 0.992080 0.000000 0.000000 0.000000 0.000000 1.000000
0.996211 0.084212 0.021746 -0.000000 -0.080998 0.989372 -0.120759 15.875400 -0.031684 0.118540 0.992444 -0.000000 0.000000 0.000000 0.000000 1.000000
0.996324 0.083043 0.021014 0.000000 -0.080004 0.989768 -0.118150 15.875400 -0.030611 0.116035 0.992773 0.000000 0.000000 0.000000 0.000000 1.000000
0.996407 0.082065 0.020928 0.000000 -0.079120 0.990139 -0.115605 15.875400 -0.030209 0.113533 0.993075 0.000000 0.000000 0.000000 0.000000 1.000000
0.996455 0.081287 0.021668 -0.000000 -0.078335 0.990469 -0.113294 15.875400 -0.030671 0.111195 0.993325 0.000000 0.000000 0.000000 0.000000 1.000000
0.996476 0.080759 0.022652 0.000000 -0.077768 0.990755 -0.111164 15.875400 -0.031420 0.109011 0.993544 0.000000 0.000000 0.000000 0.000000 1.000000
0.996476 0.080522 0.023469 0.000000 -0.077480 0.990902 -0.110043 15.875400 -0.032117 0.107836 0.993650 -0.000000 0.000000 0.000000 0.000000 1.000000
0.996482 0.080668 0.022726 0.000000 -0.077718 0.990927 -0.109656 15.875400 -0.031366 0.107504 0.993710 0.000000 0.000000 0.000000 0.000000 1.000000
0.996482 0.081200 0.020742 -0.000000 -0.078458 0.990863 -0.109706 15.875400 -0.029461 0.107693 0.993748 0.000000 0.000000 0.000000 0.000000 1.000000
0.996453 0.082140 0.018274 0.000000 -0.079684 0.990866 -0.108792 15.875400 -0.027043 0.106950 0.993897 -0.000000 0.000000 0.000000 0.000000 1.000000
0.996396 0.083358 0.015698 0.000000 -0.081214 0.990933 -0.107034 15.875400 -0.024478 0.105373 0.994131 0.000000 0.000000 0.000000 0.000000 1.000000
0.996296 0.084974 0.013153 -0.000000 -0.083172 0.991164 -0.103323 15.875400 -0.021817 0.101846 0.994561 0.000000 0.000000 0.000000 0.000000 1.000000
0.996150 0.087030 0.010531 0.000000 -0.085560 0.991356 -0.099461 15.875400 -0.019096 0.098177 0.994986 0.000000 0.000000 0.000000 0.000000 1.000000
0.995886 0.090300 0.007516 0.000000 -0.089127 0.991141 -0.098470 15.875400 -0.016342 0.097395 0.995112 0.000000 0.000000 0.000000 0.000000 1.000000
0.995444 0.095198 0.005435 0.000000 -0.094174 0.990471 -0.100496 15.875400 -0.014950 0.099526 0.994923 0.000000 0.000000 0.000000 0.000000 1.000000
0.994855 0.101210 0.004405 0.000000 -0.100186 0.989378 -0.105329 15.875400 -0.015018 0.104345 0.994428 0.000000 0.000000 0.000000 0.000000 1.000000
0.994157 0.107895 0.003177 -0.000000 -0.106865 0.987959 -0.111876 15.875400 -0.015210 0.110883 0.993717 0.000000 0.000000 0.000000 0.000000 1.000000
0.993395 0.114729 0.002100 0.000000 -0.113678 0.986458 -0.118232 15.875400 -0.015636 0.117212 0.992984 0.000000 0.000000 0.000000 0.000000 1.000000
0.992627 0.121207 0.001181 -0.000000 -0.120125 0.984975 -0.124070 15.875400 -0.016201 0.123013 0.992273 -0.000000 0.000000 0.000000 0.000000 1.000000
0.991926 0.126815 0.000644 0.000000 -0.125685 0.983741 -0.128282 15.875400 -0.016902 0.127165 0.991738 -0.000000 0.000000 0.000000 0.000000 1.000000
0.991420 0.130715 0.000246 0.000000 -0.129572 0.982999 -0.130089 15.875400 -0.017247 0.128941 0.991502 0.000000 0.000000 0.000000 0.000000 1.000000
0.991012 0.133774 -0.000074 0.000000 -0.132625 0.982430 -0.131306 15.875400 -0.017493 0.130136 0.991342 0.000000 0.000000 0.000000 0.000000 1.000000
0.990935 0.134340 -0.000129 0.000000 -0.133181 0.982264 -0.131983 15.875400 -0.017603 0.130804 0.991252 0.000000 0.000000 0.000000 0.000000 1.000000
0.991287 0.131723 -0.000043 0.000000 -0.130569 0.982561 -0.132385 15.875400 -0.017396 0.131237 0.991198 -0.000000 0.000000 0.000000 0.000000 1.000000
0.991870 0.127256 -0.000126 0.000000 -0.126150 0.983117 -0.132540 15.875400 -0.016743 0.131478 0.991178 0.000000 0.000000 0.000000 0.000000 1.000000
0.992296 0.123893 -0.000083 -0.000000 -0.122813 0.983556 -0.132415 15.875400 -0.016324 0.131405 0.991194 0.000000 0.000000 0.000000 0.000000 1.000000
0.992709 0.120537 -0.000038 -0.000000 -0.119483 0.983985 -0.132280 15.875400 -0.015907 0.131320 0.991212 -0.000000 0.000000 0.000000 0.000000 1.000000
0.993109 0.117198 0.000009 0.000000 -0.116169 0.984401 -0.132138 15.875400 -0.015495 0.131226 0.991231 -0.000000 0.000000 0.000000 0.000000 1.000000
0.993494 0.113884 0.000057 0.000000 -0.112880 0.984803 -0.131990 15.875400 -0.015088 0.131125 0.991251 0.000000 0.000000 0.000000 0.000000 1.000000
0.993864 0.110606 0.000108 0.000000 -0.109626 0.985191 -0.131838 15.875400 -0.014688 0.131018 0.991271 0.000000 0.000000 0.000000 0.000000 1.000000
0.994219 0.107373 0.000161 0.000000 -0.106417 0.985563 -0.131685 15.875400 -0.014298 0.130907 0.991292 0.000000 0.000000 0.000000 0.000000 1.000000
0.994557 0.104195 0.000217 0.000000 -0.103262 0.985919 -0.131532 15.875400 -0.013919 0.130793 0.991312 0.000000 0.000000 0.000000 0.000000 1.000000
0.994878 0.101083 0.000276 0.000000 -0.100171 0.986258 -0.131380 15.875400 -0.013553 0.130680 0.991332 0.000000 0.000000 0.000000 0.000000 1.000000
0.995182 0.098045 0.000339 0.000000 -0.097153 0.986580 -0.131232 15.875400 -0.013201 0.130567 0.991352 -0.000000 0.000000 0.000000 0.000000 1.000000
0.995252 0.097333 0.000555 -0.000000 -0.096422 0.986678 -0.131035 15.875400 -0.013302 0.130359 0.991378 0.000000 0.000000 0.000000 0.000000 1.000000</float_array>
        <technique_common>
          <accessor source="#mixamorig_Spine2-Matrix-animation-output-transform-array" count="50" stride="16">
            <param type="float4x4"/>
          </accessor>
        </technique_common>
      </source>
      <source id="mixamorig_Spine2-Interpolations">
        <Name_array id="mixamorig_Spine2-Interpolations-array" count="50">
 LINEAR LINEAR LINEAR LINEAR LINEAR LINEAR LINEAR LINEAR LINEAR LINEAR LINEAR
LINEAR LINEAR LINEAR LINEAR LINEAR LINEAR LINEAR LINEAR LINEAR LINEAR LINEAR LINEAR
LINEAR LINEAR LINEAR LINEAR LINEAR LINEAR LINEAR LINEAR LINEAR LINEAR LINEAR LINEAR
LINEAR LINEAR LINEAR LINEAR LINEAR LINEAR LINEAR LINEAR LINEAR LINEAR LINEAR LINEAR
LINEAR LINEAR LINEAR</Name_array>
        <technique_common>
          <accessor source="#mixamorig_Spine2-Interpolations-array" count="50">
            <param type="name"/>
          </accessor>
        </technique_common>
      </source>
      <sampler id="mixamorig_Spine2-Matrix-animation-transform">
        <input semantic="INPUT" source="#mixamorig_Spine2-Matrix-animation-input"/>
        <input semantic="OUTPUT" source="#mixamorig_Spine2-Matrix-animation-output-transform"/>
