<?xml version="1.0" encoding="utf-8"?>
<COLLADA xmlns="http://www.collada.org/2005/11/COLLADASchema" version="1.4.1">
  <asset>
    <contributor>
      <author>Mixamo</author>
      <authoring_tool>COLLADA Mixamo exporter</authoring_tool>
      <comments/>
    </contributor>
    <created>2025-11-14T05:17:33Z</created>
    <modified>2025-11-14T05:17:33Z</modified>
    <revision/>
    <title/>
    <unit meter="0.010000"/>
    <up_axis>Y_UP</up_axis>
  </asset>
  <library_animations>
    <animation id="mixamorig_Hips-anim" name="mixamorig_Hips">
      <source id="mixamorig_Hips-Matrix-animation-input">
        <float_array id="mixamorig_Hips-Matrix-animation-input-array" count="30">

0.000000 0.033333 0.066667 0.100000 0.133333 0.166667 0.200000 0.233333 0.266667 0.300000 0.333333 0.366667 0.400000 0.433333 0.466667 0.500000
0.533333 0.566667 0.600000 0.633333 0.666667 0.700000 0.733333 0.766667 0.800000 0.833333 0.866667 0.900000 0.933333 0.966667</float_array>
        <technique_common>
          <accessor source="#mixamorig_Hips-Matrix-animation-input-array" count="30">
            <param name="TIME" type="float"/>
          </accessor>
        </technique_common>
      </source>
      <source id="mixamorig_Hips-Matrix-animation-output-transform">
        <float_array id="mixamorig_Hips-Matrix-animation-output-transform-array" count="480">

0.522569 -0.060166 -0.850471 0.204856 0.069742 0.997181 -0.027693 100.640816 0.849740 -0.044842 0.525292 -0.652128 0.000000 0.000000 0.000000 1.000000
0.525502 -0.060323 -0.848651 0.180956 0.064288 0.997447 -0.031091 101.029297 0.848360 -0.038220 0.528038 -0.577409 0.000000 0.000000 0.000000 1.000000
0.542755 -0.061837 -0.837612 0.119775 0.054183 0.997787 -0.038552 102.059837 0.838142 -0.024460 0.544904 -0.444763 0.000000 0.000000 0.000000 1.000000
0.562747 -0.063058 -0.824221 0.047220 0.042379 0.997976 -0.047417 103.196175 0.825542 -0.008245 0.564280 -0.300779 0.000000 0.000000 0.000000 1.000000
0.590149 -0.065316 -0.804647 -0.095480 0.030146 0.997809 -0.058885 104.099060 0.806731 0.010494 0.590826 -0.149164 0.000000 0.000000 0.000000 1.000000
0.634429 -0.069553 -0.769846 -0.398790 0.017377 0.996975 -0.075753 104.480675 0.772786 0.034683 0.633718 0.019117 0.000000 0.000000 0.000000 1.000000
0.685762 -0.073544 -0.724101 -0.805865 0.003753 0.995226 -0.097527 104.394699 0.727816 0.064163 0.682764 0.193562 0.000000 0.000000 0.000000 1.000000
0.735941 -0.079588 -0.672351 -1.310167 -0.006066 0.992252 -0.124094 103.312767 0.677018 0.095404 0.729756 0.350402 0.000000 0.000000 0.000000 1.000000
0.779545 -0.086882 -0.620292 -1.779116 -0.015840 0.987281 -0.158191 101.674133 0.626146 0.133142 0.768254 0.546325 0.000000 0.000000 0.000000 1.000000
0.816824 -0.095336 -0.568954 -2.148904 -0.026253 0.979085 -0.201749 99.518387 0.576289 0.179730 0.797238 0.827812 0.000000 0.000000 0.000000 1.000000
0.840023 -0.113648 -0.530514 -2.381201 -0.025406 0.968503 -0.247704 96.825600 0.541955 0.221555 0.810677 1.063495 0.000000 0.000000 0.000000 1.000000
0.851847 -0.143826 -0.503658 -2.629703 -0.013343 0.955292 -0.295363 94.077469 0.523621 0.258324 0.811843 1.290667 0.000000 0.000000 0.000000 1.000000
0.855218 -0.175766 -0.487554 -2.754509 0.001156 0.941380 -0.337345 91.257751 0.518268 0.287940 0.805288 1.472852 0.000000 0.000000 0.000000 1.000000
0.854809 -0.200248 -0.478750 -2.671353 0.012310 0.930115 -0.367061 88.451302 0.518796 0.307874 0.797536 1.576120 0.000000 0.000000 0.000000 1.000000
0.854396 -0.210172 -0.475221 -2.533470 0.016688 0.925177 -0.379168 85.725250 0.519355 0.316029 0.793975 1.576173 0.000000 0.000000 0.000000 1.000000
0.858874 -0.210194 -0.467069 -2.414433 0.019243 0.924510 -0.380672 83.088737 0.511825 0.317961 0.798083 1.565105 0.000000 0.000000 0.000000 1.000000
0.863820 -0.217338 -0.454509 -2.447049 0.031228 0.923525 -0.382264 80.589981 0.502831 0.316014 0.804547 1.620968 0.000000 0.000000 0.000000 1.000000
0.867716 -0.219978 -0.445735 -2.460234 0.038761 0.923955 -0.380532 78.243286 0.495547 0.312916 0.810257 1.735280 0.000000 0.000000 0.000000 1.000000
0.871365 -0.221113 -0.437985 -2.445493 0.044853 0.924853 -0.377671 76.081978 0.488580 0.309445 0.815802 1.908755 0.000000 0.000000 0.000000 1.000000
0.874553 -0.221013 -0.431636 -2.364851 0.049588 0.926194 -0.373773 74.175064 0.482387 0.305480 0.820965 2.133235 0.000000 0.000000 0.000000 1.000000
0.877496 -0.220504 -0.425885 -2.259871 0.053772 0.927669 -0.369512 72.362198 0.476559 0.301345 0.825883 2.367766 0.000000 0.000000 0.000000 1.000000
0.879869 -0.218951 -0.421771 -2.099102 0.056471 0.929420 -0.364678 70.765228 0.471849 0.297051 0.830132 2.601556 0.000000 0.000000 0.000000 1.000000
0.881427 -0.217491 -0.419266 -1.911050 0.058202 0.930923 -0.360549 69.329147 0.468720 0.293395 0.833199 2.786617 0.000000 0.000000 0.000000 1.000000
0.882666 -0.216266 -0.417290 -1.720215 0.059703 0.932247 -0.356864 67.952850 0.466194 0.290078 0.835774 2.952375 0.000000 0.000000 0.000000 1.000000
0.883146 -0.216061 -0.416378 -1.542746 0.061008 0.932977 -0.354729 66.714645 0.465114 0.287875 0.837136 3.070344 0.000000 0.000000 0.000000 1.000000
0.883027 -0.216152 -0.416582 -1.390252 0.061576 0.933312 -0.353747 65.855255 0.465265 0.286717 0.837450 3.155835 0.000000 0.000000 0.000000 1.000000
0.882826 -0.216284 -0.416940 -1.239843 0.062049 0.933596 -0.352914 65.039810 0.465583 0.285691 0.837624 3.237758 0.000000 0.000000 0.000000 1.000000
0.882586 -0.216432 -0.417373 -1.094627 0.062455 0.933845 -0.352183 64.270592 0.465985 0.284764 0.837716 3.315191 0.000000 0.000000 0.000000 1.000000
0.882347 -0.216570 -0.417804 -0.957709 0.062823 0.934075 -0.351506 63.549892 0.466386 0.283903 0.837784 3.387208 0.000000 0.000000 0.000000 1.000000
0.882035 -0.216694 -0.418399 -0.884079 0.062796 0.934115 -0.351406 63.236263 0.466980 0.283679 0.837529 3.415359 0.000000 0.000000 0.000000 1.000000</float_array>
        <technique_common>
          <accessor source="#mixamorig_Hips-Matrix-animation-output-transform-array" count="30" stride="16">
            <param type="float4x4"/>
          </accessor>
        </technique_common>
      </source>
      <source id="mixamorig_Hips-Interpolations">
        <Name_array id="mixamorig_Hips-Interpolations-array" count="30">
 LINEAR LINEAR LINEAR LINEAR LINEAR LINEAR LINEAR LINEAR LINEAR LINEAR LINEAR
LINEAR LINEAR LINEAR LINEAR LINEAR LINEAR LINEAR LINEAR LINEAR LINEAR LINEAR LINEAR
LINEAR LINEAR LINEAR LINEAR LINEAR LINEAR LINEAR</Name_array>
        <technique_common>
          <accessor source="#mixamorig_Hips-Interpolations-array" count="30">
            <param type="name"/>
          </accessor>
        </technique_common>
      </source>
      <sampler id="mixamorig_Hips-Matrix-animation-transform">
        <input semantic="INPUT" source="#mixamorig_Hips-Matrix-animation-input"/>
        <input semantic="OUTPUT" source="#mixamorig_Hips-Matrix-animation-output-transform"/>
        <input semantic="INTERPOLATION" source="#mixamorig_Hips-Interpolations"/>
      </sampler>
      <channel source="#mixamorig_Hips-Matrix-animation-transform" target="mixamorig_Hips/matrix"/>
    </animation>
    <animation id="mixamorig_Spine-anim" name="mixamorig_Spine">
      <source id="mixamorig_Spine-Matrix-animation-input">
        <float_array id="mixamorig_Spine-Matrix-animation-input-array" count="30">

0.000000 0.033333 0.066667 0.100000 0.133333 0.166667 0.200000 0.233333 0.266667 0.300000 0.333333 0.366667 0.400000 0.433333 0.466667 0.500000
0.533333 0.566667 0.600000 0.633333 0.666667 0.700000 0.733333 0.766667 0.800000 0.833333 0.866667 0.900000 0.933333 0.966667</float_array>
        <technique_common>
          <accessor source="#mixamorig_Spine-Matrix-animation-input-array" count="30">
            <param name="TIME" type="float"/>
          </accessor>
        </technique_common>
      </source>
      <source id="mixamorig_Spine-Matrix-animation-output-transform">
        <float_array id="mixamorig_Spine-Matrix-animation-output-transform-array" count="480">

0.998816 0.048625 0.001208 0.000000 -0.047274 0.976313 -0.211137 8.536500 -0.011446 0.210830 0.977456 0.187100 0.000000 0.000000 0.000000 1.000000
0.999020 0.044259 0.000990 0.000000 -0.043038 0.976203 -0.212543 8.536500 -0.010373 0.212292 0.977151 0.187100 0.000000 0.000000 0.000000 1.000000
0.999346 0.036150 -0.000987 0.000000 -0.035514 0.975885 -0.215377 8.536500 -0.006823 0.215271 0.976530 0.187100 0.000000 0.000000 0.000000 1.000000
0.999618 0.027422 -0.003332 0.000000 -0.027487 0.975434 -0.218568 8.536500 -0.002743 0.218576 0.975816 0.187100 0.000000 0.000000 0.000000 1.000000
0.999770 0.020235 -0.007052 0.000000 -0.021297 0.974692 -0.222534 8.536500 0.002371 0.222633 0.974899 0.187100 0.000000 0.000000 0.000000 1.000000
0.999755 0.017033 -0.014156 0.000000 -0.019815 0.973410 -0.228211 8.536500 0.009893 0.228435 0.973509 0.187100 0.000000 0.000000 0.000000 1.000000
0.999615 0.015638 -0.022938 0.000000 -0.020591 0.971834 -0.234765 8.536500 0.018621 0.235147 0.971781 0.187100 0.000000 0.000000 0.000000 1.000000
0.999407 0.014207 -0.031371 0.000000 -0.021367 0.970206 -0.241339 8.536500 0.027007 0.241866 0.969934 0.187100 0.000000 0.000000 0.000000 1.000000
0.999210 0.012689 -0.037673 0.000000 -0.021454 0.969955 -0.242336 8.536500 0.033466 0.242952 0.969461 0.187100 0.000000 0.000000 0.000000 1.000000
0.999081 0.006542 -0.042363 0.000000 -0.016395 0.971463 -0.236625 8.536500 0.039606 0.237102 0.970677 0.187100 0.000000 0.000000 0.000000 1.000000
0.999028 0.003702 -0.043923 -0.000000 -0.013852 0.972347 -0.233129 8.536500 0.041846 0.233511 0.971453 0.187100 0.000000 0.000000 0.000000 1.000000
0.999015 0.006103 -0.043955 0.000000 -0.016004 0.973392 -0.228586 8.536500 0.041390 0.229064 0.972531 0.187100 0.000000 0.000000 0.000000 1.000000
0.999039 0.010515 -0.042544 -0.000000 -0.019975 0.973335 -0.228518 8.536500 0.039007 0.229148 0.972610 0.187100 0.000000 0.000000 0.000000 1.000000
0.999023 0.014917 -0.041601 -0.000000 -0.023965 0.973754 -0.226336 8.536500 0.037133 0.227112 0.973160 0.187100 0.000000 0.000000 0.000000 1.000000
0.999010 0.017505 -0.040905 0.000000 -0.026259 0.974132 -0.224448 8.536500 0.035918 0.225300 0.973627 0.187100 0.000000 0.000000 0.000000 1.000000
0.998973 0.019127 -0.041082 -0.000000 -0.027844 0.974320 -0.223438 8.536500 0.035753 0.224352 0.973852 0.187100 0.000000 0.000000 0.000000 1.000000
0.998926 0.021371 -0.041122 -0.000000 -0.029966 0.974730 -0.221368 8.536500 0.035352 0.222362 0.974323 0.187100 0.000000 0.000000 0.000000 1.000000
0.998891 0.022755 -0.041227 -0.000000 -0.031254 0.975222 -0.219010 8.536500 0.035222 0.220055 0.974851 0.187100 0.000000 0.000000 0.000000 1.000000
0.998831 0.023734 -0.042109 0.000000 -0.032304 0.975802 -0.216258 8.536500 0.035958 0.217365 0.975428 0.187100 0.000000 0.000000 0.000000 1.000000
0.998755 0.024612 -0.043383 0.000000 -0.033272 0.976736 -0.211850 8.536500 0.037160 0.213030 0.976339 0.187100 0.000000 0.000000 0.000000 1.000000
0.998679 0.025407 -0.044653 0.000000 -0.034127 0.977760 -0.206933 8.536500 0.038402 0.208184 0.977336 0.187100 0.000000 0.000000 0.000000 1.000000
0.998628 0.025841 -0.045537 0.000000 -0.034504 0.978953 -0.201148 8.536500 0.039381 0.202444 0.978502 0.187100 0.000000 0.000000 0.000000 1.000000
0.998595 0.026507 -0.045881 0.000000 -0.034935 0.980388 -0.193954 8.536500 0.039840 0.195284 0.979937 0.187100 0.000000 0.000000 0.000000 1.000000
0.998571 0.027104 -0.046055 0.000000 -0.035249 0.981831 -0.186454 8.536500 0.040165 0.187811 0.981384 0.187100 0.000000 0.000000 0.000000 1.000000
0.998576 0.027110 -0.045948 0.000000 -0.034925 0.983252 -0.178875 8.536500 0.040329 0.180225 0.982798 0.187100 0.000000 0.000000 0.000000 1.000000
0.998596 0.026632 -0.045785 -0.000000 -0.034147 0.984487 -0.172101 8.536500 0.040491 0.173423 0.984015 0.187100 0.000000 0.000000 0.000000 1.000000
0.998618 0.026094 -0.045627 0.000000 -0.033311 0.985670 -0.165365 8.536500 0.040658 0.166656 0.985176 0.187100 0.000000 0.000000 0.000000 1.000000
0.998640 0.025505 -0.045463 0.000000 -0.032433 0.986770 -0.158850 8.536500 0.040810 0.160109 0.986255 0.187100 0.000000 0.000000 0.000000 1.000000
0.998665 0.024875 -0.045281 -0.000000 -0.031529 0.987763 -0.152742 8.536500 0.040927 0.153966 0.987228 0.187100 0.000000 0.000000 0.000000 1.000000
0.998706 0.023884 -0.044895 -0.000000 -0.030364 0.988262 -0.149720 8.536500 0.040792 0.150889 0.987709 0.187100 0.000000 0.000000 0.000000 1.000000</float_array>
        <technique_common>
          <accessor source="#mixamorig_Spine-Matrix-animation-output-transform-array" count="30" stride="16">
            <param type="float4x4"/>
          </accessor>
        </technique_common>
      </source>
      <source id="mixamorig_Spine-Interpolations">
        <Name_array id="mixamorig_Spine-Interpolations-array" count="30">
 LINEAR LINEAR LINEAR LINEAR LINEAR LINEAR LINEAR LINEAR LINEAR LINEAR LINEAR
LINEAR LINEAR LINEAR LINEAR LINEAR LINEAR LINEAR LINEAR LINEAR LINEAR LINEAR LINEAR
LINEAR LINEAR LINEAR LINEAR LINEAR LINEAR LINEAR</Name_array>
        <technique_common>
          <accessor source="#mixamorig_Spine-Interpolations-array" count="30">
            <param type="name"/>
          </accessor>
        </technique_common>
      </source>
      <sampler id="mixamorig_Spine-Matrix-animation-transform">
        <input semantic="INPUT" source="#mixamorig_Spine-Matrix-animation-input"/>
        <input semantic="OUTPUT" source="#mixamorig_Spine-Matrix-animation-output-transform"/>
        <input semantic="INTERPOLATION" source="#mixamorig_Spine-Interpolations"/>
      </sampler>
      <channel source="#mixamorig_Spine-Matrix-animation-transform" target="mixamorig_Spine/matrix"/>
    </animation>
    <animation id="mixamorig_Spine1-anim" name="mixamorig_Spine1">
      <source id="mixamorig_Spine1-Matrix-animation-input">
        <float_array id="mixamorig_Spine1-Matrix-animation-input-array" count="30">

0.000000 0.033333 0.066667 0.100000 0.133333 0.166667 0.200000 0.233333 0.266667 0.300000 0.333333 0.366667 0.400000 0.433333 0.466667 0.500000
0.533333 0.566667 0.600000 0.633333 0.666667 0.700000 0.733333 0.766667 0.800000 0.833333 0.866667 0.900000 0.933333 0.966667</float_array>
        <technique_common>
          <accessor source="#mixamorig_Spine1-Matrix-animation-input-array" count="30">
            <param name="TIME" type="float"/>
          </accessor>
        </technique_common>
      </source>
      <source id="mixamorig_Spine1-Matrix-animation-output-transform">
        <float_array id="mixamorig_Spine1-Matrix-animation-output-transform-array" count="480">

0.995240 0.097444 -0.001099 0.000000 -0.096568 0.984646 -0.145419 9.685800 -0.013088 0.144833 0.989370 0.000000 0.000000 0.000000 0.000000 1.000000
0.995219 0.097607 -0.003456 -0.000000 -0.097085 0.984791 -0.144087 9.685800 -0.010660 0.143734 0.989559 0.000000 0.000000 0.000000 0.000000 1.000000
0.995662 0.092657 -0.008450 -0.000000 -0.092924 0.985733 -0.140340 9.685800 -0.004674 0.140516 0.990067 -0.000000 0.000000 0.000000 0.000000 1.000000
0.996145 0.086583 -0.014076 -0.000000 -0.087695 0.986807 -0.136096 9.685800 0.002106 0.136806 0.990596 -0.000000 0.000000 0.000000 0.000000 1.000000
0.996775 0.077377 -0.021257 0.000000 -0.079498 0.988266 -0.130421 9.685800 0.010916 0.131691 0.991231 0.000000 0.000000 0.000000 0.000000 1.000000
0.997631 0.060754 -0.032285 -0.000000 -0.064258 0.990483 -0.121714 9.685800 0.024583 0.123500 0.992040 0.000000 0.000000 0.000000 0.000000 1.000000
0.998143 0.040653 -0.045366 0.000000 -0.045489 0.992753 -0.111231 9.685800 0.040515 0.113088 0.992759 0.000000 0.000000 0.000000 0.000000 1.000000
0.998096 0.021812 -0.057686 -0.000000 -0.027441 0.994742 -0.098671 9.685800 0.055231 0.100067 0.993447 0.000000 0.000000 0.000000 0.000000 1.000000
0.997756 0.001994 -0.066920 0.000000 -0.007649 0.996407 -0.084350 9.685800 0.066512 0.084673 0.994186 0.000000 0.000000 0.000000 0.000000 1.000000
0.996945 -0.014604 -0.076730 -0.000000 0.009321 0.997590 -0.068757 9.685800 0.077549 0.067832 0.994678 -0.000000 0.000000 0.000000 0.000000 1.000000
0.996516 -0.020447 -0.080852 0.000000 0.016607 0.998715 -0.047879 9.685800 0.081727 0.046370 0.995576 -0.000000 0.000000 0.000000 0.000000 1.000000
0.996436 -0.017375 -0.082540 -0.000000 0.015389 0.999578 -0.024642 9.685800 0.082934 0.023284 0.996283 0.000000 0.000000 0.000000 0.000000 1.000000
0.996836 -0.011112 -0.078710 0.000000 0.011086 0.999938 -0.000770 9.685800 0.078713 -0.000105 0.996897 0.000000 0.000000 0.000000 0.000000 1.000000
0.997340 -0.005018 -0.072715 -0.000000 0.006127 0.999868 0.015038 9.685800 0.072630 -0.015443 0.997239 0.000000 0.000000 0.000000 0.000000 1.000000
0.997695 -0.003212 -0.067788 0.000000 0.004520 0.999806 0.019152 9.685800 0.067713 -0.019415 0.997516 0.000000 0.000000 0.000000 0.000000 1.000000
0.997661 -0.004371 -0.068211 0.000000 0.005616 0.999821 0.018076 9.685800 0.068120 -0.018417 0.997507 0.000000 0.000000 0.000000 0.000000 1.000000
0.997567 -0.003178 -0.069643 -0.000000 0.004324 0.999858 0.016303 9.685800 0.069581 -0.016565 0.997439 -0.000000 0.000000 0.000000 0.000000 1.000000
0.997499 -0.003089 -0.070612 0.000000 0.003972 0.999916 0.012369 9.685800 0.070568 -0.012619 0.997427 0.000000 0.000000 0.000000 0.000000 1.000000
0.997335 -0.002841 -0.072907 0.000000 0.003342 0.999972 0.006757 9.685800 0.072885 -0.006983 0.997316 0.000000 0.000000 0.000000 0.000000 1.000000
0.997115 -0.001974 -0.075878 -0.000000 0.002126 0.999996 0.001925 9.685800 0.075874 -0.002081 0.997115 0.000000 0.000000 0.000000 0.000000 1.000000
0.996878 -0.000784 -0.078952 -0.000000 0.000567 0.999996 -0.002775 9.685800 0.078954 0.002722 0.996875 0.000000 0.000000 0.000000 0.000000 1.000000
0.996645 0.001494 -0.081831 0.000000 -0.002124 0.999969 -0.007620 9.685800 0.081817 0.007768 0.996617 0.000000 0.000000 0.000000 0.000000 1.000000
0.996412 0.006625 -0.084375 0.000000 -0.007561 0.999913 -0.010785 9.685800 0.084297 0.011385 0.996376 0.000000 0.000000 0.000000 0.000000 1.000000
0.996161 0.012431 -0.086655 -0.000000 -0.013654 0.999815 -0.013528 9.685800 0.086471 0.014659 0.996147 0.000000 0.000000 0.000000 0.000000 1.000000
0.995958 0.018810 -0.087830 0.000000 -0.020286 0.999667 -0.015938 9.685800 0.087501 0.017655 0.996008 0.000000 0.000000 0.000000 0.000000 1.000000
0.995752 0.025243 -0.088545 -0.000000 -0.026813 0.999503 -0.016592 9.685800 0.088082 0.018896 0.995934 -0.000000 0.000000 0.000000 0.000000 1.000000
0.995507 0.031730 -0.089216 0.000000 -0.033374 0.999298 -0.016997 9.685800 0.088614 0.019898 0.995867 -0.000000 0.000000 0.000000 0.000000 1.000000
0.995229 0.038087 -0.089825 -0.000000 -0.039794 0.999058 -0.017286 9.685800 0.089082 0.020778 0.995808 0.000000 0.000000 0.000000 0.000000 1.000000
0.994931 0.044129 -0.090355 0.000000 -0.045898 0.998791 -0.017596 9.685800 0.089470 0.021654 0.995754 0.000000 0.000000 0.000000 0.000000 1.000000
0.994770 0.047937 -0.090196 0.000000 -0.049738 0.998603 -0.017828 9.685800 0.089216 0.022221 0.995764 0.000000 0.000000 0.000000 0.000000 1.000000</float_array>
        <technique_common>
          <accessor source="#mixamorig_Spine1-Matrix-animation-output-transform-array" count="30" stride="16">
            <param type="float4x4"/>
          </accessor>
        </technique_common>
      </source>
      <source id="mixamorig_Spine1-Interpolations">
        <Name_array id="mixamorig_Spine1-Interpolations-array" count="30">
 LINEAR LINEAR LINEAR LINEAR LINEAR LINEAR LINEAR LINEAR LINEAR LINEAR LINEAR
LINEAR LINEAR LINEAR LINEAR LINEAR LINEAR LINEAR LINEAR LINEAR LINEAR LINEAR LINEAR
LINEAR LINEAR LINEAR LINEAR LINEAR LINEAR LINEAR</Name_array>
        <technique_common>
          <accessor source="#mixamorig_Spine1-Interpolations-array" count="30">
            <param type="name"/>
          </accessor>
        </technique_common>
      </source>
      <sampler id="mixamorig_Spine1-Matrix-animation-transform">
        <input semantic="INPUT" source="#mixamorig_Spine1-Matrix-animation-input"/>
        <input semantic="OUTPUT" source="#mixamorig_Spine1-Matrix-animation-output-transform"/>
        <input semantic="INTERPOLATION" source="#mixamorig_Spine1-Interpolations"/>
      </sampler>
      <channel source="#mixamorig_Spine1-Matrix-animation-transform" target="mixamorig_Spine1/matrix"/>
    </animation>
    <animation id="mixamorig_Spine2-anim" name="mixamorig_Spine2">
      <source id="mixamorig_Spine2-Matrix-animation-input">
        <float_array id="mixamorig_Spine2-Matrix-animation-input-array" count="30">

0.000000 0.033333 0.066667 0.100000 0.133333 0.166667 0.200000 0.233333 0.266667 0.300000 0.333333 0.366667 0.400000 0.433333 0.466667 0.500000
0.533333 0.566667 0.600000 0.633333 0.666667 0.700000 0.733333 0.766667 0.800000 0.833333 0.866667 0.900000 0.933333 0.966667</float_array>
        <technique_common>
          <accessor source="#mixamorig_Spine2-Matrix-animation-input-array" count="30">
            <param name="TIME" type="float"/>
          </accessor>
        </technique_common>
      </source>
      <source id="mixamorig_Spine2-Matrix-animation-output-transform">
        <float_array id="mixamorig_Spine2-Matrix-animation-output-transform-array" count="480">

0.995241 0.097442 0.000487 0.000000 -0.096539 0.986672 -0.130994 15.875400 -0.013245 0.130324 0.991383 0.000000 0.000000 0.000000 0.000000 1.000000
0.995374 0.096077 -0.000843 -0.000000 -0.095374 0.986942 -0.129805 15.875400 -0.011640 0.129285 0.991539 -0.000000 0.000000 0.000000 0.000000 1.000000
0.995882 0.090491 -0.005435 0.000000 -0.090451 0.987858 -0.126313 15.875400 -0.006062 0.126285 0.991976 0.000000 0.000000 0.000000 0.000000 1.000000
0.996414 0.083919 -0.010763 0.000000 -0.084606 0.988872 -0.122371 15.875400 0.000374 0.122843 0.992426 -0.000000 0.000000 0.000000 0.000000 1.000000
0.997118 0.073830 -0.017440 0.000000 -0.075372 0.990227 -0.117343 15.875400 0.008606 0.118319 0.992938 -0.000000 0.000000 0.000000 0.000000 1.000000
0.998097 0.055269 -0.027358 -0.000000 -0.057962 0.992227 -0.110114 15.875400 0.021059 0.111490 0.993542 -0.000000 0.000000 0.000000 0.000000 1.000000
0.998697 0.032760 -0.039129 0.000000 -0.036591 0.994154 -0.101577 15.875400 0.035572 0.102877 0.994058 0.000000 0.000000 0.000000 0.000000 1.000000
0.998649 0.011822 -0.050598 -0.000000 -0.016404 0.995706 -0.091112 15.875400 0.049304 0.091819 0.994554 -0.000000 0.000000 0.000000 0.000000 1.000000
0.998181 -0.007165 -0.059863 0.000000 0.002440 0.996900 -0.078646 15.875400 0.060241 0.078357 0.995104 -0.000000 0.000000 0.000000 0.000000 1.000000
0.997433 -0.023243 -0.067728 -0.000000 0.018879 0.997747 -0.064377 15.875400 0.069072 0.062934 0.995625 0.000000 0.000000 0.000000 0.000000 1.000000
0.996842 -0.032947 -0.072249 0.000000 0.029795 0.998575 -0.044285 15.875400 0.073605 0.041993 0.996403 -0.000000 0.000000 0.000000 0.000000 1.000000
0.996649 -0.033013 -0.074844 0.000000 0.031535 0.999285 -0.020856 15.875400 0.075479 0.018426 0.996977 0.000000 0.000000 0.000000 0.000000 1.000000
0.996942 -0.026449 -0.073529 -0.000000 0.026790 0.999634 0.003653 15.875400 0.073406 -0.005612 0.997286 0.000000 0.000000 0.000000 0.000000 1.000000
0.997489 -0.017657 -0.068583 -0.000000 0.019070 0.999618 0.020007 15.875400 0.068204 -0.021265 0.997445 0.000000 0.000000 0.000000 0.000000 1.000000
0.997925 -0.011252 -0.063395 -0.000000 0.012728 0.999656 0.022934 15.875400 0.063116 -0.023694 0.997725 0.000000 0.000000 0.000000 0.000000 1.000000
0.998035 -0.006700 -0.062297 -0.000000 0.008070 0.999730 0.021769 15.875400 0.062134 -0.022229 0.997820 0.000000 0.000000 0.000000 0.000000 1.000000
0.997902 0.000886 -0.064736 -0.000000 0.000534 0.999760 0.021910 15.875400 0.064740 -0.021898 0.997662 -0.000000 0.000000 0.000000 0.000000 1.000000
0.997721 0.007631 -0.067042 0.000000 -0.006266 0.999769 0.020541 15.875400 0.067183 -0.020074 0.997539 -0.000000 0.000000 0.000000 0.000000 1.000000
0.997381 0.014232 -0.070908 0.000000 -0.013001 0.999757 0.017791 15.875400 0.071144 -0.016823 0.997324 0.000000 0.000000 0.000000 0.000000 1.000000
0.996941 0.020497 -0.075422 0.000000 -0.019365 0.999689 0.015712 15.875400 0.075721 -0.014204 0.997028 -0.000000 0.000000 0.000000 0.000000 1.000000
0.996447 0.026569 -0.079926 -0.000000 -0.025561 0.999581 0.013617 15.875400 0.080254 -0.011526 0.996708 0.000000 0.000000 0.000000 0.000000 1.000000
0.995977 0.032088 -0.083665 0.000000 -0.031311 0.999454 0.010581 15.875400 0.083958 -0.007919 0.996438 0.000000 0.000000 0.000000 0.000000 1.000000
0.995563 0.037766 -0.086190 0.000000 -0.037218 0.999275 0.007956 15.875400 0.086428 -0.004713 0.996247 0.000000 0.000000 0.000000 0.000000 1.000000
0.995165 0.043128 -0.088246 0.000000 -0.042819 0.999068 0.005388 15.875400 0.088396 -0.001583 0.996084 0.000000 0.000000 0.000000 0.000000 1.000000
0.994926 0.046789 -0.089072 0.000000 -0.046742 0.998904 0.002610 15.875400 0.089096 0.001567 0.996022 0.000000 0.000000 0.000000 0.000000 1.000000
0.994801 0.048674 -0.089451 -0.000000 -0.048754 0.998810 0.001286 15.875400 0.089407 0.003082 0.995990 0.000000 0.000000 0.000000 0.000000 1.000000
0.994688 0.050348 -0.089785 0.000000 -0.050538 0.998722 0.000162 15.875400 0.089679 0.004376 0.995961 0.000000 0.000000 0.000000 0.000000 1.000000
0.994588 0.051815 -0.090054 0.000000 -0.052105 0.998641 -0.000866 15.875400 0.089887 0.005553 0.995936 0.000000 0.000000 0.000000 0.000000 1.000000
0.994505 0.053077 -0.090237 0.000000 -0.053467 0.998568 -0.001904 15.875400 0.090007 0.006718 0.995918 0.000000 0.000000 0.000000 0.000000 1.000000
0.994579 0.052596 -0.089707 -0.000000 -0.053059 0.998587 -0.002788 15.875400 0.089433 0.007533 0.995964 0.000000 0.000000 0.000000 0.000000 1.000000</float_array>
        <technique_common>
          <accessor source="#mixamorig_Spine2-Matrix-animation-output-transform-array" count="30" stride="16">
            <param type="float4x4"/>
          </accessor>
        </technique_common>
      </source>
      <source id="mixamorig_Spine2-Interpolations">
        <Name_array id="mixamorig_Spine2-Interpolations-array" count="30">
 LINEAR LINEAR LINEAR LINEAR LINEAR LINEAR LINEAR LINEAR LINEAR LINEAR LINEAR
LINEAR LINEAR LINEAR LINEAR LINEAR LINEAR LINEAR LINEAR LINEAR LINEAR LINEAR LINEAR
LINEAR LINEAR LINEAR LINEAR LINEAR LINEAR LINEAR</Name_array>
        <technique_common>
          <accessor source="#mixamorig_Spine2-Interpolations-array" count="30">
            <param type="name"/>
          </accessor>
        </technique_common>
      </source>
      <sampler id="mixamorig_Spine2-Matrix-animation-transform">
        <input semantic="INPUT" source="#mixamorig_Spine2-Matrix-animation-input"/>
        <input semantic="OUTPUT" source="#mixamorig_Spine2-Matrix-animation-output-transform"/>
        <input semantic="INTERPOLATION" source="#mixamorig_Spine2-Interpolations"/>
      </sampler>
      <channel source="#mixamorig_Spine2-Matrix-animation-transform" target="mixamorig_Spine2/matrix"/>
    </animation>
    <animation id="mixamorig_Neck-anim" name="mixamorig_Neck">
      <source id="mixamorig_Neck-Matrix-animation-input">
        <float_array id="mixamorig_Neck-Matrix-animation-input-array" count="30">

0.000000 0.033333 0.066667 0.100000 0.133333 0.166667 0.200000 0.233333 0.266667 0.300000 0.333333 0.366667 0.400000 0.433333 0.466667 0.500000
0.533333 0.566667 0.600000 0.633333 0.666667 0.700000 0.733333 0.766667 0.800000 0.833333 0.866667 0.900000 0.933333 0.966667</float_array>
        <technique_common>
          <accessor source="#mixamorig_Neck-Matrix-animation-input-array" count="30">
            <param name="TIME" type="float"/>
          </accessor>
        </technique_common>
      </source>
      <source id="mixamorig_Neck-Matrix-animation-output-transform">
        <float_array id="mixamorig_Neck-Matrix-animation-output-transform-array" count="480">

0.885839 -0.189304 0.423620 0.000000 0.042158 0.942049 0.332817 26.173401 -0.462074 -0.276963 0.842484 -0.161200 0.000000 0.000000 0.000000 1.000000
0.886241 -0.184847 0.424746 -0.000000 0.036972 0.942233 0.332911 26.173401 -0.461747 -0.279336 0.841879 -0.161200 0.000000 0.000000 0.000000 1.000000
0.887324 -0.178253 0.425302 0.000000 0.028885 0.941944 0.334525 26.173401 -0.460241 -0.284547 0.840959 -0.161200 0.000000 0.000000 0.000000 1.000000
0.888475 -0.171322 0.425748 -0.000000 0.020316 0.941480 0.336456 26.173401 -0.458476 -0.290283 0.839962 -0.161200 0.000000 0.000000 0.000000 1.000000
0.889812 -0.165468 0.425271 0.000000 0.013019 0.940767 0.338802 26.173401 -0.456142 -0.295934 0.839260 -0.161200 0.000000 0.000000 0.000000 1.000000
0.891703 -0.161874 0.422684 0.000000 0.008359 0.939590 0.342199 26.173401 -0.452543 -0.301607 0.839189 -0.161200 0.000000 0.000000 0.000000 1.000000
0.893946 -0.160561 0.418427 -0.000000 0.006644 0.938269 0.345844 26.173401 -0.448126 -0.306385 0.839828 -0.161200 0.000000 0.000000 0.000000 1.000000
0.896394 -0.164720 0.411515 0.000000 0.012518 0.937425 0.347962 26.173401 -0.443081 -0.306760 0.842365 -0.161200 0.000000 0.000000 0.000000 1.000000
0.898955 -0.173120 0.402380 0.000000 0.022783 0.935824 0.351730 26.173401 -0.437448 -0.307023 0.845208 -0.161200 0.000000 0.000000 0.000000 1.000000
0.901554 -0.183640 0.391762 0.000000 0.033777 0.932567 0.359414 26.173401 -0.431347 -0.310799 0.846962 -0.161200 0.000000 0.000000 0.000000 1.000000
0.904175 -0.194214 0.380458 0.000000 0.041193 0.926157 0.374881 26.173401 -0.425171 -0.323286 0.845408 -0.161200 0.000000 0.000000 0.000000 1.000000
0.906892 -0.202803 0.369347 0.000000 0.045104 0.918241 0.393445 26.173401 -0.418942 -0.340153 0.841893 -0.161200 0.000000 0.000000 0.000000 1.000000
0.909856 -0.207381 0.359383 -0.000000 0.048329 0.913211 0.404612 26.173401 -0.412101 -0.350770 0.840912 -0.161200 0.000000 0.000000 0.000000 1.000000
0.913006 -0.208824 0.350446 -0.000000 0.055411 0.914570 0.400614 26.173401 -0.404165 -0.346345 0.846579 -0.161200 0.000000 0.000000 0.000000 1.000000
0.916148 -0.209371 0.341814 0.000000 0.066145 0.920018 0.386253 26.173401 -0.395345 -0.331256 0.856722 -0.161200 0.000000 0.000000 0.000000 1.000000
0.919224 -0.209152 0.333591 0.000000 0.078757 0.927795 0.364683 26.173401 -0.385778 -0.308953 0.869323 -0.161200 0.000000 0.000000 0.000000 1.000000
0.922188 -0.208278 0.325868 0.000000 0.092033 0.936576 0.338163 26.173401 -0.375632 -0.281860 0.882868 -0.161200 0.000000 0.000000 0.000000 1.000000
0.924992 -0.206872 0.318739 0.000000 0.104906 0.945241 0.309054 26.173401 -0.365219 -0.252435 0.896042 -0.161200 0.000000 0.000000 0.000000 1.000000
0.927601 -0.205050 0.312266 0.000000 0.116438 0.952950 0.279873 26.173401 -0.354962 -0.223251 0.907833 -0.161200 0.000000 0.000000 0.000000 1.000000
0.930072 -0.202647 0.306431 0.000000 0.126536 0.959772 0.250653 26.173401 -0.344898 -0.194351 0.918299 -0.161200 0.000000 0.000000 0.000000 1.000000
0.932359 -0.200382 0.300921 0.000000 0.136102 0.965654 0.221334 26.173401 -0.334937 -0.165407 0.927609 -0.161200 0.000000 0.000000 0.000000 1.000000
0.934494 -0.197707 0.296029 -0.000000 0.144306 0.970592 0.192682 26.173401 -0.325418 -0.137342 0.935543 -0.161200 0.000000 0.000000 0.000000 1.000000
0.936421 -0.194854 0.291801 0.000000 0.150290 0.974220 0.168250 26.173401 -0.317062 -0.113698 0.941565 -0.161200 0.000000 0.000000 0.000000 1.000000
0.938205 -0.192144 0.287840 0.000000 0.155649 0.977122 0.144934 26.173401 -0.309103 -0.091176 0.946648 -0.161200 0.000000 0.000000 0.000000 1.000000
0.939765 -0.189441 0.284523 -0.000000 0.160064 0.979363 0.123397 26.173401 -0.302028 -0.070422 0.950694 -0.161200 0.000000 0.000000 0.000000 1.000000
0.940897 -0.187131 0.282303 0.000000 0.163528 0.980914 0.105195 26.173401 -0.296600 -0.052813 0.953540 -0.161200 0.000000 0.000000 0.000000 1.000000
0.941948 -0.184964 0.280217 -0.000000 0.166881 0.982105 0.087293 26.173401 -0.291349 -0.035463 0.955959 -0.161200 0.000000 0.000000 0.000000 1.000000
0.942912 -0.182984 0.278268 0.000000 0.170128 0.982941 0.069885 26.173401 -0.286308 -0.018555 0.957958 -0.161200 0.000000 0.000000 0.000000 1.000000
0.943784 -0.181230 0.276455 -0.000000 0.173272 0.983438 0.053165 26.173401 -0.281512 -0.002274 0.959555 -0.161200 0.000000 0.000000 0.000000 1.000000
0.944184 -0.180289 0.275705 0.000000 0.175506 0.983576 0.042140 26.173401 -0.278774 0.008600 0.960318 -0.161200 0.000000 0.000000 0.000000 1.000000</float_array>
        <technique_common>
          <accessor source="#mixamorig_Neck-Matrix-animation-output-transform-array" count="30" stride="16">
            <param type="float4x4"/>
          </accessor>
        </technique_common>
      </source>
      <source id="mixamorig_Neck-Interpolations">
        <Name_array id="mixamorig_Neck-Interpolations-array" count="30">
 LINEAR LINEAR LINEAR LINEAR LINEAR LINEAR LINEAR LINEAR LINEAR LINEAR LINEAR
LINEAR LINEAR LINEAR LINEAR LINEAR LINEAR LINEAR LINEAR LINEAR LINEAR LINEAR LINEAR
LINEAR LINEAR LINEAR LINEAR LINEAR LINEAR LINEAR</Name_array>
        <technique_common>
          <accessor source="#mixamorig_Neck-Interpolations-array" count="30">
            <param type="name"/>
          </accessor>
        </technique_common>
      </source>
      <sampler id="mixamorig_Neck-Matrix-animation-transform">
        <input semantic="INPUT" source="#mixamorig_Neck-Matrix-animation-input"/>
        <input semantic="OUTPUT" source="#mixamorig_Neck-Matrix-animation-output-transform"/>
        <input semantic="INTERPOLATION" source="#mixamorig_Neck-Interpolations"/>
      </sampler>
      <channel source="#mixamorig_Neck-Matrix-animation-transform" target="mixamorig_Neck/matrix"/>
    </animation>
    <animation id="mixamorig_Head-anim" name="mixamorig_Head">
      <source id="mixamorig_Head-Matrix-animation-input">
        <float_array id="mixamorig_Head-Matrix-animation-input-array" count="30">

0.000000 0.033333 0.066667 0.100000 0.133333 0.166667 0.200000 0.233333 0.266667 0.300000 0.333333 0.366667 0.400000 0.433333 0.466667 0.500000
0.533333 0.566667 0.600000 0.633333 0.666667 0.700000 0.733333 0.766667 0.800000 0.833333 0.866667 0.900000 0.933333 0.966667</float_array>
        <technique_common>
          <accessor source="#mixamorig_Head-Matrix-animation-input-array" count="30">
            <param name="TIME" type="float"/>
          </accessor>
        </technique_common>
      </source>
      <source id="mixamorig_Head-Matrix-animation-output-transform">
        <float_array id="mixamorig_Head-Matrix-animation-output-transform-array" count="480">

0.901428 0.050537 0.429970 0.000000 -0.058175 0.998296 0.004629 14.369300 -0.429003 -0.029186 0.902831 0.127800 0.000000 0.000000 0.000000 1.000000
0.902494 0.046597 0.428175 -0.000000 -0.055451 0.998428 0.008222 14.369300 -0.427118 -0.031163 0.903659 0.127800 0.000000 0.000000 0.000000 1.000000
0.904092 0.043511 0.425116 0.000000 -0.053829 0.998475 0.012281 14.369300 -0.423933 -0.033987 0.905056 0.127800 0.000000 0.000000 0.000000 1.000000
0.905854 0.040731 0.421628 -0.000000 -0.052513 0.998486 0.016363 14.369300 -0.420323 -0.036964 0.906621 0.127800 0.000000 0.000000 0.000000 1.000000
0.908792 0.040002 0.415328 0.000000 -0.052876 0.998410 0.019538 14.369300 -0.413886 -0.039717 0.909462 0.127800 0.000000 0.000000 0.000000 1.000000
0.914314 0.043750 0.402637 -0.000000 -0.056763 0.998178 0.020437 14.369300 -0.401009 -0.041541 0.915132 0.127800 0.000000 0.000000 0.000000 1.000000
0.921263 0.051004 0.385583 -0.000000 -0.063907 0.997741 0.020711 14.369300 -0.383655 -0.043722 0.922441 0.127800 0.000000 0.000000 0.000000 1.000000
0.929262 0.063756 0.363879 0.000000 -0.077362 0.996740 0.022924 14.369300 -0.361231 -0.049452 0.931164 0.127800 0.000000 0.000000 0.000000 1.000000
0.935984 0.079336 0.342986 -0.000000 -0.092080 0.995530 0.021004 14.369300 -0.339786 -0.051241 0.939106 0.127800 0.000000 0.000000 0.000000 1.000000
0.940770 0.091900 0.326352 0.000000 -0.102746 0.994577 0.016113 14.369300 -0.323101 -0.048690 0.945111 0.127800 0.000000 0.000000 0.000000 1.000000
0.944562 0.099846 0.312782 -0.000000 -0.106294 0.994328 0.003586 14.369300 -0.310650 -0.036634 0.949818 0.127800 0.000000 0.000000 0.000000 1.000000
0.947491 0.100450 0.303595 0.000000 -0.102687 0.994676 -0.008630 14.369300 -0.302846 -0.022998 0.952762 0.127800 0.000000 0.000000 0.000000 1.000000
0.949430 0.098633 0.298085 0.000000 -0.099146 0.994982 -0.013440 14.369300 -0.297915 -0.016794 0.954445 0.127800 0.000000 0.000000 0.000000 1.000000
0.950019 0.099703 0.295843 0.000000 -0.102553 0.994710 -0.005908 14.369300 -0.294867 -0.024727 0.955218 0.127800 0.000000 0.000000 0.000000 1.000000
0.948973 0.102749 0.298150 -0.000000 -0.109612 0.993954 0.006342 14.369300 -0.295695 -0.038699 0.954498 0.127800 0.000000 0.000000 0.000000 1.000000
0.948154 0.107232 0.299176 -0.000000 -0.118981 0.992669 0.021279 14.369300 -0.294701 -0.055772 0.953961 0.127800 0.000000 0.000000 0.000000 1.000000
0.945912 0.114361 0.303600 0.000000 -0.132665 0.990342 0.040293 14.369300 -0.296060 -0.078391 0.951947 0.127800 0.000000 0.000000 0.000000 1.000000
0.940426 0.120534 0.317917 -0.000000 -0.147599 0.987079 0.062372 14.369300 -0.306291 -0.105580 0.946065 0.127800 0.000000 0.000000 0.000000 1.000000
0.933650 0.124846 0.335725 0.000000 -0.161514 0.983332 0.083499 14.369300 -0.319705 -0.132183 0.938252 0.127800 0.000000 0.000000 0.000000 1.000000
0.927923 0.126229 0.350749 0.000000 -0.171771 0.979864 0.101791 14.369300 -0.330837 -0.154703 0.930921 0.127800 0.000000 0.000000 0.000000 1.000000
0.922425 0.126559 0.364850 0.000000 -0.181139 0.976190 0.119342 14.369300 -0.341059 -0.176172 0.923386 0.127800 0.000000 0.000000 0.000000 1.000000
0.917597 0.126299 0.376915 0.000000 -0.190060 0.972176 0.136934 14.369300 -0.349133 -0.197287 0.916070 0.127800 0.000000 0.000000 0.000000 1.000000
0.913558 0.120981 0.388299 0.000000 -0.193409 0.969100 0.153098 14.369300 -0.357778 -0.214964 0.908727 0.127800 0.000000 0.000000 0.000000 1.000000
0.909632 0.114796 0.399238 -0.000000 -0.196028 0.965945 0.168888 14.369300 -0.366254 -0.231888 0.901158 0.127800 0.000000 0.000000 0.000000 1.000000
0.905705 0.110431 0.409271 -0.000000 -0.200647 0.962149 0.184417 14.369300 -0.373415 -0.249147 0.893581 0.127800 0.000000 0.000000 0.000000 1.000000
0.902724 0.107421 0.416594 0.000000 -0.204566 0.959032 0.195987 14.369300 -0.378473 -0.262144 0.887715 0.127800 0.000000 0.000000 0.000000 1.000000
0.899808 0.104412 0.423607 0.000000 -0.208368 0.955895 0.206995 14.369300 -0.383312 -0.274522 0.881879 0.127800 0.000000 0.000000 0.000000 1.000000
0.897009 0.101470 0.430208 -0.000000 -0.212097 0.952733 0.217519 14.369300 -0.387802 -0.286362 0.876131 0.127800 0.000000 0.000000 0.000000 1.000000
0.894377 0.098667 0.436297 -0.000000 -0.215798 0.949533 0.227638 14.369300 -0.391818 -0.297746 0.870532 0.127800 0.000000 0.000000 0.000000 1.000000
0.893350 0.098212 0.438497 -0.000000 -0.219377 0.946954 0.234843 14.369300 -0.392173 -0.305993 0.867507 0.127800 0.000000 0.000000 0.000000 1.000000</float_array>
        <technique_common>
          <accessor source="#mixamorig_Head-Matrix-animation-output-transform-array" count="30" stride="16">
            <param type="float4x4"/>
          </accessor>
        </technique_common>
      </source>
      <source id="mixamorig_Head-Interpolations">
        <Name_array id="mixamorig_Head-Interpolations-array" count="30">
 LINEAR LINEAR LINEAR LINEAR LINEAR LINEAR LINEAR LINEAR LINEAR LINEAR LINEAR
LINEAR LINEAR LINEAR LINEAR LINEAR LINEAR LINEAR LINEAR LINEAR LINEAR LINEAR LINEAR
LINEAR LINEAR LINEAR LINEAR LINEAR LINEAR LINEAR</Name_array>
        <technique_common>
          <accessor source="#mixamorig_Head-Interpolations-array" count="30">
            <param type="name"/>
          </accessor>
        </technique_common>
      </source>
      <sampler id="mixamorig_Head-Matrix-animation-transform">
        <input semantic="INPUT" source="#mixamorig_Head-Matrix-animation-input"/>
        <input semantic="OUTPUT" source="#mixamorig_Head-Matrix-animation-output-transform"/>
        <input semantic="INTERPOLATION" source="#mixamorig_Head-Interpolations"/>
