<?xml version="1.0" encoding="utf-8"?>
<COLLADA xmlns="http://www.collada.org/2005/11/COLLADASchema" version="1.4.1">
  <asset>
    <contributor>
      <author>Mixamo</author>
      <authoring_tool>COLLADA Mixamo exporter</authoring_tool>
      <comments/>
    </contributor>
    <created>2025-11-14T05:17:21Z</created>
    <modified>2025-11-14T05:17:21Z</modified>
    <revision/>
    <title/>
    <unit meter="0.010000"/>
    <up_axis>Y_UP</up_axis>
  </asset>
  <library_animations>
    <animation id="mixamorig_Hips-anim" name="mixamorig_Hips">
      <source id="mixamorig_Hips-Matrix-animation-input">
        <float_array id="mixamorig_Hips-Matrix-animation-input-array" count="73">

0.000000 0.033333 0.066667 0.100000 0.133333 0.166667 0.200000 0.233333 0.266667 0.300000 0.333333 0.366667 0.400000 0.433333 0.466667 0.500000
0.533333 0.566667 0.600000 0.633333 0.666667 0.700000 0.733333 0.766667 0.800000 0.833333 0.866667 0.900000 0.933333 0.966667 1.000000 1.033333
1.066667 1.100000 1.133333 1.166667 1.200000 1.233333 1.266667 1.300000 1.333333 1.366667 1.400000 1.433333 1.466667 1.500000 1.533333 1.566667
1.600000 1.633333 1.666667 1.700000 1.733333 1.766667 1.800000 1.833333 1.866667 1.900000 1.933333 1.966667 2.000000 2.033333 2.066667 2.100000
2.133333 2.166667 2.200000 2.233333 2.266667 2.300000 2.333333 2.366667 2.400000</float_array>
        <technique_common>
          <accessor source="#mixamorig_Hips-Matrix-animation-input-array" count="73">
            <param name="TIME" type="float"/>
          </accessor>
        </technique_common>
      </source>
      <source id="mixamorig_Hips-Matrix-animation-output-transform">
        <float_array id="mixamorig_Hips-Matrix-animation-output-transform-array" count="1168">

0.522569 -0.060166 -0.850471 0.204936 0.069742 0.997181 -0.027692 100.640846 0.849740 -0.044842 0.525292 -0.652182 0.000000 0.000000 0.000000 1.000000
0.497705 -0.069242 -0.864578 -0.034027 0.079001 0.996284 -0.034311 100.646645 0.863741 -0.051226 0.501326 -1.075858 0.000000 0.000000 0.000000 1.000000
0.472351 -0.077910 -0.877960 -0.272990 0.087008 0.995342 -0.041515 100.652451 0.877105 -0.056780 0.476930 -1.499535 0.000000 0.000000 0.000000 1.000000
0.438496 -0.086217 -0.894588 -0.549107 0.098935 0.993969 -0.047301 100.622734 0.893271 -0.067765 0.444381 -1.945766 0.000000 0.000000 0.000000 1.000000
0.384375 -0.092321 -0.918549 -0.898319 0.115937 0.991937 -0.051182 100.495880 0.915868 -0.086821 0.391979 -2.452490 0.000000 0.000000 0.000000 1.000000
0.316407 -0.094597 -0.943895 -1.330454 0.131522 0.989780 -0.055108 100.344299 0.939462 -0.106706 0.325615 -2.977314 0.000000 0.000000 0.000000 1.000000
0.235283 -0.091217 -0.967637 -1.967871 0.146991 0.987474 -0.057346 100.296463 0.960747 -0.128742 0.245744 -3.449439 0.000000 0.000000 0.000000 1.000000
0.156597 -0.084628 -0.984030 -2.871903 0.158263 0.985598 -0.059577 100.331085 0.974900 -0.146406 0.167735 -3.929905 0.000000 0.000000 0.000000 1.000000
0.086958 -0.072537 -0.993568 -4.026620 0.167930 0.984141 -0.057151 100.472191 0.981956 -0.161880 0.097761 -4.453225 0.000000 0.000000 0.000000 1.000000
0.018840 -0.057041 -0.998194 -5.315038 0.174426 0.983249 -0.052895 100.701538 0.984490 -0.173114 0.028474 -4.939013 0.000000 0.000000 0.000000 1.000000
-0.056612 -0.038093 -0.997669 -6.650326 0.177155 0.983032 -0.047586 100.890411 0.982553 -0.179436 -0.048904 -5.336980 0.000000 0.000000 0.000000 1.000000
-0.138157 -0.019676 -0.990215 -8.074307 0.180062 0.982641 -0.044648 100.851486 0.973905 -0.184469 -0.132215 -5.662134 0.000000 0.000000 0.000000 1.000000
-0.219001 -0.010621 -0.975667 -9.539708 0.186062 0.981137 -0.052445 100.654037 0.957820 -0.193020 -0.212894 -5.844574 0.000000 0.000000 0.000000 1.000000
-0.297302 -0.010467 -0.954726 -11.020673 0.192891 0.978663 -0.070796 100.334541 0.935096 -0.205206 -0.288940 -5.826092 0.000000 0.000000 0.000000 1.000000
-0.372025 -0.014780 -0.928105 -12.514457 0.196709 0.975908 -0.094391 99.954575 0.907140 -0.217682 -0.360155 -5.616544 0.000000 0.000000 0.000000 1.000000
-0.436706 -0.021165 -0.899355 -13.914051 0.198559 0.972800 -0.119309 99.514656 0.877418 -0.230678 -0.420625 -5.273381 0.000000 0.000000 0.000000 1.000000
-0.489362 -0.026737 -0.871671 -15.112267 0.200336 0.969352 -0.142204 98.973839 0.848758 -0.244217 -0.469007 -4.820432 0.000000 0.000000 0.000000 1.000000
-0.533298 -0.032547 -0.845301 -16.130959 0.200225 0.966008 -0.163517 98.510483 0.821890 -0.256454 -0.508654 -4.289814 0.000000 0.000000 0.000000 1.000000
-0.568230 -0.040173 -0.821888 -16.923376 0.198080 0.962760 -0.184006 98.054077 0.798673 -0.267357 -0.539111 -3.668448 0.000000 0.000000 0.000000 1.000000
-0.590274 -0.047231 -0.805820 -17.419836 0.197284 0.959571 -0.200756 97.520058 0.782723 -0.277476 -0.557092 -2.957688 0.000000 0.000000 0.000000 1.000000
-0.600114 -0.053827 -0.798101 -17.642452 0.198671 0.956442 -0.213891 96.979675 0.774850 -0.286919 -0.563280 -2.145823 0.000000 0.000000 0.000000 1.000000
-0.603797 -0.062013 -0.794722 -17.683180 0.199932 0.953321 -0.226289 96.461113 0.771658 -0.295523 -0.563214 -1.225764 0.000000 0.000000 0.000000 1.000000
-0.603656 -0.069744 -0.794188 -17.548187 0.200552 0.950848 -0.235939 95.952789 0.771607 -0.301702 -0.559998 -0.237719 0.000000 0.000000 0.000000 1.000000
-0.596319 -0.077019 -0.799045 -17.197861 0.200428 0.949577 -0.241106 95.449165 0.777324 -0.303927 -0.550813 0.742993 0.000000 0.000000 0.000000 1.000000
-0.577381 -0.089014 -0.811608 -16.660378 0.197928 0.949130 -0.244904 94.910004 0.792121 -0.302042 -0.530391 1.673231 0.000000 0.000000 0.000000 1.000000
-0.542559 -0.106527 -0.833236 -15.879856 0.192943 0.949602 -0.247039 94.213776 0.817559 -0.294800 -0.494662 2.557518 0.000000 0.000000 0.000000 1.000000
-0.490430 -0.125091 -0.862456 -14.851946 0.187232 0.951411 -0.244461 93.507515 0.851130 -0.281370 -0.443179 3.348625 0.000000 0.000000 0.000000 1.000000
-0.424629 -0.142535 -0.894077 -13.654837 0.181328 0.954132 -0.238228 92.787186 0.887023 -0.263279 -0.379307 4.074271 0.000000 0.000000 0.000000 1.000000
-0.348504 -0.158358 -0.923833 -12.355982 0.174304 0.957483 -0.229880 92.013199 0.920958 -0.241142 -0.306084 4.699236 0.000000 0.000000 0.000000 1.000000
-0.262100 -0.171950 -0.949598 -10.988001 0.161585 0.962287 -0.218847 91.161980 0.951417 -0.210801 -0.224431 5.181356 0.000000 0.000000 0.000000 1.000000
-0.158940 -0.178495 -0.971019 -9.611041 0.141597 0.969232 -0.201343 90.309296 0.977082 -0.169495 -0.128776 5.539022 0.000000 0.000000 0.000000 1.000000
-0.024705 -0.169683 -0.985189 -8.244198 0.121599 0.977662 -0.171436 89.875839 0.992272 -0.124033 -0.003520 5.869077 0.000000 0.000000 0.000000 1.000000
0.149256 -0.142160 -0.978526 -6.951003 0.100706 0.986651 -0.127980 90.096649 0.983657 -0.079442 0.161580 6.185051 0.000000 0.000000 0.000000 1.000000
0.351287 -0.099601 -0.930955 -5.911077 0.064750 0.994529 -0.081970 90.796494 0.934026 -0.031484 0.355815 6.539038 0.000000 0.000000 0.000000 1.000000
0.552068 -0.048404 -0.832393 -5.225312 0.009618 0.998617 -0.051691 91.872688 0.833744 0.020531 0.551770 7.034441 0.000000 0.000000 0.000000 1.000000
0.726713 -0.004188 -0.686929 -5.055104 -0.042976 0.997745 -0.051549 93.138130 0.685596 0.066983 0.724894 7.462102 0.000000 0.000000 0.000000 1.000000
0.866306 0.014427 -0.499306 -5.665770 -0.065312 0.994273 -0.084589 94.320633 0.495226 0.105890 0.862287 7.663648 0.000000 0.000000 0.000000 1.000000
0.957289 0.007229 -0.289043 -7.026498 -0.051761 0.987823 -0.146721 95.247528 0.284462 0.155415 0.946006 7.925370 0.000000 0.000000 0.000000 1.000000
0.994353 0.001055 -0.106115 -8.644358 -0.024246 0.975760 -0.217497 96.027267 0.103313 0.218841 0.970276 8.705461 0.000000 0.000000 0.000000 1.000000
0.999904 0.005148 0.012834 -10.002851 -0.001518 0.963382 -0.268127 96.806686 -0.013745 0.268082 0.963298 9.957400 0.000000 0.000000 0.000000 1.000000
0.996978 0.015009 0.076220 -10.983665 0.009492 0.950272 -0.311278 97.450836 -0.077102 0.311061 0.947257 11.558838 0.000000 0.000000 0.000000 1.000000
0.991776 0.034452 0.123264 -11.666226 0.012810 0.931532 -0.363432 97.849426 -0.127345 0.362022 0.923430 13.691907 0.000000 0.000000 0.000000 1.000000
0.981078 0.057740 0.184804 -12.050450 0.019595 0.919985 -0.391463 97.668167 -0.192620 0.387677 0.901446 15.679189 0.000000 0.000000 0.000000 1.000000
0.966418 0.078407 0.244722 -12.036801 0.024669 0.919611 -0.392056 97.151871 -0.255789 0.384927 0.886794 17.286728 0.000000 0.000000 0.000000 1.000000
0.956632 0.096024 0.275018 -11.695733 0.023301 0.915857 -0.400827 96.455139 -0.290366 0.389852 0.873901 18.576756 0.000000 0.000000 0.000000 1.000000
0.953335 0.106364 0.282556 -11.241132 0.022269 0.908564 -0.417152 95.929886 -0.301091 0.403978 0.863798 19.733564 0.000000 0.000000 0.000000 1.000000
0.952578 0.109690 0.283838 -10.682916 0.021831 0.905731 -0.423290 95.529404 -0.303511 0.409413 0.860385 20.623077 0.000000 0.000000 0.000000 1.000000
0.954437 0.110269 0.277293 -9.959818 0.018013 0.906240 -0.422379 95.187492 -0.297869 0.408129 0.862962 21.199499 0.000000 0.000000 0.000000 1.000000
0.960164 0.106282 0.258438 -9.163829 0.013370 0.906314 -0.422393 94.976181 -0.279119 0.409021 0.868789 21.555758 0.000000 0.000000 0.000000 1.000000
0.968346 0.097214 0.229903 -8.378136 0.009522 0.905987 -0.423198 94.898781 -0.249430 0.411991 0.876383 21.644518 0.000000 0.000000 0.000000 1.000000
0.976250 0.088006 0.197969 -7.545528 0.004354 0.905623 -0.424061 94.915016 -0.216605 0.414851 0.883731 21.400158 0.000000 0.000000 0.000000 1.000000
0.983160 0.078044 0.165244 -6.708866 -0.000606 0.905611 -0.424109 94.967590 -0.182746 0.416867 0.890408 21.050171 0.000000 0.000000 0.000000 1.000000
0.989035 0.064805 0.132704 -5.898847 -0.002901 0.906928 -0.421277 95.108292 -0.147654 0.416272 0.897171 20.505188 0.000000 0.000000 0.000000 1.000000
0.994970 0.047650 0.088112 -5.101861 -0.007194 0.911335 -0.411603 95.275391 -0.099912 0.408899 0.907094 19.798725 0.000000 0.000000 0.000000 1.000000
0.998835 0.029889 0.037892 -4.311750 -0.012281 0.916715 -0.399353 95.431770 -0.046673 0.398422 0.916014 19.048353 0.000000 0.000000 0.000000 1.000000
0.999605 0.009891 -0.026316 -3.542977 -0.019210 0.923764 -0.382481 95.508194 0.020527 0.382836 0.923588 18.239910 0.000000 0.000000 0.000000 1.000000
0.995506 -0.009584 -0.094214 -2.803096 -0.025393 0.931418 -0.363063 95.466606 0.091232 0.363824 0.926989 17.359041 0.000000 0.000000 0.000000 1.000000
0.986567 -0.026447 -0.161203 -2.104126 -0.030422 0.939801 -0.340365 95.307480 0.160500 0.340697 0.926372 16.410147 0.000000 0.000000 0.000000 1.000000
0.974699 -0.041125 -0.219704 -1.492828 -0.031426 0.947951 -0.316862 95.113525 0.221300 0.315749 0.922675 15.446146 0.000000 0.000000 0.000000 1.000000
0.961285 -0.055104 -0.269989 -0.987287 -0.028146 0.955042 -0.295132 94.905739 0.274114 0.291305 0.916517 14.409394 0.000000 0.000000 0.000000 1.000000
0.945725 -0.068898 -0.317581 -0.650465 -0.022996 0.960628 -0.276884 94.702209 0.324154 0.269159 0.906905 13.217289 0.000000 0.000000 0.000000 1.000000
0.928475 -0.080877 -0.362482 -0.503666 -0.018004 0.965052 -0.261440 94.604561 0.370958 0.249267 0.894570 11.828167 0.000000 0.000000 0.000000 1.000000
0.911171 -0.087495 -0.402632 -0.419115 -0.014239 0.969923 -0.242994 94.775200 0.411783 0.227142 0.882520 10.278843 0.000000 0.000000 0.000000 1.000000
0.895052 -0.088277 -0.437137 -0.347366 -0.011923 0.975125 -0.221333 95.269585 0.445802 0.203317 0.871735 8.680943 0.000000 0.000000 0.000000 1.000000
0.877638 -0.087380 -0.471292 -0.349429 -0.010920 0.979343 -0.201910 96.000893 0.479200 0.182351 0.858555 7.135627 0.000000 0.000000 0.000000 1.000000
0.854695 -0.084567 -0.512195 -0.367555 -0.010260 0.983698 -0.179538 96.894485 0.519028 0.158705 0.839894 5.707777 0.000000 0.000000 0.000000 1.000000
0.827568 -0.077410 -0.556003 -0.340397 -0.008648 0.988571 -0.150507 97.924370 0.561299 0.129363 0.817440 4.488569 0.000000 0.000000 0.000000 1.000000
0.800177 -0.070446 -0.595613 -0.300927 -0.006158 0.992061 -0.125609 99.020462 0.599733 0.104177 0.793390 3.511355 0.000000 0.000000 0.000000 1.000000
0.771604 -0.065329 -0.632740 -0.242247 -0.003224 0.994298 -0.106590 100.117409 0.636095 0.084285 0.766993 2.708019 0.000000 0.000000 0.000000 1.000000
0.740158 -0.061413 -0.669622 -0.203951 0.003932 0.996199 -0.087019 101.197311 0.672421 0.061774 0.737587 2.008209 0.000000 0.000000 0.000000 1.000000
0.707727 -0.058202 -0.704084 -0.191134 0.012100 0.997453 -0.070290 102.173515 0.706382 0.041227 0.706629 1.379657 0.000000 0.000000 0.000000 1.000000
0.676661 -0.059119 -0.733917 -0.235432 0.021393 0.997929 -0.060661 102.878815 0.735984 0.025346 0.676525 0.883702 0.000000 0.000000 0.000000 1.000000
0.645243 -0.060904 -0.761546 -0.299689 0.030492 0.998076 -0.053986 103.491913 0.763369 0.011613 0.645858 0.435811 0.000000 0.000000 0.000000 1.000000</float_array>
        <technique_common>
          <accessor source="#mixamorig_Hips-Matrix-animation-output-transform-array" count="73" stride="16">
            <param type="float4x4"/>
          </accessor>
        </technique_common>
      </source>
      <source id="mixamorig_Hips-Interpolations">
        <Name_array id="mixamorig_Hips-Interpolations-array" count="73">
 LINEAR LINEAR LINEAR LINEAR LINEAR LINEAR LINEAR LINEAR LINEAR LINEAR LINEAR
LINEAR LINEAR LINEAR LINEAR LINEAR LINEAR LINEAR LINEAR LINEAR LINEAR LINEAR LINEAR
LINEAR LINEAR LINEAR LINEAR LINEAR LINEAR LINEAR LINEAR LINEAR LINEAR LINEAR LINEAR
LINEAR LINEAR LINEAR LINEAR LINEAR LINEAR LINEAR LINEAR LINEAR LINEAR LINEAR LINEAR
LINEAR LINEAR LINEAR LINEAR LINEAR LINEAR LINEAR LINEAR LINEAR LINEAR LINEAR LINEAR
LINEAR LINEAR LINEAR LINEAR LINEAR LINEAR LINEAR LINEAR LINEAR LINEAR LINEAR LINEAR
LINEAR LINEAR</Name_array>
        <technique_common>
          <accessor source="#mixamorig_Hips-Interpolations-array" count="73">
            <param type="name"/>
          </accessor>
        </technique_common>
      </source>
      <sampler id="mixamorig_Hips-Matrix-animation-transform">
        <input semantic="INPUT" source="#mixamorig_Hips-Matrix-animation-input"/>
        <input semantic="OUTPUT" source="#mixamorig_Hips-Matrix-animation-output-transform"/>
        <input semantic="INTERPOLATION" source="#mixamorig_Hips-Interpolations"/>
      </sampler>
      <channel source="#mixamorig_Hips-Matrix-animation-transform" target="mixamorig_Hips/matrix"/>
    </animation>
    <animation id="mixamorig_Spine-anim" name="mixamorig_Spine">
      <source id="mixamorig_Spine-Matrix-animation-input">
        <float_array id="mixamorig_Spine-Matrix-animation-input-array" count="73">

0.000000 0.033333 0.066667 0.100000 0.133333 0.166667 0.200000 0.233333 0.266667 0.300000 0.333333 0.366667 0.400000 0.433333 0.466667 0.500000
0.533333 0.566667 0.600000 0.633333 0.666667 0.700000 0.733333 0.766667 0.800000 0.833333 0.866667 0.900000 0.933333 0.966667 1.000000 1.033333
1.066667 1.100000 1.133333 1.166667 1.200000 1.233333 1.266667 1.300000 1.333333 1.366667 1.400000 1.433333 1.466667 1.500000 1.533333 1.566667
1.600000 1.633333 1.666667 1.700000 1.733333 1.766667 1.800000 1.833333 1.866667 1.900000 1.933333 1.966667 2.000000 2.033333 2.066667 2.100000
2.133333 2.166667 2.200000 2.233333 2.266667 2.300000 2.333333 2.366667 2.400000</float_array>
        <technique_common>
          <accessor source="#mixamorig_Spine-Matrix-animation-input-array" count="73">
            <param name="TIME" type="float"/>
          </accessor>
        </technique_common>
      </source>
      <source id="mixamorig_Spine-Matrix-animation-output-transform">
        <float_array id="mixamorig_Spine-Matrix-animation-output-transform-array" count="1168">

0.998816 0.048625 0.001208 0.000000 -0.047275 0.976313 -0.211137 8.536500 -0.011446 0.210830 0.977456 0.187100 0.000000 0.000000 0.000000 1.000000
0.998788 0.049191 0.001928 -0.000000 -0.047668 0.976164 -0.211735 8.536500 -0.012298 0.211386 0.977325 0.187100 0.000000 0.000000 0.000000 1.000000
0.998758 0.049758 0.002648 0.000000 -0.048062 0.976015 -0.212333 8.536500 -0.013149 0.211942 0.977194 0.187100 0.000000 0.000000 0.000000 1.000000
0.998709 0.050704 0.002910 0.000000 -0.048930 0.975948 -0.212440 8.536500 -0.013611 0.212024 0.977170 0.187100 0.000000 0.000000 0.000000 1.000000
0.998609 0.052674 0.002206 0.000000 -0.051018 0.976062 -0.211423 8.536500 -0.013290 0.211017 0.977392 0.187100 0.000000 0.000000 0.000000 1.000000
0.998489 0.054942 0.000629 -0.000000 -0.053589 0.976314 -0.209617 8.536500 -0.012131 0.209266 0.977783 0.187100 0.000000 0.000000 0.000000 1.000000
0.998411 0.056282 -0.002702 0.000000 -0.055623 0.976800 -0.206802 8.536500 -0.009000 0.206624 0.978379 0.187100 0.000000 0.000000 0.000000 1.000000
0.998409 0.055938 -0.007032 -0.000000 -0.056197 0.977400 -0.203791 8.536500 -0.004527 0.203862 0.978989 0.187100 0.000000 0.000000 0.000000 1.000000
0.998443 0.054292 -0.012835 0.000000 -0.055766 0.977787 -0.202045 8.536500 0.001580 0.202446 0.979292 0.187100 0.000000 0.000000 0.000000 1.000000
0.998420 0.052263 -0.020637 0.000000 -0.055363 0.977765 -0.202263 8.536500 0.009607 0.203086 0.979114 0.187100 0.000000 0.000000 0.000000 1.000000
0.998340 0.049578 -0.029328 -0.000000 -0.054563 0.977119 -0.205577 8.536500 0.018465 0.206836 0.978201 0.187100 0.000000 0.000000 0.000000 1.000000
0.998248 0.046060 -0.037127 0.000000 -0.052886 0.976032 -0.211103 8.536500 0.026514 0.212696 0.976759 0.187100 0.000000 0.000000 0.000000 1.000000
0.998149 0.041863 -0.044111 0.000000 -0.050424 0.975205 -0.215484 8.536500 0.033996 0.217310 0.975511 0.187100 0.000000 0.000000 0.000000 1.000000
0.998080 0.036486 -0.050043 0.000000 -0.046577 0.974782 -0.218243 8.536500 0.040818 0.220155 0.974611 0.187100 0.000000 0.000000 0.000000 1.000000
0.998090 0.029401 -0.054330 0.000000 -0.040699 0.974590 -0.220270 8.536500 0.046473 0.222060 0.973925 0.187100 0.000000 0.000000 0.000000 1.000000
0.998110 0.020876 -0.057802 0.000000 -0.033214 0.974584 -0.221545 8.536500 0.051708 0.223046 0.973436 0.187100 0.000000 0.000000 0.000000 1.000000
0.998091 0.011650 -0.060659 0.000000 -0.024839 0.974848 -0.221482 8.536500 0.056553 0.222565 0.973276 0.187100 0.000000 0.000000 0.000000 1.000000
0.998105 0.001944 -0.061504 -0.000000 -0.015413 0.975535 -0.219303 8.536500 0.059573 0.219835 0.973716 0.187100 0.000000 0.000000 0.000000 1.000000
0.998123 -0.008734 -0.060615 0.000000 -0.004495 0.976661 -0.214741 8.536500 0.061076 0.214610 0.974788 0.187100 0.000000 0.000000 0.000000 1.000000
0.998011 -0.020174 -0.059726 0.000000 0.007260 0.977888 -0.209003 8.536500 0.062622 0.208154 0.976089 0.187100 0.000000 0.000000 0.000000 1.000000
0.997761 -0.031617 -0.058939 0.000000 0.019089 0.979175 -0.202116 8.536500 0.064102 0.200539 0.977586 0.187100 0.000000 0.000000 0.000000 1.000000
0.997433 -0.042952 -0.057294 0.000000 0.031082 0.980516 -0.193963 8.536500 0.064509 0.191685 0.979334 0.187100 0.000000 0.000000 0.000000 1.000000
0.997005 -0.054171 -0.055200 0.000000 0.043070 0.981703 -0.185484 8.536500 0.064237 0.182551 0.981096 0.187100 0.000000 0.000000 0.000000 1.000000
0.996455 -0.064949 -0.053478 0.000000 0.054501 0.982556 -0.177799 8.536500 0.064093 0.174254 0.982613 0.187100 0.000000 0.000000 0.000000 1.000000
0.995811 -0.075291 -0.051888 0.000000 0.065467 0.983220 -0.170270 8.536500 0.063837 0.166160 0.984030 0.187100 0.000000 0.000000 0.000000 1.000000
0.995102 -0.084972 -0.050507 0.000000 0.075714 0.983684 -0.163199 8.536500 0.063550 0.158576 0.985300 0.187100 0.000000 0.000000 0.000000 1.000000
0.994432 -0.092858 -0.049814 0.000000 0.083994 0.983955 -0.157411 8.536500 0.063632 0.152351 0.986276 0.187100 0.000000 0.000000 0.000000 1.000000
0.993946 -0.098437 -0.048801 0.000000 0.089968 0.984162 -0.152745 8.536500 0.063064 0.147430 0.987060 0.187100 0.000000 0.000000 0.000000 1.000000
0.993556 -0.102992 -0.047326 0.000000 0.094971 0.984358 -0.148388 8.536500 0.061868 0.142937 0.987796 0.187100 0.000000 0.000000 0.000000 1.000000
0.993125 -0.107346 -0.046691 0.000000 0.099506 0.984222 -0.146307 8.536500 0.061660 0.140655 0.988137 0.187100 0.000000 0.000000 0.000000 1.000000
0.992756 -0.111128 -0.045684 0.000000 0.103322 0.983651 -0.147500 8.536500 0.061328 0.141712 0.988006 0.187100 0.000000 0.000000 0.000000 1.000000
0.992573 -0.113438 -0.043932 0.000000 0.105718 0.983046 -0.149815 8.536500 0.060182 0.144058 0.987737 0.187100 0.000000 0.000000 0.000000 1.000000
0.992415 -0.114916 -0.043664 0.000000 0.107056 0.982485 -0.152517 8.536500 0.060426 0.146685 0.987336 0.187100 0.000000 0.000000 0.000000 1.000000
0.992045 -0.117218 -0.045907 0.000000 0.108792 0.981771 -0.155852 8.536500 0.063339 0.149618 0.986713 0.187100 0.000000 0.000000 0.000000 1.000000
0.991973 -0.117042 -0.047866 0.000000 0.108062 0.981218 -0.159796 8.536500 0.065670 0.153341 0.985989 0.187100 0.000000 0.000000 0.000000 1.000000
0.993385 -0.107045 -0.041569 0.000000 0.098794 0.981198 -0.165802 8.536500 0.058536 0.160598 0.985283 0.187100 0.000000 0.000000 0.000000 1.000000
0.995729 -0.088763 -0.025411 0.000000 0.083065 0.981381 -0.173182 8.536500 0.040310 0.170331 0.984562 0.187100 0.000000 0.000000 0.000000 1.000000
0.997597 -0.068292 -0.011687 -0.000000 0.065116 0.981761 -0.178620 8.536500 0.023673 0.177430 0.983849 0.187100 0.000000 0.000000 0.000000 1.000000
0.998718 -0.050110 -0.007200 0.000000 0.047977 0.982257 -0.181301 8.536500 0.016158 0.180723 0.983401 0.187100 0.000000 0.000000 0.000000 1.000000
0.999197 -0.038281 -0.011796 0.000000 0.035461 0.982295 -0.183952 8.536500 0.018629 0.183386 0.982864 0.187100 0.000000 0.000000 0.000000 1.000000
0.999177 -0.035272 -0.020007 -0.000000 0.030898 0.981741 -0.187696 8.536500 0.026262 0.186924 0.982023 0.187100 0.000000 0.000000 0.000000 1.000000
0.999150 -0.033796 -0.023607 0.000000 0.028671 0.981142 -0.191148 8.536500 0.029622 0.190309 0.981277 0.187100 0.000000 0.000000 0.000000 1.000000
0.999257 -0.029338 -0.024993 0.000000 0.024128 0.981888 -0.187919 8.536500 0.030054 0.187177 0.981866 0.187100 0.000000 0.000000 0.000000 1.000000
0.999214 -0.028382 -0.027661 -0.000000 0.022691 0.981932 -0.187869 8.536500 0.032494 0.187094 0.981804 0.187100 0.000000 0.000000 0.000000 1.000000
0.998993 -0.032349 -0.031091 0.000000 0.025994 0.982090 -0.186612 8.536500 0.036570 0.185616 0.981942 0.187100 0.000000 0.000000 0.000000 1.000000
0.998755 -0.036368 -0.034142 0.000000 0.029466 0.982398 -0.184462 8.536500 0.040249 0.183226 0.982246 0.187100 0.000000 0.000000 0.000000 1.000000
0.998570 -0.038660 -0.036933 0.000000 0.031246 0.982499 -0.183626 8.536500 0.043386 0.182209 0.982302 0.187100 0.000000 0.000000 0.000000 1.000000
0.998459 -0.039636 -0.038848 -0.000000 0.031855 0.982470 -0.183678 8.536500 0.045447 0.182158 0.982218 0.187100 0.000000 0.000000 0.000000 1.000000
0.998501 -0.038707 -0.038703 0.000000 0.030978 0.982542 -0.183443 8.536500 0.045128 0.181969 0.982268 0.187100 0.000000 0.000000 0.000000 1.000000
0.998664 -0.036316 -0.036760 0.000000 0.029001 0.982694 -0.182952 8.536500 0.042768 0.181642 0.982434 0.187100 0.000000 0.000000 0.000000 1.000000
0.998875 -0.032859 -0.034180 0.000000 0.026102 0.982926 -0.182142 8.536500 0.039582 0.181045 0.982678 0.187100 0.000000 0.000000 0.000000 1.000000
0.999079 -0.029089 -0.031532 0.000000 0.022900 0.983142 -0.181401 8.536500 0.036277 0.180512 0.982903 0.187100 0.000000 0.000000 0.000000 1.000000
0.999266 -0.024805 -0.029205 0.000000 0.019109 0.983249 -0.181264 8.536500 0.033212 0.180573 0.983001 0.187100 0.000000 0.000000 0.000000 1.000000
0.999484 -0.019945 -0.025167 -0.000000 0.015015 0.983045 -0.182750 8.536500 0.028385 0.182278 0.982837 0.187100 0.000000 0.000000 0.000000 1.000000
0.999672 -0.014701 -0.020989 0.000000 0.010579 0.982774 -0.184506 8.536500 0.023340 0.184223 0.982607 0.187100 0.000000 0.000000 0.000000 1.000000
0.999809 -0.008180 -0.017752 0.000000 0.004739 0.982563 -0.185869 8.536500 0.018963 0.185750 0.982414 0.187100 0.000000 0.000000 0.000000 1.000000
0.999858 -0.001654 -0.016776 0.000000 -0.001487 0.982648 -0.185474 8.536500 0.016791 0.185472 0.982506 0.187100 0.000000 0.000000 0.000000 1.000000
0.999866 0.003873 -0.015912 0.000000 -0.006753 0.982687 -0.185149 8.536500 0.014920 0.185231 0.982582 0.187100 0.000000 0.000000 0.000000 1.000000
0.999840 0.008849 -0.015558 -0.000000 -0.011584 0.982560 -0.185587 8.536500 0.013644 0.185738 0.982505 0.187100 0.000000 0.000000 0.000000 1.000000
0.999792 0.013433 -0.015361 -0.000000 -0.016051 0.982515 -0.185491 8.536500 0.012601 0.185699 0.982526 0.187100 0.000000 0.000000 0.000000 1.000000
0.999767 0.017227 -0.013021 0.000000 -0.019339 0.982573 -0.184870 8.536500 0.009609 0.185079 0.982677 0.187100 0.000000 0.000000 0.000000 1.000000
0.999751 0.020432 -0.008927 0.000000 -0.021732 0.982495 -0.185016 8.536500 0.004990 0.185164 0.982695 0.187100 0.000000 0.000000 0.000000 1.000000
0.999729 0.022557 -0.005691 0.000000 -0.023223 0.982156 -0.186630 8.536500 0.001379 0.186712 0.982414 0.187100 0.000000 0.000000 0.000000 1.000000
0.999707 0.023664 -0.005077 0.000000 -0.024197 0.981727 -0.188752 8.536500 0.000518 0.188819 0.982012 0.187100 0.000000 0.000000 0.000000 1.000000
0.999688 0.024513 -0.004849 0.000000 -0.024988 0.981352 -0.190586 8.536500 0.000087 0.190648 0.981658 0.187100 0.000000 0.000000 0.000000 1.000000
0.999681 0.025117 -0.002503 0.000000 -0.025128 0.980834 -0.193217 8.536500 -0.002398 0.193218 0.981153 0.187100 0.000000 0.000000 0.000000 1.000000
0.999682 0.025226 0.000034 0.000000 -0.024728 0.980204 -0.196438 8.536500 -0.004988 0.196374 0.980516 0.187100 0.000000 0.000000 0.000000 1.000000
0.999683 0.025175 0.000885 0.000000 -0.024499 0.979806 -0.198445 8.536500 -0.005863 0.198361 0.980112 0.187100 0.000000 0.000000 0.000000 1.000000
0.999680 0.025264 0.001322 -0.000000 -0.024490 0.979513 -0.199884 8.536500 -0.006345 0.199788 0.979819 0.187100 0.000000 0.000000 0.000000 1.000000
0.999654 0.026278 0.001200 0.000000 -0.025493 0.979000 -0.202259 8.536500 -0.006490 0.202158 0.979331 0.187100 0.000000 0.000000 0.000000 1.000000
0.999614 0.027759 0.001054 0.000000 -0.026957 0.978509 -0.204437 8.536500 -0.006706 0.204329 0.978879 0.187100 0.000000 0.000000 0.000000 1.000000
0.999550 0.029965 0.001182 0.000000 -0.029083 0.978217 -0.205539 8.536500 -0.007315 0.205412 0.978648 0.187100 0.000000 0.000000 0.000000 1.000000
0.999473 0.032446 0.001383 0.000000 -0.031463 0.977981 -0.206308 8.536500 -0.008047 0.206155 0.978486 0.187100 0.000000 0.000000 0.000000 1.000000</float_array>
        <technique_common>
          <accessor source="#mixamorig_Spine-Matrix-animation-output-transform-array" count="73" stride="16">
            <param type="float4x4"/>
          </accessor>
        </technique_common>
      </source>
      <source id="mixamorig_Spine-Interpolations">
        <Name_array id="mixamorig_Spine-Interpolations-array" count="73">
 LINEAR LINEAR LINEAR LINEAR LINEAR LINEAR LINEAR LINEAR LINEAR LINEAR LINEAR
LINEAR LINEAR LINEAR LINEAR LINEAR LINEAR LINEAR LINEAR LINEAR LINEAR LINEAR LINEAR
LINEAR LINEAR LINEAR LINEAR LINEAR LINEAR LINEAR LINEAR LINEAR LINEAR LINEAR LINEAR
LINEAR LINEAR LINEAR LINEAR LINEAR LINEAR LINEAR LINEAR LINEAR LINEAR LINEAR LINEAR
LINEAR LINEAR LINEAR LINEAR LINEAR LINEAR LINEAR LINEAR LINEAR LINEAR LINEAR LINEAR
LINEAR LINEAR LINEAR LINEAR LINEAR LINEAR LINEAR LINEAR LINEAR LINEAR LINEAR LINEAR
LINEAR LINEAR</Name_array>
        <technique_common>
          <accessor source="#mixamorig_Spine-Interpolations-array" count="73">
            <param type="name"/>
          </accessor>
        </technique_common>
      </source>
      <sampler id="mixamorig_Spine-Matrix-animation-transform">
        <input semantic="INPUT" source="#mixamorig_Spine-Matrix-animation-input"/>
        <input semantic="OUTPUT" source="#mixamorig_Spine-Matrix-animation-output-transform"/>
        <input semantic="INTERPOLATION" source="#mixamorig_Spine-Interpolations"/>
      </sampler>
      <channel source="#mixamorig_Spine-Matrix-animation-transform" target="mixamorig_Spine/matrix"/>
    </animation>
    <animation id="mixamorig_Spine1-anim" name="mixamorig_Spine1">
      <source id="mixamorig_Spine1-Matrix-animation-input">
        <float_array id="mixamorig_Spine1-Matrix-animation-input-array" count="73">

0.000000 0.033333 0.066667 0.100000 0.133333 0.166667 0.200000 0.233333 0.266667 0.300000 0.333333 0.366667 0.400000 0.433333 0.466667 0.500000
0.533333 0.566667 0.600000 0.633333 0.666667 0.700000 0.733333 0.766667 0.800000 0.833333 0.866667 0.900000 0.933333 0.966667 1.000000 1.033333
1.066667 1.100000 1.133333 1.166667 1.200000 1.233333 1.266667 1.300000 1.333333 1.366667 1.400000 1.433333 1.466667 1.500000 1.533333 1.566667
1.600000 1.633333 1.666667 1.700000 1.733333 1.766667 1.800000 1.833333 1.866667 1.900000 1.933333 1.966667 2.000000 2.033333 2.066667 2.100000
2.133333 2.166667 2.200000 2.233333 2.266667 2.300000 2.333333 2.366667 2.400000</float_array>
        <technique_common>
          <accessor source="#mixamorig_Spine1-Matrix-animation-input-array" count="73">
            <param name="TIME" type="float"/>
          </accessor>
        </technique_common>
      </source>
      <source id="mixamorig_Spine1-Matrix-animation-output-transform">
        <float_array id="mixamorig_Spine1-Matrix-animation-output-transform-array" count="1168">

0.995240 0.097445 -0.001098 0.000000 -0.096568 0.984646 -0.145419 9.685800 -0.013089 0.144833 0.989370 0.000000 0.000000 0.000000 0.000000 1.000000
0.995108 0.098792 0.000198 0.000000 -0.097695 0.984351 -0.146660 9.685800 -0.014684 0.145923 0.989187 -0.000000 0.000000 0.000000 0.000000 1.000000
0.994972 0.100143 0.001491 0.000000 -0.098822 0.984052 -0.147904 9.685800 -0.016279 0.147013 0.989001 0.000000 0.000000 0.000000 0.000000 1.000000
0.994754 0.102281 0.001844 -0.000000 -0.100881 0.983809 -0.148134 9.685800 -0.016966 0.147171 0.988966 0.000000 0.000000 0.000000 0.000000 1.000000
0.994309 0.106536 0.000206 0.000000 -0.105364 0.983652 -0.146035 9.685800 -0.015761 0.145183 0.989279 0.000000 0.000000 0.000000 0.000000 1.000000
0.993768 0.111425 -0.003162 0.000000 -0.110739 0.983613 -0.142279 9.685800 -0.012743 0.141742 0.989822 0.000000 0.000000 0.000000 0.000000 1.000000
0.993378 0.114463 -0.009890 -0.000000 -0.114739 0.983990 -0.136376 9.685800 -0.005879 0.136608 0.990608 0.000000 0.000000 0.000000 0.000000 1.000000
0.993301 0.114082 -0.018403 0.000000 -0.115510 0.984760 -0.130021 9.685800 0.003289 0.131275 0.991340 0.000000 0.000000 0.000000 0.000000 1.000000
0.993388 0.110888 -0.029749 0.000000 -0.113781 0.985462 -0.126165 9.685800 0.015327 0.128716 0.991563 0.000000 0.000000 0.000000 0.000000 1.000000
0.993269 0.106691 -0.045096 0.000000 -0.111608 0.985708 -0.126191 9.685800 0.030988 0.130375 0.990980 0.000000 0.000000 0.000000 0.000000 1.000000
0.992935 0.101015 -0.062258 0.000000 -0.108537 0.985225 -0.132485 9.685800 0.047955 0.138306 0.989228 0.000000 0.000000 0.000000 0.000000 1.000000
0.992567 0.093742 -0.077609 0.000000 -0.104159 0.984174 -0.143360 9.685800 0.062941 0.150378 0.986623 -0.000000 0.000000 0.000000 0.000000 1.000000
0.992183 0.085234 -0.091149 0.000000 -0.098451 0.983461 -0.152026 9.685800 0.076684 0.159811 0.984165 -0.000000 0.000000 0.000000 0.000000 1.000000
0.991932 0.074749 -0.102390 0.000000 -0.090366 0.983369 -0.157545 9.685800 0.088911 0.165526 0.982189 0.000000 0.000000 0.000000 0.000000 1.000000
0.992021 0.061340 -0.110143 0.000000 -0.078785 0.983679 -0.161767 9.685800 0.098422 0.169153 0.980663 -0.000000 0.000000 0.000000 0.000000 1.000000
0.992208 0.045163 -0.116118 0.000000 -0.064068 0.984273 -0.164626 9.685800 0.106857 0.170782 0.979497 -0.000000 0.000000 0.000000 0.000000 1.000000
0.992289 0.027759 -0.120795 -0.000000 -0.047631 0.985163 -0.164879 9.685800 0.114426 0.169361 0.978889 0.000000 0.000000 0.000000 0.000000 1.000000
0.992553 0.009477 -0.121447 0.000000 -0.029117 0.986528 -0.160983 9.685800 0.118286 0.163320 0.979456 0.000000 0.000000 0.000000 0.000000 1.000000
0.992878 -0.010698 -0.118654 0.000000 -0.007560 0.988294 -0.152372 9.685800 0.118895 0.152183 0.981175 0.000000 0.000000 0.000000 0.000000 1.000000
0.992717 -0.032463 -0.116016 0.000000 0.015842 0.989825 -0.141408 9.685800 0.119426 0.138540 0.983130 -0.000000 0.000000 0.000000 0.000000 1.000000
0.992015 -0.054298 -0.113836 -0.000000 0.039542 0.990973 -0.128095 9.685800 0.119764 0.122571 0.985207 0.000000 0.000000 0.000000 0.000000 1.000000
0.991007 -0.075866 -0.110225 0.000000 0.063441 0.991662 -0.112168 9.685800 0.117816 0.104166 0.987557 0.000000 0.000000 0.000000 0.000000 1.000000
0.989620 -0.097078 -0.105959 0.000000 0.087047 0.991615 -0.095507 9.685800 0.114342 0.085292 0.989773 0.000000 0.000000 0.000000 0.000000 1.000000
0.987747 -0.117571 -0.102631 0.000000 0.109570 0.990721 -0.080413 9.685800 0.111133 0.068183 0.991464 0.000000 0.000000 0.000000 0.000000 1.000000
0.985465 -0.137452 -0.099827 0.000000 0.131321 0.989166 -0.065614 9.685800 0.107764 0.051551 0.992839 0.000000 0.000000 0.000000 0.000000 1.000000
0.982869 -0.156275 -0.097709 0.000000 0.151799 0.987057 -0.051728 9.685800 0.104529 0.036010 0.993870 -0.000000 0.000000 0.000000 0.000000 1.000000
0.980303 -0.171928 -0.097190 0.000000 0.168715 0.984836 -0.040425 9.685800 0.102667 0.023231 0.994444 -0.000000 0.000000 0.000000 0.000000 1.000000
0.978325 -0.183415 -0.096119 -0.000000 0.181208 0.982947 -0.031278 9.685800 0.100217 0.013182 0.994878 0.000000 0.000000 0.000000 0.000000 1.000000
0.976610 -0.193333 -0.094105 0.000000 0.192041 0.981125 -0.022687 9.685800 0.096715 0.004084 0.995304 0.000000 0.000000 0.000000 0.000000 1.000000
0.974639 -0.203352 -0.093412 -0.000000 0.202485 0.979105 -0.018768 9.685800 0.095276 -0.000622 0.995451 0.000000 0.000000 0.000000 0.000000 1.000000
0.972812 -0.212775 -0.091457 0.000000 0.211702 0.977100 -0.021386 9.685800 0.093913 0.001443 0.995579 -0.000000 0.000000 0.000000 0.000000 1.000000
0.971668 -0.219477 -0.087700 0.000000 0.218009 0.975598 -0.026095 9.685800 0.091287 0.006236 0.995805 0.000000 0.000000 0.000000 0.000000 1.000000
0.970631 -0.224443 -0.086608 0.000000 0.222492 0.974420 -0.031686 9.685800 0.091504 0.011486 0.995738 0.000000 0.000000 0.000000 0.000000 1.000000
0.968808 -0.230817 -0.090188 0.000000 0.228161 0.972847 -0.038871 9.685800 0.096711 0.017082 0.995166 -0.000000 0.000000 0.000000 0.000000 1.000000
0.968133 -0.232433 -0.093243 0.000000 0.228894 0.972308 -0.047161 9.685800 0.101622 0.024315 0.994526 0.000000 0.000000 0.000000 0.000000 1.000000
0.973228 -0.215363 -0.080288 0.000000 0.211113 0.975726 -0.058221 9.685800 0.090878 0.039712 0.995070 0.000000 0.000000 0.000000 0.000000 1.000000
0.982406 -0.180316 -0.048628 -0.000000 0.176680 0.981712 -0.070891 9.685800 0.060521 0.061052 0.996298 -0.000000 0.000000 0.000000 0.000000 1.000000
0.990012 -0.139089 -0.023024 -0.000000 0.136841 0.987324 -0.080414 9.685800 0.033917 0.076460 0.996496 -0.000000 0.000000 0.000000 0.000000 1.000000
0.994642 -0.102089 -0.016291 0.000000 0.100344 0.991278 -0.085434 9.685800 0.024871 0.083342 0.996211 0.000000 0.000000 0.000000 0.000000 1.000000
0.996559 -0.078432 -0.026820 0.000000 0.075703 0.992977 -0.090917 9.685800 0.033762 0.088574 0.995497 0.000000 0.000000 0.000000 0.000000 1.000000
0.996392 -0.072865 -0.043507 0.000000 0.068286 0.992763 -0.098787 9.685800 0.050391 0.095459 0.994157 0.000000 0.000000 0.000000 0.000000 1.000000
0.996188 -0.070614 -0.051211 0.000000 0.065195 0.992778 -0.100708 9.685800 0.057953 0.096985 0.993597 0.000000 0.000000 0.000000 0.000000 1.000000
0.996607 -0.061540 -0.054664 0.000000 0.056078 0.993763 -0.096384 9.685800 0.060254 0.092991 0.993842 0.000000 0.000000 0.000000 0.000000 1.000000
0.996380 -0.059377 -0.060844 0.000000 0.053387 0.993974 -0.095739 9.685800 0.066162 0.092144 0.993545 0.000000 0.000000 0.000000 0.000000 1.000000
0.995415 -0.067534 -0.067730 0.000000 0.060961 0.993627 -0.094814 9.685800 0.073702 0.090251 0.993188 0.000000 0.000000 0.000000 0.000000 1.000000
0.994428 -0.075475 -0.073601 0.000000 0.068649 0.993460 -0.091236 9.685800 0.080005 0.085675 0.993106 0.000000 0.000000 0.000000 0.000000 1.000000
0.993678 -0.079748 -0.079022 -0.000000 0.072591 0.993326 -0.089637 9.685800 0.085643 0.083334 0.992835 0.000000 0.000000 0.000000 0.000000 1.000000
0.993216 -0.081948 -0.082505 0.000000 0.074414 0.993105 -0.090578 9.685800 0.089359 0.083824 0.992466 0.000000 0.000000 0.000000 0.000000 1.000000
0.993383 -0.080555 -0.081858 0.000000 0.073069 0.993197 -0.090667 9.685800 0.088605 0.084086 0.992511 0.000000 0.000000 0.000000 0.000000 1.000000
0.994066 -0.076122 -0.077703 0.000000 0.069067 0.993565 -0.089768 9.685800 0.084036 0.083869 0.992927 0.000000 0.000000 0.000000 0.000000 1.000000
0.994958 -0.069468 -0.072337 0.000000 0.063003 0.994117 -0.088108 9.685800 0.078032 0.083106 0.993481 -0.000000 0.000000 0.000000 0.000000 1.000000
0.995825 -0.062164 -0.066843 0.000000 0.056274 0.994648 -0.086654 9.685800 0.071872 0.082531 0.993993 -0.000000 0.000000 0.000000 0.000000 1.000000
0.996624 -0.053801 -0.062012 0.000000 0.048319 0.995058 -0.086747 9.685800 0.066373 0.083458 0.994298 0.000000 0.000000 0.000000 0.000000 1.000000
0.997574 -0.044491 -0.053547 0.000000 0.039568 0.995180 -0.089725 9.685800 0.057281 0.087389 0.994526 0.000000 0.000000 0.000000 0.000000 1.000000
0.998403 -0.034450 -0.044766 0.000000 0.030168 0.995205 -0.093048 9.685800 0.047757 0.091549 0.994655 0.000000 0.000000 0.000000 0.000000 1.000000
0.999044 -0.022027 -0.037773 -0.000000 0.018367 0.995341 -0.094652 9.685800 0.039682 0.093868 0.994794 0.000000 0.000000 0.000000 0.000000 1.000000
0.999331 -0.009492 -0.035316 0.000000 0.006150 0.995595 -0.093561 9.685800 0.036049 0.093281 0.994987 0.000000 0.000000 0.000000 0.000000 1.000000
0.999451 0.001201 -0.033111 -0.000000 -0.004273 0.995668 -0.092887 9.685800 0.032856 0.092977 0.995126 0.000000 0.000000 0.000000 0.000000 1.000000
0.999424 0.010994 -0.032093 0.000000 -0.013960 0.995503 -0.093700 9.685800 0.030918 0.094094 0.995083 0.000000 0.000000 0.000000 0.000000 1.000000
0.999298 0.020105 -0.031598 0.000000 -0.022980 0.995360 -0.093432 9.685800 0.029573 0.094093 0.995124 0.000000 0.000000 0.000000 0.000000 1.000000
0.999244 0.028033 -0.026926 -0.000000 -0.030405 0.995282 -0.092134 9.685800 0.024216 0.092883 0.995382 0.000000 0.000000 0.000000 0.000000 1.000000
0.999206 0.035103 -0.018829 0.000000 -0.036699 0.995044 -0.092412 9.685800 0.015492 0.093030 0.995543 0.000000 0.000000 0.000000 0.000000 1.000000
0.999118 0.040086 -0.012470 0.000000 -0.041097 0.994562 -0.095700 9.685800 0.008566 0.096128 0.995332 0.000000 0.000000 0.000000 0.000000 1.000000
0.999023 0.042723 -0.011267 0.000000 -0.043637 0.994030 -0.099997 9.685800 0.006927 0.100391 0.994924 0.000000 0.000000 0.000000 0.000000 1.000000
0.998944 0.044677 -0.010739 -0.000000 -0.045551 0.993563 -0.103714 9.685800 0.006036 0.104094 0.994549 0.000000 0.000000 0.000000 0.000000 1.000000
0.998910 0.046302 -0.005988 -0.000000 -0.046679 0.992936 -0.109083 9.685800 0.000895 0.109244 0.994015 0.000000 0.000000 0.000000 0.000000 1.000000
0.998893 0.047039 -0.000932 -0.000000 -0.046831 0.992184 -0.115659 9.685800 -0.004516 0.115575 0.993289 0.000000 0.000000 0.000000 0.000000 1.000000
0.998877 0.047381 0.000761 0.000000 -0.046949 0.991694 -0.119745 9.685800 -0.006429 0.119575 0.992804 -0.000000 0.000000 0.000000 0.000000 1.000000
0.998848 0.047964 0.001629 0.000000 -0.047402 0.991315 -0.122669 9.685800 -0.007498 0.122450 0.992446 0.000000 0.000000 0.000000 0.000000 1.000000
0.998723 0.050515 0.001224 0.000000 -0.049948 0.990583 -0.127476 9.685800 -0.007652 0.127252 0.991841 -0.000000 0.000000 0.000000 0.000000 1.000000
0.998541 0.054002 0.000718 0.000000 -0.053435 0.989824 -0.131882 9.685800 -0.007833 0.131651 0.991265 -0.000000 0.000000 0.000000 0.000000 1.000000
0.998264 0.058886 0.000730 0.000000 -0.058256 0.989252 -0.134116 9.685800 -0.008620 0.133841 0.990965 0.000000 0.000000 0.000000 0.000000 1.000000
