<?xml version="1.0" encoding="utf-8"?>
<COLLADA xmlns="http://www.collada.org/2005/11/COLLADASchema" version="1.4.1">
  <asset>
    <contributor>
      <author>Mixamo</author>
      <authoring_tool>COLLADA Mixamo exporter</authoring_tool>
      <comments/>
    </contributor>
    <created>2025-11-14T05:17:40Z</created>
    <modified>2025-11-14T05:17:40Z</modified>
    <revision/>
    <title/>
    <unit meter="0.010000"/>
    <up_axis>Y_UP</up_axis>
  </asset>
  <library_animations>
    <animation id="mixamorig_Hips-anim" name="mixamorig_Hips">
      <source id="mixamorig_Hips-Matrix-animation-input">
        <float_array id="mixamorig_Hips-Matrix-animation-input-array" count="37">

0.000000 0.033333 0.066667 0.100000 0.133333 0.166667 0.200000 0.233333 0.266667 0.300000 0.333333 0.366667 0.400000 0.433333 0.466667 0.500000
0.533333 0.566667 0.600000 0.633333 0.666667 0.700000 0.733333 0.766667 0.800000 0.833333 0.866667 0.900000 0.933333 0.966667 1.000000 1.033333
1.066667 1.100000 1.133333 1.166667 1.200000</float_array>
        <technique_common>
          <accessor source="#mixamorig_Hips-Matrix-animation-input-array" count="37">
            <param name="TIME" type="float"/>
          </accessor>
        </technique_common>
      </source>
      <source id="mixamorig_Hips-Matrix-animation-output-transform">
        <float_array id="mixamorig_Hips-Matrix-animation-output-transform-array" count="592">

0.522569 -0.060166 -0.850471 0.204844 0.069742 0.997181 -0.027692 100.640419 0.849740 -0.044842 0.525292 -0.652107 0.000000 0.000000 0.000000 1.000000
0.522519 -0.060057 -0.850510 0.268380 0.069641 0.997189 -0.027630 100.648567 0.849779 -0.044793 0.525232 -0.632676 0.000000 0.000000 0.000000 1.000000
0.523001 -0.058699 -0.850309 0.053506 0.068507 0.997293 -0.026709 100.709038 0.849575 -0.044284 0.525606 -0.460945 0.000000 0.000000 0.000000 1.000000
0.523542 -0.054264 -0.850270 -0.929218 0.064947 0.997608 -0.023677 100.881485 0.849521 -0.042827 0.525813 0.204032 0.000000 0.000000 0.000000 1.000000
0.527593 -0.047215 -0.848184 -2.325111 0.058928 0.998083 -0.018904 101.196182 0.847451 -0.040008 0.529364 0.948610 0.000000 0.000000 0.000000 1.000000
0.539249 -0.035139 -0.841413 -4.086639 0.048314 0.998774 -0.010746 101.812248 0.840760 -0.034857 0.540285 1.477997 0.000000 0.000000 0.000000 1.000000
0.555506 -0.024365 -0.831155 -5.781810 0.036643 0.999317 -0.004804 102.402786 0.830705 -0.027787 0.556020 1.776579 0.000000 0.000000 0.000000 1.000000
0.580801 -0.029712 -0.813503 -6.303457 0.030958 0.999417 -0.014400 102.313354 0.813456 -0.016821 0.581383 1.241923 0.000000 0.000000 0.000000 1.000000
0.594613 -0.068122 -0.801121 -6.392795 0.044126 0.997667 -0.052084 101.701614 0.802800 -0.004380 0.596232 0.356166 0.000000 0.000000 0.000000 1.000000
0.592789 -0.120263 -0.796327 -6.437346 0.064550 0.992701 -0.101869 100.921143 0.802766 0.008984 0.596226 -0.523496 0.000000 0.000000 0.000000 1.000000
0.587839 -0.161113 -0.792772 -6.299483 0.077091 0.986664 -0.143355 100.142029 0.805296 0.023154 0.592420 -1.305480 0.000000 0.000000 0.000000 1.000000
0.583890 -0.185812 -0.790283 -5.934127 0.085470 0.982115 -0.167767 99.508080 0.807321 0.030412 0.589328 -1.945682 0.000000 0.000000 0.000000 1.000000
0.578972 -0.197555 -0.791052 -5.681460 0.095104 0.979943 -0.175121 98.996719 0.809782 0.026158 0.586148 -2.418199 0.000000 0.000000 0.000000 1.000000
0.570939 -0.201779 -0.795810 -5.662316 0.104857 0.979310 -0.173078 98.623375 0.814269 0.015371 0.580285 -2.692906 0.000000 0.000000 0.000000 1.000000
0.560774 -0.204355 -0.802354 -5.740322 0.113078 0.978885 -0.170285 98.433456 0.820211 0.004763 0.572042 -2.841456 0.000000 0.000000 0.000000 1.000000
0.552335 -0.208189 -0.807207 -5.870201 0.119868 0.978085 -0.170240 98.288063 0.824959 -0.002729 0.565186 -2.915227 0.000000 0.000000 0.000000 1.000000
0.550652 -0.213138 -0.807065 -6.014458 0.124795 0.977007 -0.172872 98.152100 0.825354 -0.005525 0.564589 -2.915179 0.000000 0.000000 0.000000 1.000000
0.554981 -0.217460 -0.802937 -6.172379 0.127580 0.976058 -0.176164 98.040771 0.822021 -0.004671 0.569437 -2.891480 0.000000 0.000000 0.000000 1.000000
0.556515 -0.215602 -0.802375 -6.307813 0.126478 0.976472 -0.174659 98.014694 0.821154 -0.004282 0.570691 -2.745640 0.000000 0.000000 0.000000 1.000000
0.557437 -0.212403 -0.802589 -6.424261 0.124583 0.977174 -0.172078 98.009270 0.820819 -0.004066 0.571175 -2.578654 0.000000 0.000000 0.000000 1.000000
0.556965 -0.206304 -0.804505 -6.304382 0.121792 0.978474 -0.166598 98.078583 0.821557 -0.005193 0.570102 -2.439764 0.000000 0.000000 0.000000 1.000000
0.555393 -0.197922 -0.807691 -5.972788 0.118438 0.980189 -0.158751 98.209511 0.823110 -0.007492 0.567832 -2.335174 0.000000 0.000000 0.000000 1.000000
0.553568 -0.188995 -0.811075 -5.603636 0.114938 0.981927 -0.150361 98.351631 0.824834 -0.009988 0.565286 -2.237114 0.000000 0.000000 0.000000 1.000000
0.551529 -0.179626 -0.814586 -5.203906 0.111333 0.983654 -0.141528 98.503014 0.826692 -0.012633 0.562512 -2.143870 0.000000 0.000000 0.000000 1.000000
0.549319 -0.169920 -0.818154 -4.780579 0.107664 0.985338 -0.132355 98.661766 0.828648 -0.015381 0.559559 -2.053726 0.000000 0.000000 0.000000 1.000000
0.546979 -0.159983 -0.821717 -4.340637 0.103972 0.986952 -0.122944 98.825966 0.830665 -0.018187 0.556476 -1.964968 0.000000 0.000000 0.000000 1.000000
0.544555 -0.149925 -0.825217 -3.891062 0.100292 0.988474 -0.113403 98.993713 0.832707 -0.021008 0.553315 -1.875879 0.000000 0.000000 0.000000 1.000000
0.542091 -0.139856 -0.828600 -3.438833 0.096662 0.989886 -0.103839 99.163086 0.834741 -0.023804 0.550127 -1.784746 0.000000 0.000000 0.000000 1.000000
0.539636 -0.129889 -0.831818 -2.990932 0.093117 0.991173 -0.094363 99.332176 0.836733 -0.026534 0.546968 -1.689853 0.000000 0.000000 0.000000 1.000000
0.537238 -0.120139 -0.834831 -2.554340 0.089689 0.992329 -0.085087 99.499084 0.838649 -0.029164 0.543891 -1.589485 0.000000 0.000000 0.000000 1.000000
0.534945 -0.110723 -0.837600 -2.136039 0.086411 0.993347 -0.076123 99.661896 0.840456 -0.031656 0.540954 -1.481926 0.000000 0.000000 0.000000 1.000000
0.532773 -0.101758 -0.840118 -1.734304 0.083338 0.994228 -0.067575 99.822922 0.842145 -0.034012 0.538178 -1.362083 0.000000 0.000000 0.000000 1.000000
0.530682 -0.093194 -0.842432 -1.340908 0.080461 0.994987 -0.059384 99.985443 0.843743 -0.036269 0.535520 -1.228955 0.000000 0.000000 0.000000 1.000000
0.528641 -0.084891 -0.844590 -0.953070 0.077721 0.995648 -0.051428 100.148956 0.845280 -0.038456 0.532938 -1.086971 0.000000 0.000000 0.000000 1.000000
0.526616 -0.076712 -0.846635 -0.568011 0.075057 0.996226 -0.043580 100.312965 0.846783 -0.040596 0.530387 -0.940558 0.000000 0.000000 0.000000 1.000000
0.524575 -0.068516 -0.848603 -0.182952 0.072413 0.996735 -0.035714 100.476974 0.848279 -0.042715 0.527824 -0.794146 0.000000 0.000000 0.000000 1.000000
0.522480 -0.060162 -0.850526 0.204886 0.069730 0.997181 -0.027700 100.640480 0.849795 -0.044835 0.525202 -0.652161 0.000000 0.000000 0.000000 1.000000</float_array>
        <technique_common>
          <accessor source="#mixamorig_Hips-Matrix-animation-output-transform-array" count="37" stride="16">
            <param type="float4x4"/>
          </accessor>
        </technique_common>
      </source>
      <source id="mixamorig_Hips-Interpolations">
        <Name_array id="mixamorig_Hips-Interpolations-array" count="37">
 LINEAR LINEAR LINEAR LINEAR LINEAR LINEAR LINEAR LINEAR LINEAR LINEAR LINEAR
LINEAR LINEAR LINEAR LINEAR LINEAR LINEAR LINEAR LINEAR LINEAR LINEAR LINEAR LINEAR
LINEAR LINEAR LINEAR LINEAR LINEAR LINEAR LINEAR LINEAR LINEAR LINEAR LINEAR LINEAR
LINEAR LINEAR</Name_array>
        <technique_common>
          <accessor source="#mixamorig_Hips-Interpolations-array" count="37">
            <param type="name"/>
          </accessor>
        </technique_common>
      </source>
      <sampler id="mixamorig_Hips-Matrix-animation-transform">
        <input semantic="INPUT" source="#mixamorig_Hips-Matrix-animation-input"/>
        <input semantic="OUTPUT" source="#mixamorig_Hips-Matrix-animation-output-transform"/>
        <input semantic="INTERPOLATION" source="#mixamorig_Hips-Interpolations"/>
      </sampler>
      <channel source="#mixamorig_Hips-Matrix-animation-transform" target="mixamorig_Hips/matrix"/>
    </animation>
    <animation id="mixamorig_Spine-anim" name="mixamorig_Spine">
      <source id="mixamorig_Spine-Matrix-animation-input">
        <float_array id="mixamorig_Spine-Matrix-animation-input-array" count="37">

0.000000 0.033333 0.066667 0.100000 0.133333 0.166667 0.200000 0.233333 0.266667 0.300000 0.333333 0.366667 0.400000 0.433333 0.466667 0.500000
0.533333 0.566667 0.600000 0.633333 0.666667 0.700000 0.733333 0.766667 0.800000 0.833333 0.866667 0.900000 0.933333 0.966667 1.000000 1.033333
1.066667 1.100000 1.133333 1.166667 1.200000</float_array>
        <technique_common>
          <accessor source="#mixamorig_Spine-Matrix-animation-input-array" count="37">
            <param name="TIME" type="float"/>
          </accessor>
        </technique_common>
      </source>
      <source id="mixamorig_Spine-Matrix-animation-output-transform">
        <float_array id="mixamorig_Spine-Matrix-animation-output-transform-array" count="592">

0.998816 0.048625 0.001208 0.000000 -0.047274 0.976313 -0.211137 8.536500 -0.011446 0.210830 0.977456 0.187100 0.000000 0.000000 0.000000 1.000000
0.998800 0.048971 0.001173 0.000000 -0.047607 0.976070 -0.212183 8.536500 -0.011536 0.211873 0.977229 0.187100 0.000000 0.000000 0.000000 1.000000
0.998817 0.048606 0.001214 -0.000000 -0.047254 0.976314 -0.211136 8.536500 -0.011448 0.210829 0.977456 0.187100 0.000000 0.000000 0.000000 1.000000
0.998915 0.046556 0.001399 0.000000 -0.045297 0.978028 -0.203495 8.536500 -0.010842 0.203210 0.979075 0.187100 0.000000 0.000000 0.000000 1.000000
0.999078 0.042900 0.001719 0.000000 -0.041748 0.980043 -0.194352 8.536500 -0.010022 0.194101 0.980930 0.187100 0.000000 0.000000 0.000000 1.000000
0.999314 0.036974 0.002290 0.000000 -0.035896 0.981746 -0.186778 8.536500 -0.009155 0.186568 0.982399 0.187100 0.000000 0.000000 0.000000 1.000000
0.999545 0.030017 0.002891 0.000000 -0.028986 0.982793 -0.182421 8.536500 -0.008316 0.182254 0.983216 0.187100 0.000000 0.000000 0.000000 1.000000
0.999733 0.022816 0.003537 -0.000000 -0.021712 0.981132 -0.192116 8.536500 -0.007853 0.191988 0.981366 0.187100 0.000000 0.000000 0.000000 1.000000
0.999874 0.015315 0.004210 -0.000000 -0.014118 0.978420 -0.206144 8.536500 -0.007276 0.206058 0.978513 0.187100 0.000000 0.000000 0.000000 1.000000
0.999962 0.007102 0.005055 0.000000 -0.005833 0.976045 -0.217491 8.536500 -0.006478 0.217453 0.976049 0.187100 0.000000 0.000000 0.000000 1.000000
0.999982 -0.000792 0.005980 -0.000000 0.002127 0.973966 -0.226685 8.536500 -0.005645 0.226693 0.973950 0.187100 0.000000 0.000000 0.000000 1.000000
0.999941 -0.007846 0.007463 -0.000000 0.009383 0.971831 -0.235492 8.536500 -0.005406 0.235548 0.971848 0.187100 0.000000 0.000000 0.000000 1.000000
0.999868 -0.013186 0.009451 0.000000 0.015096 0.969592 -0.244260 8.536500 -0.005943 0.244370 0.969664 0.187100 0.000000 0.000000 0.000000 1.000000
0.999799 -0.016745 0.010988 0.000000 0.018967 0.967838 -0.250859 8.536500 -0.006434 0.251017 0.967961 0.187100 0.000000 0.000000 0.000000 1.000000
0.999752 -0.019141 0.011345 -0.000000 0.021404 0.966624 -0.255303 8.536500 -0.006080 0.255482 0.966795 0.187100 0.000000 0.000000 0.000000 1.000000
0.999718 -0.020990 0.011119 -0.000000 0.023147 0.965940 -0.257728 8.536500 -0.005331 0.257912 0.966154 0.187100 0.000000 0.000000 0.000000 1.000000
0.999690 -0.022415 0.010855 -0.000000 0.024461 0.965678 -0.258586 8.536500 -0.004686 0.258771 0.965927 0.187100 0.000000 0.000000 0.000000 1.000000
0.999650 -0.024269 0.010511 0.000000 0.026158 0.965877 -0.257677 8.536500 -0.003899 0.257862 0.966174 0.187100 0.000000 0.000000 0.000000 1.000000
0.999629 -0.025283 0.010106 -0.000000 0.027027 0.966387 -0.255666 8.536500 -0.003302 0.255844 0.966712 0.187100 0.000000 0.000000 0.000000 1.000000
0.999615 -0.025995 0.009675 0.000000 0.027599 0.966957 -0.253441 8.536500 -0.002767 0.253611 0.967302 0.187100 0.000000 0.000000 0.000000 1.000000
0.999661 -0.024399 0.009059 -0.000000 0.025893 0.967612 -0.251110 8.536500 -0.002639 0.251259 0.967916 0.187100 0.000000 0.000000 0.000000 1.000000
0.999750 -0.020789 0.008284 -0.000000 0.022196 0.968312 -0.248757 8.536500 -0.002850 0.248878 0.968531 0.187100 0.000000 0.000000 0.000000 1.000000
0.999830 -0.016833 0.007478 0.000000 0.018156 0.968999 -0.246395 8.536500 -0.003099 0.246489 0.969141 0.187100 0.000000 0.000000 0.000000 1.000000
0.999899 -0.012588 0.006658 0.000000 0.013833 0.969671 -0.244022 8.536500 -0.003385 0.244089 0.969747 0.187100 0.000000 0.000000 0.000000 1.000000
0.999950 -0.008113 0.005841 -0.000000 0.009284 0.970323 -0.241636 8.536500 -0.003707 0.241678 0.970349 0.187100 0.000000 0.000000 0.000000 1.000000
0.999981 -0.003464 0.005042 -0.000000 0.004569 0.970951 -0.239235 8.536500 -0.004067 0.239253 0.970949 0.187100 0.000000 0.000000 0.000000 1.000000
0.999990 0.001302 0.004275 0.000000 -0.000252 0.971554 -0.236816 8.536500 -0.004462 0.236813 0.971545 0.187100 0.000000 0.000000 0.000000 1.000000
0.999975 0.006126 0.003556 -0.000000 -0.005122 0.972132 -0.234380 8.536500 -0.004892 0.234356 0.972139 0.187100 0.000000 0.000000 0.000000 1.000000
0.999936 0.010950 0.002897 -0.000000 -0.009979 0.972683 -0.231923 8.536500 -0.005358 0.231880 0.972730 0.187100 0.000000 0.000000 0.000000 1.000000
0.999874 0.015717 0.002313 0.000000 -0.014767 0.973209 -0.229446 8.536500 -0.005857 0.229383 0.973319 0.187100 0.000000 0.000000 0.000000 1.000000
0.999791 0.020368 0.001816 0.000000 -0.019425 0.973713 -0.226947 8.536500 -0.006391 0.226865 0.973905 0.187100 0.000000 0.000000 0.000000 1.000000
0.999687 0.024985 0.001462 0.000000 -0.024019 0.974202 -0.224397 8.536500 -0.007031 0.224292 0.974497 0.187100 0.000000 0.000000 0.000000 1.000000
0.999559 0.029669 0.001269 0.000000 -0.028649 0.974675 -0.221783 8.536500 -0.007817 0.221649 0.975095 0.187100 0.000000 0.000000 0.000000 1.000000
0.999408 0.034397 0.001192 0.000000 -0.033300 0.975128 -0.219129 8.536500 -0.008700 0.218959 0.975695 0.187100 0.000000 0.000000 0.000000 1.000000
0.999233 0.039148 0.001187 0.000000 -0.037963 0.975554 -0.216455 8.536500 -0.009631 0.216244 0.976292 0.187100 0.000000 0.000000 0.000000 1.000000
0.999035 0.043898 0.001208 -0.000000 -0.042625 0.975950 -0.213785 8.536500 -0.010563 0.213527 0.976880 0.187100 0.000000 0.000000 0.000000 1.000000
0.998816 0.048625 0.001208 0.000000 -0.047274 0.976313 -0.211137 8.536500 -0.011446 0.210830 0.977456 0.187100 0.000000 0.000000 0.000000 1.000000</float_array>
        <technique_common>
          <accessor source="#mixamorig_Spine-Matrix-animation-output-transform-array" count="37" stride="16">
            <param type="float4x4"/>
          </accessor>
        </technique_common>
      </source>
      <source id="mixamorig_Spine-Interpolations">
        <Name_array id="mixamorig_Spine-Interpolations-array" count="37">
 LINEAR LINEAR LINEAR LINEAR LINEAR LINEAR LINEAR LINEAR LINEAR LINEAR LINEAR
LINEAR LINEAR LINEAR LINEAR LINEAR LINEAR LINEAR LINEAR LINEAR LINEAR LINEAR LINEAR
LINEAR LINEAR LINEAR LINEAR LINEAR LINEAR LINEAR LINEAR LINEAR LINEAR LINEAR LINEAR
LINEAR LINEAR</Name_array>
        <technique_common>
          <accessor source="#mixamorig_Spine-Interpolations-array" count="37">
            <param type="name"/>
          </accessor>
        </technique_common>
      </source>
      <sampler id="mixamorig_Spine-Matrix-animation-transform">
        <input semantic="INPUT" source="#mixamorig_Spine-Matrix-animation-input"/>
        <input semantic="OUTPUT" source="#mixamorig_Spine-Matrix-animation-output-transform"/>
        <input semantic="INTERPOLATION" source="#mixamorig_Spine-Interpolations"/>
      </sampler>
      <channel source="#mixamorig_Spine-Matrix-animation-transform" target="mixamorig_Spine/matrix"/>
    </animation>
    <animation id="mixamorig_Spine1-anim" name="mixamorig_Spine1">
      <source id="mixamorig_Spine1-Matrix-animation-input">
        <float_array id="mixamorig_Spine1-Matrix-animation-input-array" count="37">

0.000000 0.033333 0.066667 0.100000 0.133333 0.166667 0.200000 0.233333 0.266667 0.300000 0.333333 0.366667 0.400000 0.433333 0.466667 0.500000
0.533333 0.566667 0.600000 0.633333 0.666667 0.700000 0.733333 0.766667 0.800000 0.833333 0.866667 0.900000 0.933333 0.966667 1.000000 1.033333
1.066667 1.100000 1.133333 1.166667 1.200000</float_array>
        <technique_common>
          <accessor source="#mixamorig_Spine1-Matrix-animation-input-array" count="37">
            <param name="TIME" type="float"/>
          </accessor>
        </technique_common>
      </source>
      <source id="mixamorig_Spine1-Matrix-animation-output-transform">
        <float_array id="mixamorig_Spine1-Matrix-animation-output-transform-array" count="592">

0.995240 0.097444 -0.001099 0.000000 -0.096568 0.984646 -0.145419 9.685800 -0.013089 0.144833 0.989370 0.000000 0.000000 0.000000 0.000000 1.000000
0.995238 0.097467 -0.001101 -0.000000 -0.096563 0.984341 -0.147475 9.685800 -0.013290 0.146879 0.989065 0.000000 0.000000 0.000000 0.000000 1.000000
0.995240 0.097445 -0.001098 0.000000 -0.096568 0.984646 -0.145419 9.685800 -0.013089 0.144833 0.989370 0.000000 0.000000 0.000000 0.000000 1.000000
0.995249 0.097361 -0.001088 0.000000 -0.096672 0.986751 -0.130297 9.685800 -0.011613 0.129783 0.991474 0.000000 0.000000 0.000000 0.000000 1.000000
0.995270 0.097140 -0.001064 0.000000 -0.096643 0.988948 -0.112438 9.685800 -0.009870 0.112009 0.993658 0.000000 0.000000 0.000000 0.000000 1.000000
0.995322 0.096613 -0.001014 -0.000000 -0.096242 0.990467 -0.098550 9.685800 -0.008516 0.098186 0.995132 0.000000 0.000000 0.000000 0.000000 1.000000
0.995392 0.095880 -0.000966 0.000000 -0.095571 0.991277 -0.090756 9.685800 -0.007744 0.090430 0.995873 0.000000 0.000000 0.000000 0.000000 1.000000
0.995502 0.094732 -0.000895 0.000000 -0.094274 0.989671 -0.107994 9.685800 -0.009345 0.107593 0.994151 -0.000000 0.000000 0.000000 0.000000 1.000000
0.995651 0.093155 -0.000809 0.000000 -0.092478 0.987294 -0.129219 9.685800 -0.011239 0.128732 0.991616 0.000000 0.000000 0.000000 0.000000 1.000000
0.995843 0.091085 -0.000709 -0.000000 -0.090237 0.985461 -0.143961 9.685800 -0.012414 0.143426 0.989583 0.000000 0.000000 0.000000 0.000000 1.000000
0.996129 0.087906 -0.000578 0.000000 -0.086904 0.983740 -0.157170 9.685800 -0.013248 0.156612 0.987571 0.000000 0.000000 0.000000 0.000000 1.000000
0.996692 0.081258 0.001429 0.000000 -0.079798 0.981816 -0.172248 9.685800 -0.015400 0.171564 0.985053 0.000000 0.000000 0.000000 0.000000 1.000000
0.997288 0.073336 0.006235 0.000000 -0.070865 0.979647 -0.187804 9.685800 -0.019881 0.186853 0.982187 0.000000 0.000000 0.000000 0.000000 1.000000
0.997614 0.068475 0.008788 0.000000 -0.065362 0.977806 -0.199057 9.685800 -0.022224 0.198008 0.979948 0.000000 0.000000 0.000000 0.000000 1.000000
0.997740 0.066629 0.008721 0.000000 -0.063414 0.976538 -0.205794 9.685800 -0.022228 0.204776 0.978556 0.000000 0.000000 0.000000 0.000000 1.000000
0.997788 0.066010 0.007847 0.000000 -0.062894 0.975666 -0.210046 9.685800 -0.021521 0.209088 0.977660 0.000000 0.000000 0.000000 0.000000 1.000000
0.997940 0.063718 0.007456 -0.000000 -0.060709 0.975541 -0.211268 9.685800 -0.020735 0.210380 0.977400 0.000000 0.000000 0.000000 0.000000 1.000000
0.998183 0.059902 0.006579 0.000000 -0.057193 0.976073 -0.209788 9.685800 -0.018988 0.209030 0.977725 0.000000 0.000000 0.000000 0.000000 1.000000
0.998299 0.058038 0.005555 0.000000 -0.055643 0.976866 -0.206486 9.685800 -0.017410 0.205826 0.978434 0.000000 0.000000 0.000000 0.000000 1.000000
0.998382 0.056677 0.004495 0.000000 -0.054589 0.977690 -0.202838 9.685800 -0.015891 0.202264 0.979202 0.000000 0.000000 0.000000 0.000000 1.000000
0.998346 0.057383 0.003453 0.000000 -0.055548 0.978401 -0.199110 9.685800 -0.014804 0.198589 0.979971 -0.000000 0.000000 0.000000 0.000000 1.000000
0.998202 0.059889 0.002406 -0.000000 -0.058266 0.978994 -0.195388 9.685800 -0.014057 0.194897 0.980723 0.000000 0.000000 0.000000 0.000000 1.000000
0.998024 0.062818 0.001305 -0.000000 -0.061404 0.979552 -0.191594 9.685800 -0.013314 0.191135 0.981473 -0.000000 0.000000 0.000000 0.000000 1.000000
0.997815 0.066071 0.000189 0.000000 -0.064861 0.980073 -0.187750 9.685800 -0.012590 0.187327 0.982217 0.000000 0.000000 0.000000 0.000000 1.000000
0.997578 0.069551 -0.000906 0.000000 -0.068532 0.980556 -0.183882 9.685800 -0.011901 0.183499 0.982948 0.000000 0.000000 0.000000 0.000000 1.000000
0.997318 0.073160 -0.001947 0.000000 -0.072314 0.981002 -0.180016 9.685800 -0.011260 0.179674 0.983662 0.000000 0.000000 0.000000 0.000000 1.000000
0.997043 0.076797 -0.002901 0.000000 -0.076106 0.981412 -0.176178 9.685800 -0.010683 0.175877 0.984354 -0.000000 0.000000 0.000000 0.000000 1.000000
0.996759 0.080363 -0.003738 0.000000 -0.079803 0.981790 -0.172394 9.685800 -0.010184 0.172133 0.985021 0.000000 0.000000 0.000000 0.000000 1.000000
0.996476 0.083758 -0.004430 0.000000 -0.083304 0.982142 -0.168692 9.685800 -0.009779 0.168466 0.985659 0.000000 0.000000 0.000000 0.000000 1.000000
0.996206 0.086882 -0.004950 0.000000 -0.086505 0.982476 -0.165100 9.685800 -0.009481 0.164901 0.986264 0.000000 0.000000 0.000000 0.000000 1.000000
0.995961 0.089633 -0.005273 0.000000 -0.089305 0.982800 -0.161645 9.685800 -0.009307 0.161463 0.986835 -0.000000 0.000000 0.000000 0.000000 1.000000
0.995764 0.091795 -0.005212 -0.000000 -0.091458 0.983118 -0.158474 9.685800 -0.009423 0.158279 0.987349 0.000000 0.000000 0.000000 0.000000 1.000000
0.995622 0.093348 -0.004698 -0.000000 -0.092940 0.983432 -0.155638 9.685800 -0.009908 0.155393 0.987803 0.000000 0.000000 0.000000 0.000000 1.000000
0.995518 0.094493 -0.003885 -0.000000 -0.093973 0.983744 -0.153026 9.685800 -0.010638 0.152705 0.988215 0.000000 0.000000 0.000000 0.000000 1.000000
0.995432 0.095431 -0.002921 0.000000 -0.094782 0.984052 -0.150527 9.685800 -0.011491 0.150116 0.988602 0.000000 0.000000 0.000000 0.000000 1.000000
0.995344 0.096365 -0.001952 0.000000 -0.095591 0.984353 -0.148028 9.685800 -0.012343 0.147526 0.988981 -0.000000 0.000000 0.000000 0.000000 1.000000
0.995235 0.097498 -0.001122 0.000000 -0.096624 0.984641 -0.145419 9.685800 -0.013073 0.144835 0.989370 0.000000 0.000000 0.000000 0.000000 1.000000</float_array>
        <technique_common>
          <accessor source="#mixamorig_Spine1-Matrix-animation-output-transform-array" count="37" stride="16">
            <param type="float4x4"/>
          </accessor>
        </technique_common>
      </source>
      <source id="mixamorig_Spine1-Interpolations">
        <Name_array id="mixamorig_Spine1-Interpolations-array" count="37">
 LINEAR LINEAR LINEAR LINEAR LINEAR LINEAR LINEAR LINEAR LINEAR LINEAR LINEAR
LINEAR LINEAR LINEAR LINEAR LINEAR LINEAR LINEAR LINEAR LINEAR LINEAR LINEAR LINEAR
LINEAR LINEAR LINEAR LINEAR LINEAR LINEAR LINEAR LINEAR LINEAR LINEAR LINEAR LINEAR
LINEAR LINEAR</Name_array>
        <technique_common>
          <accessor source="#mixamorig_Spine1-Interpolations-array" count="37">
            <param type="name"/>
          </accessor>
        </technique_common>
      </source>
      <sampler id="mixamorig_Spine1-Matrix-animation-transform">
        <input semantic="INPUT" source="#mixamorig_Spine1-Matrix-animation-input"/>
        <input semantic="OUTPUT" source="#mixamorig_Spine1-Matrix-animation-output-transform"/>
        <input semantic="INTERPOLATION" source="#mixamorig_Spine1-Interpolations"/>
      </sampler>
      <channel source="#mixamorig_Spine1-Matrix-animation-transform" target="mixamorig_Spine1/matrix"/>
    </animation>
    <animation id="mixamorig_Spine2-anim" name="mixamorig_Spine2">
      <source id="mixamorig_Spine2-Matrix-animation-input">
        <float_array id="mixamorig_Spine2-Matrix-animation-input-array" count="37">

0.000000 0.033333 0.066667 0.100000 0.133333 0.166667 0.200000 0.233333 0.266667 0.300000 0.333333 0.366667 0.400000 0.433333 0.466667 0.500000
0.533333 0.566667 0.600000 0.633333 0.666667 0.700000 0.733333 0.766667 0.800000 0.833333 0.866667 0.900000 0.933333 0.966667 1.000000 1.033333
1.066667 1.100000 1.133333 1.166667 1.200000</float_array>
        <technique_common>
          <accessor source="#mixamorig_Spine2-Matrix-animation-input-array" count="37">
            <param name="TIME" type="float"/>
          </accessor>
        </technique_common>
      </source>
      <source id="mixamorig_Spine2-Matrix-animation-output-transform">
        <float_array id="mixamorig_Spine2-Matrix-animation-output-transform-array" count="592">

0.995241 0.097442 0.000487 -0.000000 -0.096539 0.986672 -0.130994 15.875400 -0.013244 0.130324 0.991383 0.000000 0.000000 0.000000 0.000000 1.000000
0.995230 0.097555 0.000487 0.000000 -0.096626 0.986414 -0.132859 15.875400 -0.013441 0.132178 0.991135 -0.000000 0.000000 0.000000 0.000000 1.000000
0.995241 0.097441 0.000486 0.000000 -0.096538 0.986672 -0.130994 15.875400 -0.013243 0.130324 0.991383 0.000000 0.000000 0.000000 0.000000 1.000000
0.995297 0.096864 0.000462 0.000000 -0.096140 0.988420 -0.117399 15.875400 -0.011829 0.116802 0.993085 0.000000 0.000000 0.000000 0.000000 1.000000
0.995413 0.095669 0.000414 0.000000 -0.095137 0.990317 -0.101100 15.875400 -0.010083 0.100597 0.994876 0.000000 0.000000 0.000000 0.000000 1.000000
0.995626 0.093430 0.000348 0.000000 -0.093037 0.991765 -0.088018 15.875400 -0.008568 0.087601 0.996119 0.000000 0.000000 0.000000 0.000000 1.000000
0.995887 0.090601 0.000216 0.000000 -0.090296 0.992726 -0.079631 15.875400 -0.007429 0.079284 0.996824 0.000000 0.000000 0.000000 0.000000 1.000000
0.996210 0.086980 0.000079 0.000000 -0.086614 0.992100 -0.090748 15.875400 -0.007972 0.090397 0.995874 0.000000 0.000000 0.000000 0.000000 1.000000
0.996573 0.082715 -0.000079 -0.000000 -0.082250 0.990879 -0.106743 15.875400 -0.008751 0.106383 0.994287 -0.000000 0.000000 0.000000 0.000000 1.000000
0.996964 0.077866 -0.000252 0.000000 -0.077290 0.989189 -0.124625 15.875400 -0.009454 0.124266 0.992204 0.000000 0.000000 0.000000 0.000000 1.000000
0.997369 0.072493 -0.000421 0.000000 -0.071811 0.987160 -0.142684 15.875400 -0.009928 0.142339 0.989768 0.000000 0.000000 0.000000 0.000000 1.000000
0.997909 0.064626 0.001291 -0.000000 -0.063591 0.985112 -0.159719 15.875400 -0.011594 0.159303 0.987162 0.000000 0.000000 0.000000 0.000000 1.000000
0.998384 0.056565 0.005440 -0.000000 -0.054740 0.983025 -0.175113 15.875400 -0.015253 0.174532 0.984533 -0.000000 0.000000 0.000000 0.000000 1.000000
0.998686 0.050595 0.008088 -0.000000 -0.048199 0.981235 -0.186694 15.875400 -0.017382 0.186059 0.982385 0.000000 0.000000 0.000000 0.000000 1.000000
0.998706 0.050183 0.008266 -0.000000 -0.047631 0.979853 -0.193956 15.875400 -0.017833 0.193311 0.980975 0.000000 0.000000 0.000000 0.000000 1.000000
0.998710 0.050227 0.007454 -0.000000 -0.047756 0.978995 -0.198215 15.875400 -0.017253 0.197603 0.980130 0.000000 0.000000 0.000000 0.000000 1.000000
0.998857 0.047288 0.006908 0.000000 -0.044958 0.978822 -0.199716 15.875400 -0.016206 0.199178 0.979829 -0.000000 0.000000 0.000000 0.000000 1.000000
0.999051 0.043150 0.005982 0.000000 -0.041107 0.979248 -0.198451 15.875400 -0.014421 0.198017 0.980093 0.000000 0.000000 0.000000 0.000000 1.000000
0.999141 0.041132 0.004966 0.000000 -0.039371 0.979946 -0.195336 15.875400 -0.012901 0.194973 0.980724 0.000000 0.000000 0.000000 0.000000 1.000000
0.999205 0.039672 0.003927 0.000000 -0.038182 0.980679 -0.191863 15.875400 -0.011462 0.191561 0.981414 -0.000000 0.000000 0.000000 0.000000 1.000000
0.999168 0.040669 0.002945 0.000000 -0.039389 0.981337 -0.188219 15.875400 -0.010544 0.187946 0.982123 0.000000 0.000000 0.000000 0.000000 1.000000
0.999039 0.043781 0.001995 0.000000 -0.042662 0.981904 -0.184514 15.875400 -0.010037 0.184252 0.982828 0.000000 0.000000 0.000000 0.000000 1.000000
0.998879 0.047335 0.001009 0.000000 -0.046373 0.982435 -0.180751 15.875400 -0.009547 0.180501 0.983528 -0.000000 0.000000 0.000000 0.000000 1.000000
0.998686 0.051240 0.000021 0.000000 -0.050428 0.982928 -0.176943 15.875400 -0.009087 0.176709 0.984221 0.000000 0.000000 0.000000 0.000000 1.000000
0.998464 0.055403 -0.000936 0.000000 -0.054729 0.983381 -0.173107 15.875400 -0.008670 0.172892 0.984903 0.000000 0.000000 0.000000 0.000000 1.000000
0.998213 0.059733 -0.001832 0.000000 -0.059181 0.983793 -0.169259 15.875400 -0.008308 0.169065 0.985570 -0.000000 0.000000 0.000000 0.000000 1.000000
0.997938 0.064135 -0.002637 -0.000000 -0.063687 0.984165 -0.165416 15.875400 -0.008014 0.165243 0.986220 -0.000000 0.000000 0.000000 0.000000 1.000000
0.997645 0.068516 -0.003323 0.000000 -0.068151 0.984501 -0.161596 15.875400 -0.007801 0.161442 0.986851 -0.000000 0.000000 0.000000 0.000000 1.000000
0.997340 0.072782 -0.003864 -0.000000 -0.072478 0.984805 -0.157817 15.875400 -0.007681 0.157677 0.987461 0.000000 0.000000 0.000000 0.000000 1.000000
0.997035 0.076839 -0.004237 -0.000000 -0.076573 0.985084 -0.154097 15.875400 -0.007667 0.153965 0.988047 0.000000 0.000000 0.000000 0.000000 1.000000
0.996737 0.080592 -0.004418 0.000000 -0.080338 0.985347 -0.150455 15.875400 -0.007772 0.150319 0.988607 0.000000 0.000000 0.000000 0.000000 1.000000
0.996462 0.083933 -0.004228 0.000000 -0.083642 0.985599 -0.146964 15.875400 -0.008168 0.146797 0.989133 0.000000 0.000000 0.000000 0.000000 1.000000
0.996211 0.086897 -0.003598 0.000000 -0.086512 0.985841 -0.143646 15.875400 -0.008935 0.143413 0.989623 0.000000 0.000000 0.000000 0.000000 1.000000
0.995974 0.089606 -0.002672 -0.000000 -0.089092 0.986072 -0.140447 15.875400 -0.009950 0.140120 0.990085 0.000000 0.000000 0.000000 0.000000 1.000000
0.995741 0.092182 -0.001590 0.000000 -0.091526 0.986290 -0.137311 15.875400 -0.011089 0.136871 0.990527 0.000000 0.000000 0.000000 0.000000 1.000000
0.995501 0.094752 -0.000492 0.000000 -0.093961 0.986492 -0.134179 15.875400 -0.012228 0.133622 0.990957 0.000000 0.000000 0.000000 0.000000 1.000000
0.995241 0.097441 0.000486 -0.000000 -0.096538 0.986672 -0.130994 15.875400 -0.013243 0.130324 0.991383 0.000000 0.000000 0.000000 0.000000 1.000000</float_array>
        <technique_common>
          <accessor source="#mixamorig_Spine2-Matrix-animation-output-transform-array" count="37" stride="16">
            <param type="float4x4"/>
          </accessor>
        </technique_common>
      </source>
      <source id="mixamorig_Spine2-Interpolations">
        <Name_array id="mixamorig_Spine2-Interpolations-array" count="37">
 LINEAR LINEAR LINEAR LINEAR LINEAR LINEAR LINEAR LINEAR LINEAR LINEAR LINEAR
LINEAR LINEAR LINEAR LINEAR LINEAR LINEAR LINEAR LINEAR LINEAR LINEAR LINEAR LINEAR
LINEAR LINEAR LINEAR LINEAR LINEAR LINEAR LINEAR LINEAR LINEAR LINEAR LINEAR LINEAR
LINEAR LINEAR</Name_array>
        <technique_common>
          <accessor source="#mixamorig_Spine2-Interpolations-array" count="37">
            <param type="name"/>
          </accessor>
        </technique_common>
      </source>
      <sampler id="mixamorig_Spine2-Matrix-animation-transform">
        <input semantic="INPUT" source="#mixamorig_Spine2-Matrix-animation-input"/>
        <input semantic="OUTPUT" source="#mixamorig_Spine2-Matrix-animation-output-transform"/>
        <input semantic="INTERPOLATION" source="#mixamorig_Spine2-Interpolations"/>
      </sampler>
      <channel source="#mixamorig_Spine2-Matrix-animation-transform" target="mixamorig_Spine2/matrix"/>
    </animation>
    <animation id="mixamorig_Neck-anim" name="mixamorig_Neck">
      <source id="mixamorig_Neck-Matrix-animation-input">
        <float_array id="mixamorig_Neck-Matrix-animation-input-array" count="37">

0.000000 0.033333 0.066667 0.100000 0.133333 0.166667 0.200000 0.233333 0.266667 0.300000 0.333333 0.366667 0.400000 0.433333 0.466667 0.500000
0.533333 0.566667 0.600000 0.633333 0.666667 0.700000 0.733333 0.766667 0.800000 0.833333 0.866667 0.900000 0.933333 0.966667 1.000000 1.033333
1.066667 1.100000 1.133333 1.166667 1.200000</float_array>
        <technique_common>
          <accessor source="#mixamorig_Neck-Matrix-animation-input-array" count="37">
            <param name="TIME" type="float"/>
          </accessor>
        </technique_common>
      </source>
      <source id="mixamorig_Neck-Matrix-animation-output-transform">
        <float_array id="mixamorig_Neck-Matrix-animation-output-transform-array" count="592">

0.885839 -0.189304 0.423619 0.000000 0.042162 0.942051 0.332810 26.173401 -0.462073 -0.276956 0.842487 -0.161200 0.000000 0.000000 0.000000 1.000000
0.885447 -0.191014 0.423670 0.000000 0.043579 0.941739 0.333511 26.173401 -0.462692 -0.276843 0.842184 -0.161200 0.000000 0.000000 0.000000 1.000000
0.885839 -0.189300 0.423620 -0.000000 0.042154 0.942049 0.332818 26.173401 -0.462074 -0.276966 0.842483 -0.161200 0.000000 0.000000 0.000000 1.000000
0.886679 -0.179325 0.426196 0.000000 0.033027 0.943941 0.328459 26.173401 -0.461204 -0.277162 0.842895 -0.161200 0.000000 0.000000 0.000000 1.000000
0.891734 -0.161827 0.422637 -0.000000 0.019258 0.946605 0.321821 26.173401 -0.452149 -0.278840 0.847236 -0.161200 0.000000 0.000000 0.000000 1.000000
0.905159 -0.134250 0.403316 0.000000 0.002390 0.950408 0.310995 26.173401 -0.425067 -0.280537 0.860591 -0.161200 0.000000 0.000000 0.000000 1.000000
0.922568 -0.101136 0.372344 0.000000 -0.019342 0.951699 0.306424 26.173401 -0.385349 -0.289899 0.876051 -0.161200 0.000000 0.000000 0.000000 1.000000
0.945836 -0.059584 0.319131 0.000000 -0.054626 0.939787 0.337366 26.173401 -0.320017 -0.336525 0.885630 -0.161200 0.000000 0.000000 0.000000 1.000000
0.957846 -0.026160 0.286089 0.000000 -0.097089 0.907774 0.408069 26.173401 -0.270379 -0.418643 0.866968 -0.161200 0.000000 0.000000 0.000000 1.000000
0.959478 -0.017468 0.281242 0.000000 -0.118796 0.879969 0.459938 26.173401 -0.255519 -0.474711 0.842235 -0.161200 0.000000 0.000000 0.000000 1.000000
0.953085 -0.030568 0.301154 0.000000 -0.116177 0.881756 0.457176 26.173401 -0.279519 -0.470715 0.836837 -0.161200 0.000000 0.000000 0.000000 1.000000
0.943914 -0.047133 0.326810 -0.000000 -0.094913 0.909257 0.405270 26.173401 -0.316256 -0.413559 0.853786 -0.161200 0.000000 0.000000 0.000000 1.000000
0.935006 -0.063611 0.348880 -0.000000 -0.057880 0.943218 0.327094 26.173401 -0.349877 -0.326028 0.878232 -0.161200 0.000000 0.000000 0.000000 1.000000
0.924551 -0.081319 0.372279 0.000000 -0.012995 0.969667 0.244084 26.173401 -0.380836 -0.230506 0.895450 -0.161200 0.000000 0.000000 0.000000 1.000000
0.912392 -0.099940 0.396930 -0.000000 0.032800 0.984467 0.172478 26.173401 -0.408002 -0.144349 0.901498 -0.161200 0.000000 0.000000 0.000000 1.000000
0.900783 -0.117783 0.417992 0.000000 0.067580 0.988810 0.132993 26.173401 -0.428979 -0.091550 0.898663 -0.161200 0.000000 0.000000 0.000000 1.000000
0.892938 -0.132994 0.430085 -0.000000 0.085356 0.988053 0.128317 26.173401 -0.442013 -0.077868 0.893623 -0.161200 0.000000 0.000000 0.000000 1.000000
0.888337 -0.145992 0.435366 0.000000 0.091033 0.985286 0.144650 26.173401 -0.450078 -0.088865 0.888557 -0.161200 0.000000 0.000000 0.000000 1.000000
0.886792 -0.157586 0.434473 -0.000000 0.093243 0.981746 0.165770 26.173401 -0.452665 -0.106491 0.885299 -0.161200 0.000000 0.000000 0.000000 1.000000
0.885881 -0.168577 0.432200 0.000000 0.094590 0.977706 0.187466 26.173401 -0.454167 -0.125190 0.882077 -0.161200 0.000000 0.000000 0.000000 1.000000
0.885838 -0.174640 0.429875 0.000000 0.092462 0.974324 0.205290 26.173401 -0.454689 -0.142106 0.879241 -0.161200 0.000000 0.000000 0.000000 1.000000
0.886425 -0.176310 0.427979 -0.000000 0.087142 0.971647 0.219791 26.173401 -0.454596 -0.157533 0.876656 -0.161200 0.000000 0.000000 0.000000 1.000000
0.887206 -0.177082 0.426038 -0.000000 0.080842 0.968791 0.234327 26.173401 -0.454236 -0.173455 0.873832 -0.161200 0.000000 0.000000 0.000000 1.000000
0.888097 -0.177141 0.424152 0.000000 0.073841 0.965756 0.248724 26.173401 -0.453686 -0.189571 0.870765 -0.161200 0.000000 0.000000 0.000000 1.000000
0.889022 -0.176676 0.422405 0.000000 0.066421 0.962559 0.262808 26.173401 -0.453022 -0.205585 0.867471 -0.161200 0.000000 0.000000 0.000000 1.000000
0.889911 -0.175881 0.420862 -0.000000 0.058865 0.959238 0.276402 26.173401 -0.452320 -0.221199 0.863989 -0.161200 0.000000 0.000000 0.000000 1.000000
0.890706 -0.174954 0.419565 0.000000 0.051460 0.955845 0.289332 26.173401 -0.451658 -0.236119 0.860379 -0.161200 0.000000 0.000000 0.000000 1.000000
0.891357 -0.174093 0.418538 0.000000 0.044493 0.952452 0.301422 26.173401 -0.451113 -0.250053 0.856721 -0.161200 0.000000 0.000000 0.000000 1.000000
0.891825 -0.173498 0.417787 0.000000 0.038255 0.949147 0.312500 26.173401 -0.450760 -0.262713 0.853110 -0.161200 0.000000 0.000000 0.000000 1.000000
0.892075 -0.173366 0.417307 0.000000 0.033037 0.946028 0.322396 26.173401 -0.450677 -0.273816 0.849656 -0.161200 0.000000 0.000000 0.000000 1.000000
0.892078 -0.173894 0.417083 0.000000 0.029129 0.943201 0.330944 26.173401 -0.450942 -0.283079 0.846474 -0.161200 0.000000 0.000000 0.000000 1.000000
0.891676 -0.175326 0.417343 0.000000 0.027607 0.941295 0.336455 26.173401 -0.451832 -0.288487 0.844170 -0.161200 0.000000 0.000000 0.000000 1.000000
0.890833 -0.177590 0.418184 -0.000000 0.028755 0.940634 0.338204 26.173401 -0.453420 -0.289258 0.843054 -0.161200 0.000000 0.000000 0.000000 1.000000
0.889687 -0.180397 0.419421 0.000000 0.031676 0.940807 0.337459 26.173401 -0.455470 -0.286947 0.842738 -0.161200 0.000000 0.000000 0.000000 1.000000
0.888372 -0.183464 0.420875 0.000000 0.035475 0.941380 0.335478 26.173401 -0.457751 -0.283098 0.842804 -0.161200 0.000000 0.000000 0.000000 1.000000
0.887036 -0.186517 0.422350 0.000000 0.039263 0.941929 0.333510 26.173401 -0.460028 -0.279252 0.842848 -0.161200 0.000000 0.000000 0.000000 1.000000
0.885840 -0.189295 0.423621 0.000000 0.042158 0.942055 0.332799 26.173401 -0.462072 -0.276948 0.842490 -0.161200 0.000000 0.000000 0.000000 1.000000</float_array>
        <technique_common>
          <accessor source="#mixamorig_Neck-Matrix-animation-output-transform-array" count="37" stride="16">
            <param type="float4x4"/>
          </accessor>
        </technique_common>
      </source>
      <source id="mixamorig_Neck-Interpolations">
        <Name_array id="mixamorig_Neck-Interpolations-array" count="37">
 LINEAR LINEAR LINEAR LINEAR LINEAR LINEAR LINEAR LINEAR LINEAR LINEAR LINEAR
LINEAR LINEAR LINEAR LINEAR LINEAR LINEAR LINEAR LINEAR LINEAR LINEAR LINEAR LINEAR
LINEAR LINEAR LINEAR LINEAR LINEAR LINEAR LINEAR LINEAR LINEAR LINEAR LINEAR LINEAR
LINEAR LINEAR</Name_array>
        <technique_common>
          <accessor source="#mixamorig_Neck-Interpolations-array" count="37">
            <param type="name"/>
          </accessor>
        </technique_common>
      </source>
      <sampler id="mixamorig_Neck-Matrix-animation-transform">
        <input semantic="INPUT" source="#mixamorig_Neck-Matrix-animation-input"/>
        <input semantic="OUTPUT" source="#mixamorig_Neck-Matrix-animation-output-transform"/>
        <input semantic="INTERPOLATION" source="#mixamorig_Neck-Interpolations"/>
      </sampler>
      <channel source="#mixamorig_Neck-Matrix-animation-transform" target="mixamorig_Neck/matrix"/>
    </animation>
    <animation id="mixamorig_Head-anim" name="mixamorig_Head">
      <source id="mixamorig_Head-Matrix-animation-input">
        <float_array id="mixamorig_Head-Matrix-animation-input-array" count="37">

0.000000 0.033333 0.066667 0.100000 0.133333 0.166667 0.200000 0.233333 0.266667 0.300000 0.333333 0.366667 0.400000 0.433333 0.466667 0.500000
0.533333 0.566667 0.600000 0.633333 0.666667 0.700000 0.733333 0.766667 0.800000 0.833333 0.866667 0.900000 0.933333 0.966667 1.000000 1.033333
1.066667 1.100000 1.133333 1.166667 1.200000</float_array>
        <technique_common>
