<?xml version="1.0" encoding="utf-8"?>
<COLLADA xmlns="http://www.collada.org/2005/11/COLLADASchema" version="1.4.1">
  <asset>
    <contributor>
      <author>Mixamo</author>
      <authoring_tool>COLLADA Mixamo exporter</authoring_tool>
      <comments/>
    </contributor>
    <created>2025-11-14T05:17:19Z</created>
    <modified>2025-11-14T05:17:19Z</modified>
    <revision/>
    <title/>
    <unit meter="0.010000"/>
    <up_axis>Y_UP</up_axis>
  </asset>
  <library_animations>
    <animation id="mixamorig_Hips-anim" name="mixamorig_Hips">
      <source id="mixamorig_Hips-Matrix-animation-input">
        <float_array id="mixamorig_Hips-Matrix-animation-input-array" count="83">

0.000000 0.033333 0.066667 0.100000 0.133333 0.166667 0.200000 0.233333 0.266667 0.300000 0.333333 0.366667 0.400000 0.433333 0.466667 0.500000
0.533333 0.566667 0.600000 0.633333 0.666667 0.700000 0.733333 0.766667 0.800000 0.833333 0.866667 0.900000 0.933333 0.966667 1.000000 1.033333
1.066667 1.100000 1.133333 1.166667 1.200000 1.233333 1.266667 1.300000 1.333333 1.366667 1.400000 1.433333 1.466667 1.500000 1.533333 1.566667
1.600000 1.633333 1.666667 1.700000 1.733333 1.766667 1.800000 1.833333 1.866667 1.900000 1.933333 1.966667 2.000000 2.033333 2.066667 2.100000
2.133333 2.166667 2.200000 2.233333 2.266667 2.300000 2.333333 2.366667 2.400000 2.433333 2.466667 2.500000 2.533333 2.566667 2.600000 2.633333
2.666667 2.700000 2.733333</float_array>
        <technique_common>
          <accessor source="#mixamorig_Hips-Matrix-animation-input-array" count="83">
            <param name="TIME" type="float"/>
          </accessor>
        </technique_common>
      </source>
      <source id="mixamorig_Hips-Matrix-animation-output-transform">
        <float_array id="mixamorig_Hips-Matrix-animation-output-transform-array" count="1328">

0.522569 -0.060166 -0.850471 0.204936 0.069742 0.997181 -0.027692 100.640846 0.849740 -0.044842 0.525292 -0.652182 0.000000 0.000000 0.000000 1.000000
0.489950 -0.077309 -0.868316 0.310126 0.089920 0.995229 -0.037871 100.462532 0.867101 -0.059524 0.494564 -0.358932 0.000000 0.000000 0.000000 1.000000
0.414474 -0.100555 -0.904489 0.672939 0.110567 0.992078 -0.059627 100.069107 0.903319 -0.075293 0.422309 0.503625 0.000000 0.000000 0.000000 1.000000
0.331177 -0.124583 -0.935308 0.899895 0.130336 0.987783 -0.085422 99.701462 0.934524 -0.093615 0.343368 1.424306 0.000000 0.000000 0.000000 1.000000
0.244835 -0.150890 -0.957752 0.598922 0.149906 0.981829 -0.116362 99.425644 0.957906 -0.115083 0.263005 2.346503 0.000000 0.000000 0.000000 1.000000
0.144618 -0.171325 -0.974543 0.058275 0.166242 0.975103 -0.146754 98.971130 0.975423 -0.140787 0.169499 3.278263 0.000000 0.000000 0.000000 1.000000
0.034311 -0.187345 -0.981695 -0.713991 0.179457 0.967463 -0.178357 98.440201 0.983167 -0.170053 0.066815 4.420908 0.000000 0.000000 0.000000 1.000000
-0.087298 -0.198531 -0.976199 -1.674573 0.192079 0.958197 -0.212046 97.794327 0.977489 -0.206018 -0.045515 5.622260 0.000000 0.000000 0.000000 1.000000
-0.214725 -0.196119 -0.956781 -2.814003 0.195292 0.951226 -0.238808 97.085350 0.956951 -0.238130 -0.165952 6.879539 0.000000 0.000000 0.000000 1.000000
-0.333994 -0.180507 -0.925130 -4.126185 0.183967 0.950133 -0.251802 96.363510 0.924448 -0.254294 -0.284131 8.194880 0.000000 0.000000 0.000000 1.000000
-0.442932 -0.170596 -0.880175 -5.726318 0.162025 0.950334 -0.265730 95.661079 0.881793 -0.260311 -0.393293 9.433653 0.000000 0.000000 0.000000 1.000000
-0.548419 -0.166987 -0.819361 -7.522613 0.134330 0.949539 -0.283427 94.933098 0.825344 -0.265502 -0.498314 10.384256 0.000000 0.000000 0.000000 1.000000
-0.647392 -0.170290 -0.742889 -9.562841 0.100188 0.947247 -0.304443 94.209755 0.755543 -0.271522 -0.596180 10.891029 0.000000 0.000000 0.000000 1.000000
-0.730010 -0.174291 -0.660839 -11.518003 0.062649 0.945799 -0.318653 93.574799 0.680559 -0.274020 -0.679524 10.984096 0.000000 0.000000 0.000000 1.000000
-0.786385 -0.176674 -0.591933 -13.154173 0.029786 0.946270 -0.322004 93.120514 0.617018 -0.270851 -0.738870 10.666859 0.000000 0.000000 0.000000 1.000000
-0.818195 -0.174376 -0.547860 -14.443919 0.007526 0.949567 -0.313473 92.765182 0.574892 -0.260606 -0.775618 9.947791 0.000000 0.000000 0.000000 1.000000
-0.816702 -0.163107 -0.553529 -15.051954 -0.001413 0.959785 -0.280733 92.592430 0.577058 -0.228493 -0.784089 9.158581 0.000000 0.000000 0.000000 1.000000
-0.779544 -0.155447 -0.606751 -15.114841 -0.000084 0.968740 -0.248079 92.752243 0.626347 -0.193337 -0.755189 8.094489 0.000000 0.000000 0.000000 1.000000
-0.704399 -0.146453 -0.694531 -14.670670 0.002676 0.977928 -0.208926 93.069420 0.709799 -0.149026 -0.688460 6.866259 0.000000 0.000000 0.000000 1.000000
-0.599854 -0.126309 -0.790077 -13.934837 0.003750 0.987006 -0.160639 93.530563 0.800101 -0.099323 -0.591586 5.446280 0.000000 0.000000 0.000000 1.000000
-0.486768 -0.094201 -0.868437 -13.072506 0.004173 0.993906 -0.110150 94.256363 0.873521 -0.057241 -0.483409 3.779016 0.000000 0.000000 0.000000 1.000000
-0.389252 -0.058316 -0.919284 -12.282614 0.002126 0.997934 -0.064206 95.218536 0.921129 -0.026946 -0.388324 2.049478 0.000000 0.000000 0.000000 1.000000
-0.309954 -0.029341 -0.950299 -11.614664 -0.007709 0.999568 -0.028348 96.421913 0.950720 -0.001461 -0.310047 0.335403 0.000000 0.000000 0.000000 1.000000
-0.218087 0.001003 -0.975929 -10.978135 -0.022801 0.999721 0.006123 98.135742 0.975663 0.023588 -0.218003 -1.200319 0.000000 0.000000 0.000000 1.000000
-0.108952 0.033858 -0.993470 -10.312307 -0.033251 0.998736 0.037684 100.205566 0.993491 0.037140 -0.107689 -2.610131 0.000000 0.000000 0.000000 1.000000
-0.000234 0.074782 -0.997200 -9.633628 -0.046917 0.996101 0.074711 102.464203 0.998899 0.046803 0.003276 -3.864349 0.000000 0.000000 0.000000 1.000000
0.098790 0.111668 -0.988823 -8.955954 -0.056776 0.992698 0.106433 104.679550 0.993487 0.045627 0.104408 -4.930800 0.000000 0.000000 0.000000 1.000000
0.214564 0.131685 -0.967792 -8.236447 -0.064706 0.990609 0.120444 106.699051 0.974564 0.036779 0.221070 -5.948276 0.000000 0.000000 0.000000 1.000000
0.345023 0.139508 -0.928168 -7.458845 -0.079238 0.989691 0.119301 108.317238 0.935243 0.032385 0.352521 -6.877130 0.000000 0.000000 0.000000 1.000000
0.474364 0.131570 -0.870441 -6.629443 -0.090619 0.990814 0.100380 109.715820 0.875652 0.031261 0.481929 -7.746522 0.000000 0.000000 0.000000 1.000000
0.593282 0.113242 -0.796990 -5.942388 -0.094061 0.993026 0.071078 110.344177 0.799481 0.032796 0.599796 -8.602789 0.000000 0.000000 0.000000 1.000000
0.683207 0.076664 -0.726190 -5.783526 -0.095479 0.995315 0.015249 109.853821 0.723956 0.058917 0.687325 -9.296419 0.000000 0.000000 0.000000 1.000000
0.762180 0.042826 -0.645947 -5.914517 -0.094212 0.994524 -0.045227 108.293716 0.640474 0.095327 0.762041 -9.857051 0.000000 0.000000 0.000000 1.000000
0.846764 0.027215 -0.531272 -6.012168 -0.091967 0.991142 -0.095808 105.719284 0.523958 0.129986 0.841767 -10.469180 0.000000 0.000000 0.000000 1.000000
0.930479 0.021735 -0.365700 -5.841570 -0.080649 0.985902 -0.146605 101.404289 0.357358 0.165906 0.919114 -11.248275 0.000000 0.000000 0.000000 1.000000
0.977777 0.014816 -0.209125 -5.308667 -0.054263 0.981393 -0.184182 95.047943 0.202506 0.191437 0.960387 -11.720081 0.000000 0.000000 0.000000 1.000000
0.995639 0.003250 -0.093231 -4.692688 -0.022202 0.978930 -0.202984 88.419891 0.090607 0.204169 0.974733 -11.903334 0.000000 0.000000 0.000000 1.000000
0.999907 -0.012106 -0.006254 -4.089714 0.010524 0.977651 -0.209969 81.826645 0.008656 0.209884 0.977688 -11.901424 0.000000 0.000000 0.000000 1.000000
0.998023 -0.029767 0.055351 -3.592668 0.040737 0.977053 -0.209062 75.672104 -0.047858 0.210904 0.976335 -11.782939 0.000000 0.000000 0.000000 1.000000
0.994237 -0.047855 0.095927 -3.215337 0.066687 0.976710 -0.203938 70.365250 -0.083934 0.209160 0.974273 -11.601511 0.000000 0.000000 0.000000 1.000000
0.990738 -0.063916 0.119807 -2.935649 0.086922 0.976357 -0.197916 66.296143 -0.104324 0.206497 0.972870 -11.384770 0.000000 0.000000 0.000000 1.000000
0.988457 -0.075202 0.131518 -2.788154 0.100054 0.975893 -0.193965 63.883636 -0.113761 0.204885 0.972152 -11.171874 0.000000 0.000000 0.000000 1.000000
0.988087 -0.078245 0.132521 -2.731569 0.103378 0.975359 -0.194902 63.562851 -0.114006 0.206280 0.971829 -11.001207 0.000000 0.000000 0.000000 1.000000
0.989280 -0.079091 0.122760 -2.569211 0.102929 0.973969 -0.201967 64.540077 -0.103590 0.212438 0.971668 -10.846736 0.000000 0.000000 0.000000 1.000000
0.990750 -0.078502 0.110690 -2.433041 0.100522 0.972514 -0.210027 66.041138 -0.091160 0.219211 0.971409 -10.718607 0.000000 0.000000 0.000000 1.000000
0.992205 -0.076090 0.098687 -2.396336 0.096114 0.971339 -0.217401 67.968834 -0.079317 0.225192 0.971081 -10.639599 0.000000 0.000000 0.000000 1.000000
0.993598 -0.072853 0.086342 -2.396640 0.090654 0.970232 -0.224569 70.131058 -0.067412 0.230959 0.970625 -10.579655 0.000000 0.000000 0.000000 1.000000
0.994830 -0.069033 0.074488 -2.401598 0.084569 0.969216 -0.231233 72.397003 -0.056232 0.236337 0.970043 -10.509182 0.000000 0.000000 0.000000 1.000000
0.995935 -0.061744 0.065588 -2.419047 0.075597 0.968843 -0.235856 75.137924 -0.048982 0.239855 0.969572 -10.376201 0.000000 0.000000 0.000000 1.000000
0.996662 -0.057355 0.058102 -2.446414 0.069598 0.968912 -0.237413 78.231544 -0.042679 0.240664 0.969670 -10.128047 0.000000 0.000000 0.000000 1.000000
0.997299 -0.053604 0.050213 -2.465949 0.064078 0.969124 -0.238102 81.402931 -0.035899 0.240677 0.969941 -9.850199 0.000000 0.000000 0.000000 1.000000
0.998180 -0.051348 0.031635 -2.330427 0.057357 0.970365 -0.234738 84.760323 -0.018645 0.236125 0.971544 -9.442760 0.000000 0.000000 0.000000 1.000000
0.998735 -0.050246 -0.002085 -1.959763 0.048492 0.973200 -0.224788 88.410858 0.013324 0.224403 0.974405 -8.835917 0.000000 0.000000 0.000000 1.000000
0.997708 -0.049159 -0.046492 -1.434042 0.038354 0.976961 -0.209943 92.247406 0.055741 0.207679 0.976608 -8.099484 0.000000 0.000000 0.000000 1.000000
0.993994 -0.047763 -0.098460 -0.846293 0.027984 0.980751 -0.193249 96.056824 0.105795 0.189333 0.976197 -7.343014 0.000000 0.000000 0.000000 1.000000
0.981055 -0.049516 -0.187294 0.020590 0.016964 0.985028 -0.171558 99.659531 0.192985 0.165131 0.967207 -6.522871 0.000000 0.000000 0.000000 1.000000
0.955367 -0.052456 -0.290727 0.876378 0.008190 0.988434 -0.151428 102.312607 0.295308 0.142288 0.944747 -5.557425 0.000000 0.000000 0.000000 1.000000
0.912536 -0.056699 -0.405047 1.715264 0.003040 0.991257 -0.131908 104.500397 0.408985 0.119139 0.904731 -4.428787 0.000000 0.000000 0.000000 1.000000
0.853294 -0.059225 -0.518056 2.429428 0.001357 0.993778 -0.111374 106.254745 0.521429 0.094332 0.848065 -3.179007 0.000000 0.000000 0.000000 1.000000
0.777175 -0.059137 -0.626499 2.939836 0.002351 0.995841 -0.091083 107.392609 0.629280 0.069314 0.774082 -1.748724 0.000000 0.000000 0.000000 1.000000
0.685897 -0.055046 -0.725614 3.351123 0.004662 0.997447 -0.071261 108.246231 0.727684 0.045494 0.684403 -0.243910 0.000000 0.000000 0.000000 1.000000
0.584421 -0.046821 -0.810099 3.643890 0.010172 0.998678 -0.050382 108.970261 0.811387 0.021203 0.584125 1.227101 0.000000 0.000000 0.000000 1.000000
0.485440 -0.036135 -0.873523 3.337587 0.030957 0.999229 -0.024131 109.097870 0.873721 -0.015328 0.486185 2.492987 0.000000 0.000000 0.000000 1.000000
0.404857 -0.016396 -0.914233 2.834725 0.048790 0.998802 0.003693 108.828979 0.913078 -0.046101 0.405172 3.493636 0.000000 0.000000 0.000000 1.000000
0.348396 -0.003525 -0.937341 2.228750 0.066207 0.997588 0.020857 108.366364 0.935006 -0.069325 0.347788 4.130411 0.000000 0.000000 0.000000 1.000000
0.302633 -0.001689 -0.953106 1.576218 0.084136 0.996142 0.024950 107.830238 0.949386 -0.087742 0.301608 4.490659 0.000000 0.000000 0.000000 1.000000
0.259480 0.003452 -0.965742 1.132233 0.094272 0.995127 0.028886 107.145035 0.961136 -0.098537 0.257890 4.616577 0.000000 0.000000 0.000000 1.000000
0.227432 0.014648 -0.973684 0.951583 0.096254 0.994652 0.037447 106.374374 0.969025 -0.102238 0.224806 4.537312 0.000000 0.000000 0.000000 1.000000
0.220501 0.019984 -0.975182 0.814929 0.093161 0.994788 0.041451 105.689011 0.970928 -0.099989 0.217490 4.266630 0.000000 0.000000 0.000000 1.000000
0.238581 0.012673 -0.971040 0.715668 0.089726 0.995350 0.035035 105.022614 0.966969 -0.095486 0.236335 3.820743 0.000000 0.000000 0.000000 1.000000
0.273139 0.004630 -0.961963 0.700072 0.085925 0.995874 0.029191 104.425713 0.958129 -0.090630 0.271614 3.324270 0.000000 0.000000 0.000000 1.000000
0.315388 -0.001948 -0.948961 0.645171 0.083994 0.996130 0.025871 103.888519 0.945238 -0.087866 0.314332 2.779296 0.000000 0.000000 0.000000 1.000000
0.351591 -0.008359 -0.936116 0.627957 0.084486 0.996163 0.022836 103.474602 0.932334 -0.087117 0.350948 2.197268 0.000000 0.000000 0.000000 1.000000
0.371675 -0.012126 -0.928284 0.661035 0.086762 0.995992 0.021728 103.121071 0.924300 -0.088615 0.371237 1.735954 0.000000 0.000000 0.000000 1.000000
0.388872 -0.014431 -0.921179 0.682467 0.087087 0.995976 0.021161 102.829285 0.917166 -0.088451 0.388564 1.398043 0.000000 0.000000 0.000000 1.000000
0.410054 -0.016920 -0.911905 0.710211 0.085623 0.996126 0.020019 102.600204 0.908033 -0.086289 0.409914 1.137714 0.000000 0.000000 0.000000 1.000000
0.427078 -0.022564 -0.903933 0.738316 0.085215 0.996244 0.015393 102.381699 0.900190 -0.083603 0.427397 0.928552 0.000000 0.000000 0.000000 1.000000
0.438385 -0.025988 -0.898411 0.803051 0.083988 0.996393 0.012160 102.150162 0.894854 -0.080786 0.438986 0.762119 0.000000 0.000000 0.000000 1.000000
0.446513 -0.030537 -0.894256 0.862388 0.083244 0.996501 0.007536 101.895935 0.890896 -0.077807 0.447493 0.633940 0.000000 0.000000 0.000000 1.000000
0.453217 -0.035194 -0.890705 0.905749 0.081939 0.996635 0.002313 101.650269 0.887626 -0.074032 0.454575 0.526282 0.000000 0.000000 0.000000 1.000000
0.458511 -0.039575 -0.887807 0.919428 0.079282 0.996846 -0.003490 101.432251 0.885145 -0.068787 0.460202 0.442446 0.000000 0.000000 0.000000 1.000000
0.463100 -0.043853 -0.885221 0.920889 0.076060 0.997057 -0.009603 101.224586 0.883036 -0.062883 0.465072 0.369664 0.000000 0.000000 0.000000 1.000000
0.467658 -0.048066 -0.882602 0.922350 0.072765 0.997225 -0.015753 101.016930 0.880910 -0.056855 0.469857 0.296882 0.000000 0.000000 0.000000 1.000000</float_array>
        <technique_common>
          <accessor source="#mixamorig_Hips-Matrix-animation-output-transform-array" count="83" stride="16">
            <param type="float4x4"/>
          </accessor>
        </technique_common>
      </source>
      <source id="mixamorig_Hips-Interpolations">
        <Name_array id="mixamorig_Hips-Interpolations-array" count="83">
 LINEAR LINEAR LINEAR LINEAR LINEAR LINEAR LINEAR LINEAR LINEAR LINEAR LINEAR
LINEAR LINEAR LINEAR LINEAR LINEAR LINEAR LINEAR LINEAR LINEAR LINEAR LINEAR LINEAR
LINEAR LINEAR LINEAR LINEAR LINEAR LINEAR LINEAR LINEAR LINEAR LINEAR LINEAR LINEAR
LINEAR LINEAR LINEAR LINEAR LINEAR LINEAR LINEAR LINEAR LINEAR LINEAR LINEAR LINEAR
LINEAR LINEAR LINEAR LINEAR LINEAR LINEAR LINEAR LINEAR LINEAR LINEAR LINEAR LINEAR
LINEAR LINEAR LINEAR LINEAR LINEAR LINEAR LINEAR LINEAR LINEAR LINEAR LINEAR LINEAR
LINEAR LINEAR LINEAR LINEAR LINEAR LINEAR LINEAR LINEAR LINEAR LINEAR LINEAR LINEAR</Name_array>
        <technique_common>
          <accessor source="#mixamorig_Hips-Interpolations-array" count="83">
            <param type="name"/>
          </accessor>
        </technique_common>
      </source>
      <sampler id="mixamorig_Hips-Matrix-animation-transform">
        <input semantic="INPUT" source="#mixamorig_Hips-Matrix-animation-input"/>
        <input semantic="OUTPUT" source="#mixamorig_Hips-Matrix-animation-output-transform"/>
        <input semantic="INTERPOLATION" source="#mixamorig_Hips-Interpolations"/>
      </sampler>
      <channel source="#mixamorig_Hips-Matrix-animation-transform" target="mixamorig_Hips/matrix"/>
    </animation>
    <animation id="mixamorig_Spine-anim" name="mixamorig_Spine">
      <source id="mixamorig_Spine-Matrix-animation-input">
        <float_array id="mixamorig_Spine-Matrix-animation-input-array" count="83">

0.000000 0.033333 0.066667 0.100000 0.133333 0.166667 0.200000 0.233333 0.266667 0.300000 0.333333 0.366667 0.400000 0.433333 0.466667 0.500000
0.533333 0.566667 0.600000 0.633333 0.666667 0.700000 0.733333 0.766667 0.800000 0.833333 0.866667 0.900000 0.933333 0.966667 1.000000 1.033333
1.066667 1.100000 1.133333 1.166667 1.200000 1.233333 1.266667 1.300000 1.333333 1.366667 1.400000 1.433333 1.466667 1.500000 1.533333 1.566667
1.600000 1.633333 1.666667 1.700000 1.733333 1.766667 1.800000 1.833333 1.866667 1.900000 1.933333 1.966667 2.000000 2.033333 2.066667 2.100000
2.133333 2.166667 2.200000 2.233333 2.266667 2.300000 2.333333 2.366667 2.400000 2.433333 2.466667 2.500000 2.533333 2.566667 2.600000 2.633333
2.666667 2.700000 2.733333</float_array>
        <technique_common>
          <accessor source="#mixamorig_Spine-Matrix-animation-input-array" count="83">
            <param name="TIME" type="float"/>
          </accessor>
        </technique_common>
      </source>
      <source id="mixamorig_Spine-Matrix-animation-output-transform">
        <float_array id="mixamorig_Spine-Matrix-animation-output-transform-array" count="1328">

0.998816 0.048625 0.001208 0.000000 -0.047275 0.976313 -0.211137 8.536500 -0.011446 0.210830 0.977456 0.187100 0.000000 0.000000 0.000000 1.000000
0.999037 0.043229 0.007506 0.000000 -0.040666 0.976521 -0.211549 8.536500 -0.016475 0.211040 0.977338 0.187100 0.000000 0.000000 0.000000 1.000000
0.999283 0.031347 0.021219 0.000000 -0.026158 0.977027 -0.211505 8.536500 -0.027362 0.210798 0.977147 0.187100 0.000000 0.000000 0.000000 1.000000
0.999212 0.019227 0.034713 0.000000 -0.011535 0.977739 -0.209508 8.536500 -0.037969 0.208942 0.977191 0.187100 0.000000 0.000000 0.000000 1.000000
0.998927 0.009744 0.045274 0.000000 -0.000324 0.979059 -0.203575 8.536500 -0.046310 0.203342 0.978012 0.187100 0.000000 0.000000 0.000000 1.000000
0.998530 0.003547 0.054079 0.000000 0.007266 0.980084 -0.198452 8.536500 -0.053706 0.198553 0.978618 0.187100 0.000000 0.000000 0.000000 1.000000
0.998120 -0.002426 0.061249 0.000000 0.014283 0.980916 -0.193906 8.536500 -0.059610 0.194416 0.979106 0.187100 0.000000 0.000000 0.000000 1.000000
0.997706 -0.005843 0.067439 0.000000 0.018589 0.981617 -0.189955 8.536500 -0.065089 0.190773 0.979474 0.187100 0.000000 0.000000 0.000000 1.000000
0.997411 -0.008621 0.071400 -0.000000 0.021930 0.981967 -0.187778 8.536500 -0.068494 0.188858 0.979613 0.187100 0.000000 0.000000 0.000000 1.000000
0.997360 -0.015039 0.071045 -0.000000 0.028362 0.981289 -0.190439 8.536500 -0.066851 0.191951 0.979125 0.187100 0.000000 0.000000 0.000000 1.000000
0.997711 -0.023753 0.063313 0.000000 0.035520 0.980796 -0.191774 8.536500 -0.057542 0.193584 0.979395 0.187100 0.000000 0.000000 0.000000 1.000000
0.998358 -0.029613 0.049039 0.000000 0.038519 0.980637 -0.192010 8.536500 -0.042403 0.193583 0.980167 0.187100 0.000000 0.000000 0.000000 1.000000
0.998884 -0.033558 0.033227 -0.000000 0.039262 0.981110 -0.189427 8.536500 -0.026242 0.190520 0.981332 0.187100 0.000000 0.000000 0.000000 1.000000
0.999130 -0.036932 0.019349 0.000000 0.039896 0.981661 -0.186415 8.536500 -0.012110 0.187025 0.982281 0.187100 0.000000 0.000000 0.000000 1.000000
0.999166 -0.040329 0.006350 0.000000 0.040809 0.982117 -0.183797 8.536500 0.001176 0.183903 0.982944 0.187100 0.000000 0.000000 0.000000 1.000000
0.999093 -0.042069 -0.006572 -0.000000 0.040189 0.982695 -0.180820 8.536500 0.014065 0.180392 0.983494 0.187100 0.000000 0.000000 0.000000 1.000000
0.998911 -0.041606 -0.021117 0.000000 0.037166 0.983152 -0.178973 8.536500 0.028208 0.177993 0.983627 0.187100 0.000000 0.000000 0.000000 1.000000
0.998504 -0.040460 -0.036772 0.000000 0.033338 0.983641 -0.177028 8.536500 0.043333 0.175537 0.983519 0.187100 0.000000 0.000000 0.000000 1.000000
0.997861 -0.038682 -0.052694 -0.000000 0.028924 0.984188 -0.174748 8.536500 0.058620 0.172850 0.983202 0.187100 0.000000 0.000000 0.000000 1.000000
0.997008 -0.036391 -0.068192 0.000000 0.024187 0.984815 -0.171916 8.536500 0.073412 0.169753 0.982749 0.187100 0.000000 0.000000 0.000000 1.000000
0.996009 -0.033928 -0.082555 0.000000 0.019623 0.985543 -0.168284 8.536500 0.087071 0.165993 0.982275 0.187100 0.000000 0.000000 0.000000 1.000000
0.994981 -0.031677 -0.094915 -0.000000 0.015765 0.986349 -0.163914 8.536500 0.098812 0.161595 0.981898 0.187100 0.000000 0.000000 0.000000 1.000000
0.994309 -0.029011 -0.102512 0.000000 0.012435 0.987236 -0.158779 8.536500 0.105809 0.156600 0.981978 0.187100 0.000000 0.000000 0.000000 1.000000
0.994021 -0.028510 -0.105399 -0.000000 0.012005 0.987992 -0.154035 8.536500 0.108525 0.151849 0.982428 0.187100 0.000000 0.000000 0.000000 1.000000
0.993731 -0.027368 -0.108395 -0.000000 0.011089 0.988921 -0.148026 8.536500 0.111245 0.145896 0.983025 0.187100 0.000000 0.000000 0.000000 1.000000
0.993939 -0.025490 -0.106934 0.000000 0.009889 0.989534 -0.143959 8.536500 0.109484 0.142029 0.983789 0.187100 0.000000 0.000000 0.000000 1.000000
0.994712 -0.022210 -0.100270 0.000000 0.008069 0.990219 -0.139286 8.536500 0.102382 0.137740 0.985163 0.187100 0.000000 0.000000 0.000000 1.000000
0.995741 -0.022016 -0.089525 0.000000 0.009780 0.990813 -0.134885 8.536500 0.091672 0.133435 0.986809 0.187100 0.000000 0.000000 0.000000 1.000000
0.996777 -0.026540 -0.075699 0.000000 0.016093 0.990658 -0.135415 8.536500 0.078586 0.133761 0.987893 0.187100 0.000000 0.000000 0.000000 1.000000
0.997607 -0.029766 -0.062404 0.000000 0.020900 0.990184 -0.138197 8.536500 0.065905 0.136562 0.988437 0.187100 0.000000 0.000000 0.000000 1.000000
0.998252 -0.029809 -0.051030 -0.000000 0.022168 0.989295 -0.144234 8.536500 0.054783 0.142851 0.988227 0.187100 0.000000 0.000000 0.000000 1.000000
0.998916 -0.025768 -0.038764 -0.000000 0.019990 0.989567 -0.142679 8.536500 0.042036 0.141749 0.989010 0.187100 0.000000 0.000000 0.000000 1.000000
0.999421 -0.016616 -0.029689 0.000000 0.012352 0.990295 -0.138430 8.536500 0.031701 0.137983 0.989927 0.187100 0.000000 0.000000 0.000000 1.000000
0.999679 -0.010417 -0.023100 0.000000 0.007052 0.989952 -0.141227 8.536500 0.024339 0.141018 0.989708 0.187100 0.000000 0.000000 0.000000 1.000000
0.999788 -0.005792 -0.019778 0.000000 0.002643 0.987805 -0.155672 8.536500 0.020439 0.155587 0.987611 0.187100 0.000000 0.000000 0.000000 1.000000
0.999840 -0.004361 -0.017333 0.000000 0.001118 0.983128 -0.182918 8.536500 0.017838 0.182869 0.982975 0.187100 0.000000 0.000000 0.000000 1.000000
0.999883 -0.003202 -0.014986 0.000000 -0.000100 0.976531 -0.215378 8.536500 0.015324 0.215354 0.976416 0.187100 0.000000 0.000000 0.000000 1.000000
0.999912 -0.002073 -0.013124 0.000000 -0.001279 0.968158 -0.250335 8.536500 0.013225 0.250330 0.968070 0.187100 0.000000 0.000000 0.000000 1.000000
0.999931 -0.000939 -0.011734 0.000000 -0.002445 0.958506 -0.285061 8.536500 0.011515 0.285070 0.958438 0.187100 0.000000 0.000000 0.000000 1.000000
0.999941 0.000636 -0.010832 -0.000000 -0.004034 0.948533 -0.316652 8.536500 0.010073 0.316677 0.948480 0.187100 0.000000 0.000000 0.000000 1.000000
0.999944 0.002988 -0.010144 0.000000 -0.006278 0.939657 -0.342059 8.536500 0.008509 0.342104 0.939624 0.187100 0.000000 0.000000 0.000000 1.000000
0.999936 0.005941 -0.009620 -0.000000 -0.008995 0.933513 -0.358431 8.536500 0.006851 0.358495 0.933507 0.187100 0.000000 0.000000 0.000000 1.000000
0.999920 0.008285 -0.009538 -0.000000 -0.011184 0.931620 -0.363262 8.536500 0.005876 0.363339 0.931638 0.187100 0.000000 0.000000 0.000000 1.000000
0.999883 0.011650 -0.009955 -0.000000 -0.014455 0.932713 -0.360329 8.536500 0.005087 0.360430 0.932772 0.187100 0.000000 0.000000 0.000000 1.000000
0.999836 0.015178 -0.009847 0.000000 -0.017684 0.934841 -0.354625 8.536500 0.003823 0.354741 0.934957 0.187100 0.000000 0.000000 0.000000 1.000000
0.999790 0.018625 -0.008517 0.000000 -0.020424 0.937612 -0.347084 8.536500 0.001521 0.347185 0.937795 0.187100 0.000000 0.000000 0.000000 1.000000
0.999735 0.022017 -0.006650 -0.000000 -0.022968 0.940714 -0.338422 8.536500 -0.001195 0.338485 0.940971 0.187100 0.000000 0.000000 0.000000 1.000000
0.999674 0.025121 -0.004603 -0.000000 -0.025236 0.943936 -0.329163 8.536500 -0.003924 0.329172 0.944262 0.187100 0.000000 0.000000 0.000000 1.000000
0.999638 0.026838 -0.002034 0.000000 -0.026098 0.948016 -0.317151 8.536500 -0.006584 0.317089 0.948373 0.187100 0.000000 0.000000 0.000000 1.000000
0.999577 0.029081 0.000053 0.000000 -0.027707 0.952905 -0.301999 8.536500 -0.008833 0.301870 0.953308 0.187100 0.000000 0.000000 0.000000 1.000000
0.999507 0.031328 0.002124 0.000000 -0.029410 0.957714 -0.286215 8.536500 -0.011000 0.286012 0.958163 0.187100 0.000000 0.000000 0.000000 1.000000
0.999453 0.032779 0.004373 0.000000 -0.030373 0.962194 -0.270667 8.536500 -0.013079 0.270386 0.962663 0.187100 0.000000 0.000000 0.000000 1.000000
0.999435 0.032916 0.006793 -0.000000 -0.030089 0.966346 -0.255481 8.536500 -0.014973 0.255132 0.966790 0.187100 0.000000 0.000000 0.000000 1.000000
0.999437 0.032247 0.009300 0.000000 -0.029066 0.970205 -0.240535 8.536500 -0.016779 0.240129 0.970596 0.187100 0.000000 0.000000 0.000000 1.000000
0.999432 0.031509 0.011966 0.000000 -0.027986 0.973645 -0.226347 8.536500 -0.018783 0.225884 0.973973 0.187100 0.000000 0.000000 0.000000 1.000000
0.999400 0.030945 0.015547 0.000000 -0.026853 0.975938 -0.216390 8.536500 -0.021869 0.215842 0.976183 0.187100 0.000000 0.000000 0.000000 1.000000
0.999401 0.030186 0.016932 0.000000 -0.026042 0.978084 -0.206578 8.536500 -0.022796 0.206013 0.978284 0.187100 0.000000 0.000000 0.000000 1.000000
0.999419 0.028215 0.019123 0.000000 -0.023868 0.979851 -0.198301 8.536500 -0.024333 0.197729 0.979955 0.187100 0.000000 0.000000 0.000000 1.000000
0.999458 0.025299 0.021053 0.000000 -0.020821 0.981397 -0.190859 8.536500 -0.025489 0.190318 0.981392 0.187100 0.000000 0.000000 0.000000 1.000000
0.999536 0.020862 0.022180 0.000000 -0.016422 0.982735 -0.184287 8.536500 -0.025642 0.183837 0.982622 0.187100 0.000000 0.000000 0.000000 1.000000
0.999611 0.015851 0.022940 0.000000 -0.011513 0.983932 -0.178173 8.536500 -0.025395 0.177839 0.983732 0.187100 0.000000 0.000000 0.000000 1.000000
0.999660 0.011469 0.023408 0.000000 -0.007263 0.984993 -0.172444 8.536500 -0.025035 0.172215 0.984741 0.187100 0.000000 0.000000 0.000000 1.000000
0.999685 0.010681 0.022725 -0.000000 -0.006697 0.985651 -0.168663 8.536500 -0.024201 0.168458 0.985412 0.187100 0.000000 0.000000 0.000000 1.000000
0.999763 0.007681 0.020349 0.000000 -0.004158 0.985812 -0.167799 8.536500 -0.021349 0.167675 0.985611 0.187100 0.000000 0.000000 0.000000 1.000000
0.999843 0.005622 0.016789 0.000000 -0.002759 0.986138 -0.165904 8.536500 -0.017489 0.165832 0.985999 0.187100 0.000000 0.000000 0.000000 1.000000
0.999868 0.006998 0.014659 0.000000 -0.004536 0.986827 -0.161713 8.536500 -0.015598 0.161626 0.986729 0.187100 0.000000 0.000000 0.000000 1.000000
0.999852 0.008776 0.014798 0.000000 -0.006282 0.986959 -0.160849 8.536500 -0.016016 0.160733 0.986868 0.187100 0.000000 0.000000 0.000000 1.000000
0.999839 0.010271 0.014732 0.000000 -0.007696 0.986224 -0.165235 8.536500 -0.016226 0.165095 0.986144 0.187100 0.000000 0.000000 0.000000 1.000000
0.999842 0.011806 0.013255 0.000000 -0.009402 0.985625 -0.168687 8.536500 -0.015056 0.168535 0.985581 0.187100 0.000000 0.000000 0.000000 1.000000
0.999862 0.013473 0.009744 0.000000 -0.011642 0.985678 -0.168238 8.536500 -0.011871 0.168102 0.985698 0.187100 0.000000 0.000000 0.000000 1.000000
0.999885 0.014629 0.003917 0.000000 -0.013755 0.985490 -0.169173 8.536500 -0.006335 0.169100 0.985579 0.187100 0.000000 0.000000 0.000000 1.000000
0.999874 0.015750 -0.001794 -0.000000 -0.015824 0.985112 -0.171181 8.536500 -0.000928 0.171188 0.985238 0.187100 0.000000 0.000000 0.000000 1.000000
0.999818 0.018233 -0.005577 -0.000000 -0.018925 0.984596 -0.173817 8.536500 0.002322 0.173891 0.984762 0.187100 0.000000 0.000000 0.000000 1.000000
0.999735 0.021918 -0.007087 -0.000000 -0.022826 0.983950 -0.176978 8.536500 0.003094 0.177093 0.984189 0.187100 0.000000 0.000000 0.000000 1.000000
0.999654 0.024599 -0.009347 0.000000 -0.025883 0.983233 -0.180508 8.536500 0.004750 0.180688 0.983529 0.187100 0.000000 0.000000 0.000000 1.000000
0.999589 0.026260 -0.011467 0.000000 -0.027924 0.982484 -0.184240 8.536500 0.006428 0.184485 0.982814 0.187100 0.000000 0.000000 0.000000 1.000000
0.999529 0.028338 -0.011815 0.000000 -0.030047 0.981925 -0.186869 8.536500 0.006306 0.187136 0.982314 0.187100 0.000000 0.000000 0.000000 1.000000
0.999467 0.030733 -0.011028 -0.000000 -0.032270 0.981231 -0.190119 8.536500 0.004978 0.190374 0.981699 0.187100 0.000000 0.000000 0.000000 1.000000
0.999384 0.033491 -0.010446 0.000000 -0.034878 0.980580 -0.192992 8.536500 0.003780 0.193237 0.981145 0.187100 0.000000 0.000000 0.000000 1.000000
0.999308 0.035934 -0.009600 0.000000 -0.037118 0.979980 -0.195606 8.536500 0.002379 0.195827 0.980636 0.187100 0.000000 0.000000 0.000000 1.000000
0.999261 0.037575 -0.008116 0.000000 -0.038438 0.979474 -0.197871 8.536500 0.000514 0.198037 0.980194 0.187100 0.000000 0.000000 0.000000 1.000000
0.999222 0.038910 -0.006381 0.000000 -0.039400 0.979007 -0.199982 8.536500 -0.001534 0.200078 0.979779 0.187100 0.000000 0.000000 0.000000 1.000000
0.999179 0.040252 -0.004652 -0.000000 -0.040362 0.978534 -0.202096 8.536500 -0.003583 0.202118 0.979355 0.187100 0.000000 0.000000 0.000000 1.000000</float_array>
        <technique_common>
          <accessor source="#mixamorig_Spine-Matrix-animation-output-transform-array" count="83" stride="16">
            <param type="float4x4"/>
          </accessor>
        </technique_common>
      </source>
      <source id="mixamorig_Spine-Interpolations">
        <Name_array id="mixamorig_Spine-Interpolations-array" count="83">
 LINEAR LINEAR LINEAR LINEAR LINEAR LINEAR LINEAR LINEAR LINEAR LINEAR LINEAR
LINEAR LINEAR LINEAR LINEAR LINEAR LINEAR LINEAR LINEAR LINEAR LINEAR LINEAR LINEAR
LINEAR LINEAR LINEAR LINEAR LINEAR LINEAR LINEAR LINEAR LINEAR LINEAR LINEAR LINEAR
LINEAR LINEAR LINEAR LINEAR LINEAR LINEAR LINEAR LINEAR LINEAR LINEAR LINEAR LINEAR
LINEAR LINEAR LINEAR LINEAR LINEAR LINEAR LINEAR LINEAR LINEAR LINEAR LINEAR LINEAR
LINEAR LINEAR LINEAR LINEAR LINEAR LINEAR LINEAR LINEAR LINEAR LINEAR LINEAR LINEAR
LINEAR LINEAR LINEAR LINEAR LINEAR LINEAR LINEAR LINEAR LINEAR LINEAR LINEAR LINEAR</Name_array>
        <technique_common>
          <accessor source="#mixamorig_Spine-Interpolations-array" count="83">
            <param type="name"/>
          </accessor>
        </technique_common>
      </source>
      <sampler id="mixamorig_Spine-Matrix-animation-transform">
        <input semantic="INPUT" source="#mixamorig_Spine-Matrix-animation-input"/>
        <input semantic="OUTPUT" source="#mixamorig_Spine-Matrix-animation-output-transform"/>
        <input semantic="INTERPOLATION" source="#mixamorig_Spine-Interpolations"/>
      </sampler>
      <channel source="#mixamorig_Spine-Matrix-animation-transform" target="mixamorig_Spine/matrix"/>
    </animation>
    <animation id="mixamorig_Spine1-anim" name="mixamorig_Spine1">
      <source id="mixamorig_Spine1-Matrix-animation-input">
        <float_array id="mixamorig_Spine1-Matrix-animation-input-array" count="83">

0.000000 0.033333 0.066667 0.100000 0.133333 0.166667 0.200000 0.233333 0.266667 0.300000 0.333333 0.366667 0.400000 0.433333 0.466667 0.500000
0.533333 0.566667 0.600000 0.633333 0.666667 0.700000 0.733333 0.766667 0.800000 0.833333 0.866667 0.900000 0.933333 0.966667 1.000000 1.033333
1.066667 1.100000 1.133333 1.166667 1.200000 1.233333 1.266667 1.300000 1.333333 1.366667 1.400000 1.433333 1.466667 1.500000 1.533333 1.566667
1.600000 1.633333 1.666667 1.700000 1.733333 1.766667 1.800000 1.833333 1.866667 1.900000 1.933333 1.966667 2.000000 2.033333 2.066667 2.100000
2.133333 2.166667 2.200000 2.233333 2.266667 2.300000 2.333333 2.366667 2.400000 2.433333 2.466667 2.500000 2.533333 2.566667 2.600000 2.633333
2.666667 2.700000 2.733333</float_array>
        <technique_common>
          <accessor source="#mixamorig_Spine1-Matrix-animation-input-array" count="83">
            <param name="TIME" type="float"/>
          </accessor>
        </technique_common>
      </source>
      <source id="mixamorig_Spine1-Matrix-animation-output-transform">
        <float_array id="mixamorig_Spine1-Matrix-animation-output-transform-array" count="1328">

0.995240 0.097445 -0.001098 0.000000 -0.096568 0.984646 -0.145419 9.685800 -0.013089 0.144833 0.989370 0.000000 0.000000 0.000000 0.000000 1.000000
0.996072 0.087787 0.011603 0.000000 -0.085152 0.985533 -0.146542 9.685800 -0.024299 0.144979 0.989136 -0.000000 0.000000 0.000000 0.000000 1.000000
0.997027 0.066246 0.039351 0.000000 -0.059805 0.987343 -0.146894 9.685800 -0.048584 0.144104 0.988369 -0.000000 0.000000 0.000000 0.000000 1.000000
0.996799 0.044174 0.066642 0.000000 -0.034273 0.989128 -0.143010 9.685800 -0.072235 0.140268 0.987475 -0.000000 0.000000 0.000000 0.000000 1.000000
0.995766 0.026899 0.087906 0.000000 -0.015216 0.991270 -0.130966 9.685800 -0.090662 0.129074 0.987482 0.000000 0.000000 0.000000 0.000000 1.000000
0.994300 0.016038 0.105409 -0.000000 -0.003231 0.992700 -0.120567 9.685800 -0.106573 0.119540 0.987093 -0.000000 0.000000 0.000000 0.000000 1.000000
0.992785 0.005112 0.119798 0.000000 0.008305 0.993760 -0.111231 9.685800 -0.119619 0.111424 0.986548 -0.000000 0.000000 0.000000 0.000000 1.000000
0.991203 -0.001143 0.132343 0.000000 0.014922 0.994552 -0.103166 9.685800 -0.131505 0.104233 0.985820 -0.000000 0.000000 0.000000 0.000000 1.000000
0.990009 -0.006583 0.140852 0.000000 0.020648 0.994910 -0.098628 9.685800 -0.139486 0.100551 0.985106 0.000000 0.000000 0.000000 0.000000 1.000000
0.989762 -0.019526 0.141387 0.000000 0.034394 0.994035 -0.103492 9.685800 -0.138523 0.107296 0.984530 0.000000 0.000000 0.000000 0.000000 1.000000
0.991042 -0.038186 0.127974 0.000000 0.051885 0.993067 -0.105481 9.685800 -0.123058 0.111176 0.986152 0.000000 0.000000 0.000000 0.000000 1.000000
0.993460 -0.051705 0.101806 0.000000 0.062480 0.992437 -0.105667 9.685800 -0.095572 0.111337 0.989176 0.000000 0.000000 0.000000 0.000000 1.000000
0.995442 -0.061724 0.072700 -0.000000 0.068882 0.992552 -0.100477 9.685800 -0.065956 0.105027 0.992280 0.000000 0.000000 0.000000 0.000000 1.000000
0.996391 -0.070398 0.047428 0.000000 0.074640 0.992716 -0.094573 9.685800 -0.040425 0.097772 0.994387 0.000000 0.000000 0.000000 0.000000 1.000000
0.996609 -0.078872 0.023463 0.000000 0.080673 0.992706 -0.089596 9.685800 -0.016225 0.091185 0.995702 -0.000000 0.000000 0.000000 0.000000 1.000000
0.996467 -0.083979 -0.001007 0.000000 0.083598 0.992948 -0.084058 9.685800 0.008059 0.083676 0.996460 0.000000 0.000000 0.000000 0.000000 1.000000
0.995933 -0.085009 -0.029833 0.000000 0.082359 0.993306 -0.080996 9.685800 0.036519 0.078210 0.996268 0.000000 0.000000 0.000000 0.000000 1.000000
0.994484 -0.084533 -0.062098 -0.000000 0.079610 0.993779 -0.077879 9.685800 0.068295 0.072505 0.995027 0.000000 0.000000 0.000000 0.000000 1.000000
0.991952 -0.082919 -0.095690 0.000000 0.075965 0.994349 -0.074164 9.685800 0.101299 0.066298 0.992644 -0.000000 0.000000 0.000000 0.000000 1.000000
0.988453 -0.080048 -0.128658 0.000000 0.071555 0.995024 -0.069340 9.685800 0.133568 0.059333 0.989262 0.000000 0.000000 0.000000 0.000000 1.000000
0.984355 -0.075765 -0.159073 0.000000 0.066504 0.995810 -0.062761 9.685800 0.163162 0.051200 0.985270 -0.000000 0.000000 0.000000 0.000000 1.000000
0.980231 -0.070272 -0.184958 0.000000 0.061184 0.996643 -0.054400 9.685800 0.188160 0.042008 0.981240 0.000000 0.000000 0.000000 0.000000 1.000000
0.977585 -0.062937 -0.200912 0.000000 0.055172 0.997506 -0.044023 9.685800 0.203182 0.031952 0.978620 0.000000 0.000000 0.000000 0.000000 1.000000
0.976390 -0.060102 -0.207484 0.000000 0.054117 0.997942 -0.034410 9.685800 0.209125 0.022369 0.977633 0.000000 0.000000 0.000000 0.000000 1.000000
0.975136 -0.056515 -0.214280 0.000000 0.052959 0.998348 -0.022306 9.685800 0.215187 0.010403 0.976518 0.000000 0.000000 0.000000 0.000000 1.000000
0.975796 -0.053039 -0.212153 0.000000 0.051237 0.998589 -0.013989 9.685800 0.212596 0.002780 0.977136 0.000000 0.000000 0.000000 0.000000 1.000000
0.978754 -0.046976 -0.199583 0.000000 0.047115 0.998881 -0.004054 9.685800 0.199551 -0.005435 0.979872 0.000000 0.000000 0.000000 0.000000 1.000000
0.982741 -0.047528 -0.178778 0.000000 0.049248 0.998773 0.005191 9.685800 0.178312 -0.013906 0.983876 0.000000 0.000000 0.000000 0.000000 1.000000
0.986742 -0.058272 -0.151476 -0.000000 0.059614 0.998212 0.004326 9.685800 0.150953 -0.013299 0.988451 0.000000 0.000000 0.000000 0.000000 1.000000
0.990015 -0.065681 -0.124723 0.000000 0.066099 0.997813 -0.000791 9.685800 0.124502 -0.007461 0.992191 0.000000 0.000000 0.000000 0.000000 1.000000
0.992625 -0.066515 -0.101350 0.000000 0.065599 0.997770 -0.012347 9.685800 0.101945 0.005608 0.994774 0.000000 0.000000 0.000000 0.000000 1.000000
0.995241 -0.060695 -0.076237 0.000000 0.060219 0.998149 -0.008533 9.685800 0.076614 0.003901 0.997053 0.000000 0.000000 0.000000 0.000000 1.000000
0.997400 -0.043076 -0.057770 0.000000 0.043190 0.999067 0.000725 9.685800 0.057685 -0.003218 0.998330 0.000000 0.000000 0.000000 0.000000 1.000000
0.998548 -0.030157 -0.044634 0.000000 0.029985 0.999540 -0.004505 9.685800 0.044749 0.003160 0.998993 0.000000 0.000000 0.000000 0.000000 1.000000
0.999054 -0.019622 -0.038811 0.000000 0.018326 0.999271 -0.033478 9.685800 0.039440 0.032735 0.998686 0.000000 0.000000 0.000000 0.000000 1.000000
0.999222 -0.015143 -0.036422 0.000000 0.011868 0.996003 -0.088524 9.685800 0.037617 0.088022 0.995408 0.000000 0.000000 0.000000 0.000000 1.000000
0.999303 -0.012941 -0.035006 0.000000 0.007393 0.988011 -0.154206 9.685800 0.036582 0.153840 0.987418 -0.000000 0.000000 0.000000 0.000000 1.000000
0.999322 -0.011863 -0.034868 -0.000000 0.003726 0.974413 -0.224732 9.685800 0.036642 0.224450 0.973796 -0.000000 0.000000 0.000000 0.000000 1.000000
0.999291 -0.011272 -0.035924 0.000000 0.000201 0.955715 -0.294294 9.685800 0.037650 0.294078 0.955039 0.000000 0.000000 0.000000 0.000000 1.000000
0.999234 -0.010247 -0.037777 -0.000000 -0.003912 0.934144 -0.356876 9.685800 0.038947 0.356750 0.933388 0.000000 0.000000 0.000000 0.000000 1.000000
0.999182 -0.007712 -0.039700 -0.000000 -0.009102 0.913576 -0.406565 9.685800 0.039405 0.406594 0.912759 0.000000 0.000000 0.000000 0.000000 1.000000
0.999158 -0.003215 -0.040905 -0.000000 -0.015047 0.898762 -0.438178 9.685800 0.038173 0.438424 0.897957 0.000000 0.000000 0.000000 0.000000 1.000000
0.999156 0.001554 -0.041044 -0.000000 -0.019770 0.894111 -0.447408 9.685800 0.036003 0.447842 0.893387 0.000000 0.000000 0.000000 0.000000 1.000000
0.999102 0.009470 -0.041296 -0.000000 -0.026756 0.896768 -0.441691 9.685800 0.032850 0.442399 0.896216 0.000000 0.000000 0.000000 0.000000 1.000000
0.999021 0.017987 -0.040405 0.000000 -0.033655 0.901901 -0.430629 9.685800 0.028696 0.431567 0.901624 -0.000000 0.000000 0.000000 0.000000 1.000000
0.998954 0.026367 -0.037354 -0.000000 -0.039535 0.908511 -0.415987 9.685800 0.022968 0.417029 0.908603 0.000000 0.000000 0.000000 0.000000 1.000000
0.998849 0.034627 -0.033184 0.000000 -0.045008 0.915789 -0.399130 9.685800 0.016569 0.400164 0.916294 0.000000 0.000000 0.000000 0.000000 1.000000
0.998702 0.042235 -0.028470 0.000000 -0.049905 0.923200 -0.381066 9.685800 0.010189 0.381992 0.924109 -0.000000 0.000000 0.000000 0.000000 1.000000
0.998645 0.046950 -0.022443 0.000000 -0.051873 0.932459 -0.357532 9.685800 0.004141 0.358212 0.933631 0.000000 0.000000 0.000000 0.000000 1.000000
0.998462 0.052651 -0.017374 0.000000 -0.055437 0.943178 -0.327632 9.685800 -0.000863 0.328091 0.944646 0.000000 0.000000 0.000000 0.000000 1.000000
