<?xml version="1.0" encoding="utf-8"?>
<COLLADA xmlns="http://www.collada.org/2005/11/COLLADASchema" version="1.4.1">
  <asset>
    <contributor>
      <author>Mixamo</author>
      <authoring_tool>COLLADA Mixamo exporter</authoring_tool>
      <comments/>
    </contributor>
    <created>2025-11-14T05:17:42Z</created>
    <modified>2025-11-14T05:17:42Z</modified>
    <revision/>
    <title/>
    <unit meter="0.010000"/>
    <up_axis>Y_UP</up_axis>
  </asset>
  <library_animations>
    <animation id="mixamorig_Hips-anim" name="mixamorig_Hips">
      <source id="mixamorig_Hips-Matrix-animation-input">
        <float_array id="mixamorig_Hips-Matrix-animation-input-array" count="18">

0.000000 0.033333 0.066667 0.100000 0.133333 0.166667 0.200000 0.233333 0.266667 0.300000 0.333333 0.366667 0.400000 0.433333 0.466667 0.500000
0.533333 0.566667</float_array>
        <technique_common>
          <accessor source="#mixamorig_Hips-Matrix-animation-input-array" count="18">
            <param name="TIME" type="float"/>
          </accessor>
        </technique_common>
      </source>
      <source id="mixamorig_Hips-Matrix-animation-output-transform">
        <float_array id="mixamorig_Hips-Matrix-animation-output-transform-array" count="288">

0.866497 -0.039727 -0.497598 0.081613 -0.183894 0.901318 -0.392185 103.164963 0.464074 0.431332 0.773684 0.582402 0.000000 0.000000 0.000000 1.000000
0.854689 -0.110292 -0.507289 -1.120315 -0.150563 0.882510 -0.445542 103.706306 0.496827 0.457178 0.737666 19.681208 0.000000 0.000000 0.000000 1.000000
0.866926 -0.162253 -0.471289 -2.195027 -0.104676 0.865182 -0.490410 105.030594 0.487321 0.474482 0.733065 41.131409 0.000000 0.000000 0.000000 1.000000
0.908395 -0.118581 -0.400945 -2.223562 -0.094149 0.876300 -0.472476 105.709976 0.407375 0.466943 0.784863 63.507702 0.000000 0.000000 0.000000 1.000000
0.957263 -0.022035 -0.288380 -1.508144 -0.104474 0.903424 -0.415825 104.487030 0.269692 0.428181 0.862512 84.130508 0.000000 0.000000 0.000000 1.000000
0.980071 0.000127 -0.198646 -1.383286 -0.080471 0.914528 -0.396438 102.833916 0.181617 0.404522 0.896313 104.264763 0.000000 0.000000 0.000000 1.000000
0.983031 -0.031481 -0.180717 -1.522993 -0.046303 0.910679 -0.410511 101.525040 0.177499 0.411913 0.893768 125.154465 0.000000 0.000000 0.000000 1.000000
0.966113 -0.057150 -0.251712 -1.504556 -0.064055 0.891592 -0.448286 100.982086 0.250044 0.449218 0.857718 145.319794 0.000000 0.000000 0.000000 1.000000
0.941559 -0.070479 -0.329392 -1.329826 -0.098284 0.877834 -0.468773 100.818306 0.322190 0.473751 0.819606 165.625549 0.000000 0.000000 0.000000 1.000000
0.930541 0.013205 -0.365950 -0.531776 -0.170438 0.900122 -0.400912 101.784508 0.324106 0.435437 0.839851 187.357742 0.000000 0.000000 0.000000 1.000000
0.929577 0.082828 -0.359203 0.275994 -0.211401 0.918054 -0.335389 103.193352 0.301988 0.387705 0.870912 209.928635 0.000000 0.000000 0.000000 1.000000
0.916169 0.059771 -0.396310 0.433511 -0.210463 0.913259 -0.348803 104.160194 0.341085 0.402972 0.849279 232.530060 0.000000 0.000000 0.000000 1.000000
0.893868 0.009491 -0.448230 0.389387 -0.201055 0.902092 -0.381847 104.943024 0.400720 0.431440 0.808259 255.472183 0.000000 0.000000 0.000000 1.000000
0.868907 -0.008050 -0.494910 0.551527 -0.207486 0.901857 -0.378950 105.815994 0.449389 0.431959 0.781960 277.066467 0.000000 0.000000 0.000000 1.000000
0.854573 0.007761 -0.519273 0.902269 -0.218723 0.912262 -0.346321 106.262634 0.471025 0.409534 0.781292 296.866516 0.000000 0.000000 0.000000 1.000000
0.875846 0.029504 -0.481689 1.217580 -0.215223 0.917253 -0.335152 105.420258 0.431942 0.397212 0.809722 315.801666 0.000000 0.000000 0.000000 1.000000
0.881589 0.008117 -0.471948 0.824736 -0.196662 0.915253 -0.351618 103.849670 0.429098 0.402797 0.808474 332.966187 0.000000 0.000000 0.000000 1.000000
0.866497 -0.039727 -0.497598 0.081599 -0.183894 0.901318 -0.392184 103.165024 0.464075 0.431332 0.773684 352.033264 0.000000 0.000000 0.000000 1.000000</float_array>
        <technique_common>
          <accessor source="#mixamorig_Hips-Matrix-animation-output-transform-array" count="18" stride="16">
            <param type="float4x4"/>
          </accessor>
        </technique_common>
      </source>
      <source id="mixamorig_Hips-Interpolations">
        <Name_array id="mixamorig_Hips-Interpolations-array" count="18">
 LINEAR LINEAR LINEAR LINEAR LINEAR LINEAR LINEAR LINEAR LINEAR LINEAR LINEAR
LINEAR LINEAR LINEAR LINEAR LINEAR LINEAR LINEAR</Name_array>
        <technique_common>
          <accessor source="#mixamorig_Hips-Interpolations-array" count="18">
            <param type="name"/>
          </accessor>
        </technique_common>
      </source>
      <sampler id="mixamorig_Hips-Matrix-animation-transform">
        <input semantic="INPUT" source="#mixamorig_Hips-Matrix-animation-input"/>
        <input semantic="OUTPUT" source="#mixamorig_Hips-Matrix-animation-output-transform"/>
        <input semantic="INTERPOLATION" source="#mixamorig_Hips-Interpolations"/>
      </sampler>
      <channel source="#mixamorig_Hips-Matrix-animation-transform" target="mixamorig_Hips/matrix"/>
    </animation>
    <animation id="mixamorig_Spine-anim" name="mixamorig_Spine">
      <source id="mixamorig_Spine-Matrix-animation-input">
        <float_array id="mixamorig_Spine-Matrix-animation-input-array" count="18">

0.000000 0.033333 0.066667 0.100000 0.133333 0.166667 0.200000 0.233333 0.266667 0.300000 0.333333 0.366667 0.400000 0.433333 0.466667 0.500000
0.533333 0.566667</float_array>
        <technique_common>
          <accessor source="#mixamorig_Spine-Matrix-animation-input-array" count="18">
            <param name="TIME" type="float"/>
          </accessor>
        </technique_common>
      </source>
      <source id="mixamorig_Spine-Matrix-animation-output-transform">
        <float_array id="mixamorig_Spine-Matrix-animation-output-transform-array" count="288">

0.993948 0.058458 -0.093001 0.000000 -0.087113 0.935229 -0.343158 8.536500 0.066917 0.349183 0.934662 0.187100 0.000000 0.000000 0.000000 1.000000
0.970191 0.211810 -0.117753 0.000000 -0.238627 0.919709 -0.311756 8.536500 0.042265 0.330562 0.942837 0.187100 0.000000 0.000000 0.000000 1.000000
0.943574 0.315175 -0.101649 0.000000 -0.329705 0.922834 -0.199181 8.536500 0.031028 0.221456 0.974677 0.187100 0.000000 0.000000 0.000000 1.000000
0.958216 0.278046 -0.067181 -0.000000 -0.285068 0.947638 -0.143941 8.536500 0.023641 0.157078 0.987303 0.187100 0.000000 0.000000 0.000000 1.000000
0.974650 0.207724 -0.083112 0.000000 -0.221332 0.949478 -0.222495 8.536500 0.032696 0.235250 0.971385 0.187100 0.000000 0.000000 0.000000 1.000000
0.971506 0.207669 -0.114238 0.000000 -0.232629 0.927764 -0.291784 8.536500 0.045391 0.310044 0.949638 0.187100 0.000000 0.000000 0.000000 1.000000
0.959262 0.244433 -0.141664 -0.000000 -0.275404 0.920869 -0.275959 8.536500 0.063001 0.303732 0.950672 0.187100 0.000000 0.000000 0.000000 1.000000
0.960381 0.248766 -0.125632 0.000000 -0.267766 0.948635 -0.168501 8.536500 0.077262 0.195465 0.977662 0.187100 0.000000 0.000000 0.000000 1.000000
0.968744 0.221006 -0.112659 0.000000 -0.230533 0.969779 -0.079890 8.536500 0.091598 0.103364 0.990417 0.187100 0.000000 0.000000 0.000000 1.000000
0.989527 0.069660 -0.126429 0.000000 -0.093792 0.976047 -0.196306 8.536500 0.109726 0.206108 0.972358 0.187100 0.000000 0.000000 0.000000 1.000000
0.988019 -0.062649 -0.141042 0.000000 0.015339 0.949237 -0.314186 8.536500 0.153566 0.308258 0.938826 0.187100 0.000000 0.000000 0.000000 1.000000
0.985267 -0.092987 -0.143536 0.000000 0.055246 0.967326 -0.247442 8.536500 0.161855 0.235867 0.958212 0.187100 0.000000 0.000000 0.000000 1.000000
0.986459 -0.090266 -0.136933 0.000000 0.072654 0.989036 -0.128569 8.536500 0.147037 0.116879 0.982201 0.187100 0.000000 0.000000 0.000000 1.000000
0.987126 -0.107665 -0.118279 0.000000 0.095192 0.989747 -0.106484 8.536500 0.128531 0.093854 0.987254 0.187100 0.000000 0.000000 0.000000 1.000000
0.988325 -0.120919 -0.092699 0.000000 0.104879 0.981240 -0.161768 8.536500 0.110521 0.150158 0.982465 0.187100 0.000000 0.000000 0.000000 1.000000
0.989455 -0.121561 -0.078749 0.000000 0.098535 0.963437 -0.249157 8.536500 0.106157 0.238770 0.965256 0.187100 0.000000 0.000000 0.000000 1.000000
0.995670 -0.056078 -0.074142 -0.000000 0.029952 0.948548 -0.315213 8.536500 0.088004 0.311628 0.946120 0.187100 0.000000 0.000000 0.000000 1.000000
0.993950 0.058448 -0.092994 -0.000000 -0.087100 0.935232 -0.343154 8.536500 0.066914 0.349178 0.934664 0.187100 0.000000 0.000000 0.000000 1.000000</float_array>
        <technique_common>
          <accessor source="#mixamorig_Spine-Matrix-animation-output-transform-array" count="18" stride="16">
            <param type="float4x4"/>
          </accessor>
        </technique_common>
      </source>
      <source id="mixamorig_Spine-Interpolations">
        <Name_array id="mixamorig_Spine-Interpolations-array" count="18">
 LINEAR LINEAR LINEAR LINEAR LINEAR LINEAR LINEAR LINEAR LINEAR LINEAR LINEAR
LINEAR LINEAR LINEAR LINEAR LINEAR LINEAR LINEAR</Name_array>
        <technique_common>
          <accessor source="#mixamorig_Spine-Interpolations-array" count="18">
            <param type="name"/>
          </accessor>
        </technique_common>
      </source>
      <sampler id="mixamorig_Spine-Matrix-animation-transform">
        <input semantic="INPUT" source="#mixamorig_Spine-Matrix-animation-input"/>
        <input semantic="OUTPUT" source="#mixamorig_Spine-Matrix-animation-output-transform"/>
        <input semantic="INTERPOLATION" source="#mixamorig_Spine-Interpolations"/>
      </sampler>
      <channel source="#mixamorig_Spine-Matrix-animation-transform" target="mixamorig_Spine/matrix"/>
    </animation>
    <animation id="mixamorig_Spine1-anim" name="mixamorig_Spine1">
      <source id="mixamorig_Spine1-Matrix-animation-input">
        <float_array id="mixamorig_Spine1-Matrix-animation-input-array" count="18">

0.000000 0.033333 0.066667 0.100000 0.133333 0.166667 0.200000 0.233333 0.266667 0.300000 0.333333 0.366667 0.400000 0.433333 0.466667 0.500000
0.533333 0.566667</float_array>
        <technique_common>
          <accessor source="#mixamorig_Spine1-Matrix-animation-input-array" count="18">
            <param name="TIME" type="float"/>
          </accessor>
        </technique_common>
      </source>
      <source id="mixamorig_Spine1-Matrix-animation-output-transform">
        <float_array id="mixamorig_Spine1-Matrix-animation-output-transform-array" count="288">

0.996814 -0.039331 -0.069384 -0.000000 0.039310 0.999226 -0.001674 9.685800 0.069396 -0.001059 0.997589 0.000000 0.000000 0.000000 0.000000 1.000000
0.996439 -0.076245 -0.036015 0.000000 0.077214 0.996667 0.026331 9.685800 0.033887 -0.029018 0.999004 0.000000 0.000000 0.000000 0.000000 1.000000
0.995066 -0.095801 -0.025804 -0.000000 0.096228 0.995233 0.015844 9.685800 0.024163 -0.018249 0.999541 -0.000000 0.000000 0.000000 0.000000 1.000000
0.996565 -0.077721 -0.028598 -0.000000 0.077216 0.996845 -0.018360 9.685800 0.029934 0.016088 0.999422 -0.000000 0.000000 0.000000 0.000000 1.000000
0.996091 -0.071103 -0.052416 0.000000 0.070602 0.997440 -0.011346 9.685800 0.053089 0.007601 0.998561 0.000000 0.000000 0.000000 0.000000 1.000000
0.993477 -0.081740 -0.079513 0.000000 0.083247 0.996403 0.015828 9.685800 0.077933 -0.022344 0.996708 0.000000 0.000000 0.000000 0.000000 1.000000
0.990682 -0.095579 -0.097021 0.000000 0.097584 0.995097 0.016121 9.685800 0.095005 -0.025439 0.995152 0.000000 0.000000 0.000000 0.000000 1.000000
0.991054 -0.091585 -0.097075 0.000000 0.090073 0.995737 -0.019854 9.685800 0.098480 0.010933 0.995079 0.000000 0.000000 0.000000 0.000000 1.000000
0.992009 -0.079701 -0.097805 0.000000 0.074723 0.995765 -0.053552 9.685800 0.101659 0.045816 0.993764 0.000000 0.000000 0.000000 0.000000 1.000000
0.992252 -0.046279 -0.115302 0.000000 0.042022 0.998352 -0.039081 9.685800 0.116921 0.033933 0.992561 -0.000000 0.000000 0.000000 0.000000 1.000000
0.989169 -0.025986 -0.144462 0.000000 0.022139 0.999358 -0.028173 9.685800 0.145101 0.024669 0.989109 0.000000 0.000000 0.000000 0.000000 1.000000
0.989164 -0.006173 -0.146686 0.000000 -0.001858 0.998509 -0.054549 9.685800 0.146804 0.054231 0.987678 -0.000000 0.000000 0.000000 0.000000 1.000000
0.991215 0.013181 -0.131604 0.000000 -0.025759 0.995207 -0.094339 9.685800 0.129730 0.096900 0.986803 0.000000 0.000000 0.000000 0.000000 1.000000
0.992715 0.030542 -0.116555 0.000000 -0.043030 0.993416 -0.106176 9.685800 0.112544 0.110418 0.987493 -0.000000 0.000000 0.000000 0.000000 1.000000
0.993239 0.034753 -0.110759 0.000000 -0.045541 0.994299 -0.096416 9.685800 0.106777 0.100808 0.989159 0.000000 0.000000 0.000000 0.000000 1.000000
0.992283 0.022871 -0.121867 0.000000 -0.031086 0.997339 -0.065937 9.685800 0.120034 0.069217 0.990354 0.000000 0.000000 0.000000 0.000000 1.000000
0.993579 0.000589 -0.113136 -0.000000 -0.004814 0.999301 -0.037073 9.685800 0.113035 0.037379 0.992888 -0.000000 0.000000 0.000000 0.000000 1.000000
0.996814 -0.039364 -0.069373 0.000000 0.039347 0.999224 -0.001609 9.685800 0.069383 -0.001125 0.997589 0.000000 0.000000 0.000000 0.000000 1.000000</float_array>
        <technique_common>
          <accessor source="#mixamorig_Spine1-Matrix-animation-output-transform-array" count="18" stride="16">
            <param type="float4x4"/>
          </accessor>
        </technique_common>
      </source>
      <source id="mixamorig_Spine1-Interpolations">
        <Name_array id="mixamorig_Spine1-Interpolations-array" count="18">
 LINEAR LINEAR LINEAR LINEAR LINEAR LINEAR LINEAR LINEAR LINEAR LINEAR LINEAR
LINEAR LINEAR LINEAR LINEAR LINEAR LINEAR LINEAR</Name_array>
        <technique_common>
          <accessor source="#mixamorig_Spine1-Interpolations-array" count="18">
            <param type="name"/>
          </accessor>
        </technique_common>
      </source>
      <sampler id="mixamorig_Spine1-Matrix-animation-transform">
        <input semantic="INPUT" source="#mixamorig_Spine1-Matrix-animation-input"/>
        <input semantic="OUTPUT" source="#mixamorig_Spine1-Matrix-animation-output-transform"/>
        <input semantic="INTERPOLATION" source="#mixamorig_Spine1-Interpolations"/>
      </sampler>
      <channel source="#mixamorig_Spine1-Matrix-animation-transform" target="mixamorig_Spine1/matrix"/>
    </animation>
    <animation id="mixamorig_Spine2-anim" name="mixamorig_Spine2">
      <source id="mixamorig_Spine2-Matrix-animation-input">
        <float_array id="mixamorig_Spine2-Matrix-animation-input-array" count="18">

0.000000 0.033333 0.066667 0.100000 0.133333 0.166667 0.200000 0.233333 0.266667 0.300000 0.333333 0.366667 0.400000 0.433333 0.466667 0.500000
0.533333 0.566667</float_array>
        <technique_common>
          <accessor source="#mixamorig_Spine2-Matrix-animation-input-array" count="18">
            <param name="TIME" type="float"/>
          </accessor>
        </technique_common>
      </source>
      <source id="mixamorig_Spine2-Matrix-animation-output-transform">
        <float_array id="mixamorig_Spine2-Matrix-animation-output-transform-array" count="288">

0.996727 -0.043522 -0.068128 0.000000 0.044305 0.998968 0.010030 15.875400 0.067621 -0.013015 0.997626 0.000000 0.000000 0.000000 0.000000 1.000000
0.995970 -0.079720 -0.041090 -0.000000 0.081752 0.995376 0.050426 15.875400 0.036880 -0.053582 0.997882 -0.000000 0.000000 0.000000 0.000000 1.000000
0.994775 -0.097282 -0.030959 -0.000000 0.098165 0.994764 0.028418 15.875400 0.028032 -0.031308 0.999117 -0.000000 0.000000 0.000000 0.000000 1.000000
0.996651 -0.076673 -0.028412 -0.000000 0.076495 0.997043 -0.007278 15.875400 0.028886 0.005081 0.999570 0.000000 0.000000 0.000000 0.000000 1.000000
0.996169 -0.072646 -0.048678 0.000000 0.072713 0.997353 -0.000397 15.875400 0.048578 -0.003144 0.998814 -0.000000 0.000000 0.000000 0.000000 1.000000
0.993563 -0.085400 -0.074425 -0.000000 0.087165 0.995977 0.020792 15.875400 0.072350 -0.027145 0.997010 -0.000000 0.000000 0.000000 0.000000 1.000000
0.990818 -0.099238 -0.091818 -0.000000 0.101200 0.994722 0.016944 15.875400 0.089652 -0.026081 0.995632 0.000000 0.000000 0.000000 0.000000 1.000000
0.991832 -0.090029 -0.090359 -0.000000 0.088702 0.995884 -0.018606 15.875400 0.091662 0.010439 0.995735 0.000000 0.000000 0.000000 0.000000 1.000000
0.993138 -0.073909 -0.090639 -0.000000 0.069464 0.996267 -0.051257 15.875400 0.094089 0.044609 0.994564 -0.000000 0.000000 0.000000 0.000000 1.000000
0.992560 -0.047041 -0.112298 -0.000000 0.043161 0.998392 -0.036742 15.875400 0.113846 0.031622 0.992995 -0.000000 0.000000 0.000000 0.000000 1.000000
0.988973 -0.022569 -0.146369 0.000000 0.021144 0.999713 -0.011281 15.875400 0.146581 0.008062 0.989166 0.000000 0.000000 0.000000 0.000000 1.000000
0.988384 0.001555 -0.151970 0.000000 -0.006756 0.999409 -0.033718 15.875400 0.151828 0.034353 0.987810 0.000000 0.000000 0.000000 0.000000 1.000000
0.989475 0.021462 -0.143102 0.000000 -0.032159 0.996823 -0.072866 15.875400 0.141084 0.076701 0.987022 0.000000 0.000000 0.000000 0.000000 1.000000
0.990875 0.039654 -0.128821 0.000000 -0.050715 0.995196 -0.083748 15.875400 0.124882 0.089517 0.988125 -0.000000 0.000000 0.000000 0.000000 1.000000
0.992351 0.042924 -0.115746 0.000000 -0.052619 0.995238 -0.082049 15.875400 0.111673 0.087512 0.989884 -0.000000 0.000000 0.000000 0.000000 1.000000
0.992502 0.023887 -0.119874 0.000000 -0.031461 0.997599 -0.061690 15.875400 0.118113 0.064999 0.990871 0.000000 0.000000 0.000000 0.000000 1.000000
0.994256 -0.001957 -0.107007 0.000000 -0.001321 0.999532 -0.030549 15.875400 0.107016 0.030515 0.993789 -0.000000 0.000000 0.000000 0.000000 1.000000
0.996726 -0.043560 -0.068119 -0.000000 0.044348 0.998965 0.010088 15.875400 0.067609 -0.013076 0.997626 -0.000000 0.000000 0.000000 0.000000 1.000000</float_array>
        <technique_common>
          <accessor source="#mixamorig_Spine2-Matrix-animation-output-transform-array" count="18" stride="16">
            <param type="float4x4"/>
          </accessor>
        </technique_common>
      </source>
      <source id="mixamorig_Spine2-Interpolations">
        <Name_array id="mixamorig_Spine2-Interpolations-array" count="18">
 LINEAR LINEAR LINEAR LINEAR LINEAR LINEAR LINEAR LINEAR LINEAR LINEAR LINEAR
LINEAR LINEAR LINEAR LINEAR LINEAR LINEAR LINEAR</Name_array>
        <technique_common>
          <accessor source="#mixamorig_Spine2-Interpolations-array" count="18">
            <param type="name"/>
          </accessor>
        </technique_common>
      </source>
      <sampler id="mixamorig_Spine2-Matrix-animation-transform">
        <input semantic="INPUT" source="#mixamorig_Spine2-Matrix-animation-input"/>
        <input semantic="OUTPUT" source="#mixamorig_Spine2-Matrix-animation-output-transform"/>
        <input semantic="INTERPOLATION" source="#mixamorig_Spine2-Interpolations"/>
      </sampler>
      <channel source="#mixamorig_Spine2-Matrix-animation-transform" target="mixamorig_Spine2/matrix"/>
    </animation>
    <animation id="mixamorig_Neck-anim" name="mixamorig_Neck">
      <source id="mixamorig_Neck-Matrix-animation-input">
        <float_array id="mixamorig_Neck-Matrix-animation-input-array" count="18">

0.000000 0.033333 0.066667 0.100000 0.133333 0.166667 0.200000 0.233333 0.266667 0.300000 0.333333 0.366667 0.400000 0.433333 0.466667 0.500000
0.533333 0.566667</float_array>
        <technique_common>
          <accessor source="#mixamorig_Neck-Matrix-animation-input-array" count="18">
            <param name="TIME" type="float"/>
          </accessor>
        </technique_common>
      </source>
      <source id="mixamorig_Neck-Matrix-animation-output-transform">
        <float_array id="mixamorig_Neck-Matrix-animation-output-transform-array" count="288">

0.990316 0.041331 0.132537 0.000000 -0.049980 0.996786 0.062608 26.173401 -0.129524 -0.068625 0.989199 -0.161200 0.000000 0.000000 0.000000 1.000000
0.991739 0.062380 0.112083 -0.000000 -0.068925 0.996077 0.055500 26.173401 -0.108181 -0.062767 0.992148 -0.161200 0.000000 0.000000 0.000000 1.000000
0.992378 0.084072 0.090096 0.000000 -0.087419 0.995596 0.033871 26.173401 -0.086851 -0.041489 0.995357 -0.161200 0.000000 0.000000 0.000000 1.000000
0.993500 0.093962 0.064251 0.000000 -0.093062 0.995517 -0.016868 26.173401 -0.065548 0.010779 0.997791 -0.161200 0.000000 0.000000 0.000000 1.000000
0.996389 0.078739 0.031783 0.000000 -0.076753 0.995273 -0.059500 26.173401 -0.036318 0.056846 0.997722 -0.161200 0.000000 0.000000 0.000000 1.000000
0.998832 0.048001 0.005453 0.000000 -0.047513 0.996492 -0.068891 26.173401 -0.008741 0.068552 0.997609 -0.161200 0.000000 0.000000 0.000000 1.000000
0.998809 0.046785 0.013811 0.000000 -0.046244 0.998237 -0.037219 26.173401 -0.015528 0.036536 0.999212 -0.161200 0.000000 0.000000 0.000000 1.000000
0.997969 0.050882 0.038336 -0.000000 -0.051087 0.998685 0.004389 26.173401 -0.038062 -0.006339 0.999255 -0.161200 0.000000 0.000000 0.000000 1.000000
0.996386 0.051474 0.067566 -0.000000 -0.054154 0.997792 0.038448 26.173401 -0.065437 -0.041968 0.996974 -0.161200 0.000000 0.000000 0.000000 1.000000
0.993949 0.039461 0.102511 -0.000000 -0.042415 0.998741 0.026790 26.173401 -0.101325 -0.030975 0.994371 -0.161200 0.000000 0.000000 0.000000 1.000000
0.990993 0.020666 0.132312 0.000000 -0.017850 0.999589 -0.022433 26.173401 -0.132722 0.019869 0.990954 -0.161200 0.000000 0.000000 0.000000 1.000000
0.987574 0.018625 0.156045 0.000000 -0.010098 0.998421 -0.055257 26.173401 -0.156828 0.052995 0.986203 -0.161200 0.000000 0.000000 0.000000 1.000000
0.982490 0.042759 0.181341 -0.000000 -0.029638 0.996784 -0.074457 26.173401 -0.183942 0.067778 0.980598 -0.161200 0.000000 0.000000 0.000000 1.000000
0.977194 0.070811 0.200194 -0.000000 -0.055108 0.995028 -0.082957 26.173401 -0.205073 0.070033 0.976238 -0.161200 0.000000 0.000000 0.000000 1.000000
0.974703 0.086946 0.205900 0.000000 -0.075302 0.995121 -0.063743 26.173401 -0.210438 0.046626 0.976495 -0.161200 0.000000 0.000000 0.000000 1.000000
0.976676 0.088842 0.195475 0.000000 -0.086856 0.996045 -0.018724 26.173401 -0.196365 0.001310 0.980530 -0.161200 0.000000 0.000000 0.000000 1.000000
0.984430 0.060037 0.165209 0.000000 -0.066869 0.997108 0.036106 26.173401 -0.162564 -0.046591 0.985597 -0.161200 0.000000 0.000000 0.000000 1.000000
0.990313 0.041362 0.132549 0.000000 -0.050006 0.996787 0.062567 26.173401 -0.129535 -0.068589 0.989200 -0.161200 0.000000 0.000000 0.000000 1.000000</float_array>
        <technique_common>
          <accessor source="#mixamorig_Neck-Matrix-animation-output-transform-array" count="18" stride="16">
            <param type="float4x4"/>
          </accessor>
        </technique_common>
      </source>
      <source id="mixamorig_Neck-Interpolations">
        <Name_array id="mixamorig_Neck-Interpolations-array" count="18">
 LINEAR LINEAR LINEAR LINEAR LINEAR LINEAR LINEAR LINEAR LINEAR LINEAR LINEAR
LINEAR LINEAR LINEAR LINEAR LINEAR LINEAR LINEAR</Name_array>
        <technique_common>
          <accessor source="#mixamorig_Neck-Interpolations-array" count="18">
            <param type="name"/>
          </accessor>
        </technique_common>
      </source>
      <sampler id="mixamorig_Neck-Matrix-animation-transform">
        <input semantic="INPUT" source="#mixamorig_Neck-Matrix-animation-input"/>
        <input semantic="OUTPUT" source="#mixamorig_Neck-Matrix-animation-output-transform"/>
        <input semantic="INTERPOLATION" source="#mixamorig_Neck-Interpolations"/>
      </sampler>
      <channel source="#mixamorig_Neck-Matrix-animation-transform" target="mixamorig_Neck/matrix"/>
    </animation>
    <animation id="mixamorig_Head-anim" name="mixamorig_Head">
      <source id="mixamorig_Head-Matrix-animation-input">
        <float_array id="mixamorig_Head-Matrix-animation-input-array" count="18">

0.000000 0.033333 0.066667 0.100000 0.133333 0.166667 0.200000 0.233333 0.266667 0.300000 0.333333 0.366667 0.400000 0.433333 0.466667 0.500000
0.533333 0.566667</float_array>
        <technique_common>
          <accessor source="#mixamorig_Head-Matrix-animation-input-array" count="18">
            <param name="TIME" type="float"/>
          </accessor>
        </technique_common>
      </source>
      <source id="mixamorig_Head-Matrix-animation-output-transform">
        <float_array id="mixamorig_Head-Matrix-animation-output-transform-array" count="288">

0.768438 -0.222982 0.599818 0.000000 -0.089071 0.890933 0.445314 14.369300 -0.633695 -0.395623 0.664766 0.127800 0.000000 0.000000 0.000000 1.000000
0.784158 -0.259535 0.563682 0.000000 -0.043580 0.883069 0.467215 14.369300 -0.619029 -0.390936 0.681155 0.127800 0.000000 0.000000 0.000000 1.000000
0.812684 -0.288883 0.506055 0.000000 0.001108 0.869223 0.494420 14.369300 -0.582704 -0.401246 0.706723 0.127800 0.000000 0.000000 0.000000 1.000000
0.842097 -0.310397 0.441051 0.000000 0.031227 0.844472 0.534689 14.369300 -0.538421 -0.436487 0.720820 0.127800 0.000000 0.000000 0.000000 1.000000
0.846426 -0.332805 0.415698 -0.000000 0.052155 0.828701 0.557256 14.369300 -0.529947 -0.449995 0.718791 0.127800 0.000000 0.000000 0.000000 1.000000
0.842034 -0.336653 0.421478 0.000000 0.063262 0.837586 0.542630 14.369300 -0.535702 -0.430249 0.726574 0.127800 0.000000 0.000000 0.000000 1.000000
0.837250 -0.343814 0.425210 -0.000000 0.081960 0.847724 0.524067 14.369300 -0.540643 -0.403925 0.737936 0.127800 0.000000 0.000000 0.000000 1.000000
0.823357 -0.344496 0.451005 -0.000000 0.074716 0.853571 0.515591 14.369300 -0.562583 -0.390819 0.728533 0.127800 0.000000 0.000000 0.000000 1.000000
0.805815 -0.338036 0.486204 0.000000 0.054461 0.859883 0.507578 14.369300 -0.589658 -0.382535 0.711316 0.127800 0.000000 0.000000 0.000000 1.000000
0.779177 -0.304734 0.547742 0.000000 -0.004300 0.871244 0.490831 14.369300 -0.626790 -0.384799 0.677543 0.127800 0.000000 0.000000 0.000000 1.000000
0.748506 -0.253957 0.612571 0.000000 -0.088208 0.877422 0.471540 14.369300 -0.657235 -0.406984 0.634355 0.127800 0.000000 0.000000 0.000000 1.000000
0.736990 -0.215862 0.640507 0.000000 -0.145276 0.874893 0.462014 14.369300 -0.660106 -0.433551 0.613428 0.127800 0.000000 0.000000 0.000000 1.000000
0.738390 -0.210058 0.640824 0.000000 -0.173377 0.859179 0.481406 14.369300 -0.651706 -0.466570 0.597991 0.127800 0.000000 0.000000 0.000000 1.000000
0.741331 -0.223909 0.632687 0.000000 -0.185211 0.837845 0.513530 14.369300 -0.645078 -0.497876 0.579650 0.127800 0.000000 0.000000 0.000000 1.000000
0.748094 -0.237884 0.619489 0.000000 -0.173100 0.831263 0.528241 14.369300 -0.640618 -0.502407 0.580686 0.127800 0.000000 0.000000 0.000000 1.000000
0.758299 -0.250230 0.601970 0.000000 -0.130602 0.846366 0.516340 14.369300 -0.638691 -0.470159 0.609118 0.127800 0.000000 0.000000 0.000000 1.000000
0.760296 -0.240012 0.603609 0.000000 -0.104418 0.871993 0.478252 14.369300 -0.641129 -0.426641 0.637911 0.127800 0.000000 0.000000 0.000000 1.000000
0.768476 -0.222927 0.599791 0.000000 -0.089040 0.890976 0.445234 14.369300 -0.633654 -0.395557 0.664844 0.127800 0.000000 0.000000 0.000000 1.000000</float_array>
        <technique_common>
          <accessor source="#mixamorig_Head-Matrix-animation-output-transform-array" count="18" stride="16">
            <param type="float4x4"/>
          </accessor>
        </technique_common>
      </source>
      <source id="mixamorig_Head-Interpolations">
        <Name_array id="mixamorig_Head-Interpolations-array" count="18">
 LINEAR LINEAR LINEAR LINEAR LINEAR LINEAR LINEAR LINEAR LINEAR LINEAR LINEAR
LINEAR LINEAR LINEAR LINEAR LINEAR LINEAR LINEAR</Name_array>
        <technique_common>
          <accessor source="#mixamorig_Head-Interpolations-array" count="18">
            <param type="name"/>
          </accessor>
        </technique_common>
      </source>
      <sampler id="mixamorig_Head-Matrix-animation-transform">
        <input semantic="INPUT" source="#mixamorig_Head-Matrix-animation-input"/>
        <input semantic="OUTPUT" source="#mixamorig_Head-Matrix-animation-output-transform"/>
        <input semantic="INTERPOLATION" source="#mixamorig_Head-Interpolations"/>
      </sampler>
      <channel source="#mixamorig_Head-Matrix-animation-transform" target="mixamorig_Head/matrix"/>
    </animation>
    <animation id="mixamorig_LeftShoulder-anim" name="mixamorig_LeftShoulder">
      <source id="mixamorig_LeftShoulder-Matrix-animation-input">
        <float_array id="mixamorig_LeftShoulder-Matrix-animation-input-array" count="18">

0.000000 0.033333 0.066667 0.100000 0.133333 0.166667 0.200000 0.233333 0.266667 0.300000 0.333333 0.366667 0.400000 0.433333 0.466667 0.500000
0.533333 0.566667</float_array>
        <technique_common>
          <accessor source="#mixamorig_LeftShoulder-Matrix-animation-input-array" count="18">
            <param name="TIME" type="float"/>
          </accessor>
        </technique_common>
      </source>
      <source id="mixamorig_LeftShoulder-Matrix-animation-output-transform">
        <float_array id="mixamorig_LeftShoulder-Matrix-animation-output-transform-array" count="288">

0.109793 0.967508 -0.227760 9.358700 -0.018085 -0.227162 -0.973689 25.286100 -0.993790 0.111024 -0.007443 -1.885500 0.000000 0.000000 0.000000 1.000000
0.104571 0.973258 -0.204535 9.358700 -0.020220 -0.203539 -0.978858 25.286100 -0.994312 0.106496 -0.001605 -1.885500 0.000000 0.000000 0.000000 1.000000
0.116788 0.969096 -0.217287 9.358700 -0.025984 -0.215728 -0.976108 25.286100 -0.992817 0.119644 -0.000014 -1.885500 0.000000 0.000000 0.000000 1.000000
0.171833 0.961658 -0.213745 9.358700 -0.027357 -0.212230 -0.976837 25.286100 -0.984746 0.173700 -0.010160 -1.885500 0.000000 0.000000 0.000000 1.000000
0.233480 0.960684 -0.150246 9.358700 -0.016496 -0.150581 -0.988460 25.286100 -0.972222 0.233264 -0.019310 -1.885500 0.000000 0.000000 0.000000 1.000000
0.264023 0.958598 -0.106686 9.358700 -0.006697 -0.108786 -0.994043 25.286100 -0.964493 0.263164 -0.022302 -1.885500 0.000000 0.000000 0.000000 1.000000
0.271589 0.958083 -0.091194 9.358700 -0.005617 -0.093176 -0.995634 25.286100 -0.962397 0.270916 -0.019925 -1.885500 0.000000 0.000000 0.000000 1.000000
0.263793 0.962796 -0.058626 9.358700 -0.002244 -0.060166 -0.998186 25.286100 -0.964577 0.263446 -0.013711 -1.885500 0.000000 0.000000 0.000000 1.000000
0.245846 0.968421 -0.041476 9.358700 -0.002293 -0.042208 -0.999106 25.286100 -0.969306 0.245721 -0.008156 -1.885500 0.000000 0.000000 0.000000 1.000000
0.192155 0.974137 -0.118886 9.358700 -0.021709 -0.116895 -0.992907 25.286100 -0.981124 0.193373 -0.001314 -1.885500 0.000000 0.000000 0.000000 1.000000
0.172838 0.961092 -0.215476 9.358700 -0.036415 -0.212383 -0.976508 25.286100 -0.984277 0.176624 -0.001710 -1.885500 0.000000 0.000000 0.000000 1.000000
0.155173 0.952339 -0.262624 9.358700 -0.039232 -0.259694 -0.964894 25.286100 -0.987108 0.160029 -0.002936 -1.885500 0.000000 0.000000 0.000000 1.000000
0.142596 0.945959 -0.291253 9.358700 -0.038351 -0.288759 -0.956633 25.286100 -0.989038 0.147582 -0.004898 -1.885500 0.000000 0.000000 0.000000 1.000000
0.139123 0.941027 -0.308404 9.358700 -0.036899 -0.306290 -0.951223 25.286100 -0.989587 0.143717 -0.007889 -1.885500 0.000000 0.000000 0.000000 1.000000
0.134247 0.936854 -0.322928 9.358700 -0.033064 -0.321462 -0.946345 25.286100 -0.990396 0.137721 -0.012179 -1.885500 0.000000 0.000000 0.000000 1.000000
0.130585 0.931492 -0.339514 9.358700 -0.032067 -0.338299 -0.940492 25.286100 -0.990918 0.133702 -0.014307 -1.885500 0.000000 0.000000 0.000000 1.000000
0.121529 0.948347 -0.293033 9.358700 -0.025027 -0.292200 -0.956030 25.286100 -0.992272 0.123519 -0.011777 -1.885500 0.000000 0.000000 0.000000 1.000000
0.109795 0.967507 -0.227760 9.358700 -0.018086 -0.227163 -0.973689 25.286100 -0.993790 0.111025 -0.007443 -1.885500 0.000000 0.000000 0.000000 1.000000</float_array>
        <technique_common>
          <accessor source="#mixamorig_LeftShoulder-Matrix-animation-output-transform-array" count="18" stride="16">
            <param type="float4x4"/>
          </accessor>
        </technique_common>
      </source>
      <source id="mixamorig_LeftShoulder-Interpolations">
        <Name_array id="mixamorig_LeftShoulder-Interpolations-array" count="18">
 LINEAR LINEAR LINEAR LINEAR LINEAR LINEAR LINEAR LINEAR LINEAR LINEAR LINEAR
LINEAR LINEAR LINEAR LINEAR LINEAR LINEAR LINEAR</Name_array>
        <technique_common>
          <accessor source="#mixamorig_LeftShoulder-Interpolations-array" count="18">
            <param type="name"/>
          </accessor>
        </technique_common>
      </source>
      <sampler id="mixamorig_LeftShoulder-Matrix-animation-transform">
        <input semantic="INPUT" source="#mixamorig_LeftShoulder-Matrix-animation-input"/>
        <input semantic="OUTPUT" source="#mixamorig_LeftShoulder-Matrix-animation-output-transform"/>
        <input semantic="INTERPOLATION" source="#mixamorig_LeftShoulder-Interpolations"/>
      </sampler>
      <channel source="#mixamorig_LeftShoulder-Matrix-animation-transform" target="mixamorig_LeftShoulder/matrix"/>
    </animation>
    <animation id="mixamorig_LeftArm-anim" name="mixamorig_LeftArm">
      <source id="mixamorig_LeftArm-Matrix-animation-input">
        <float_array id="mixamorig_LeftArm-Matrix-animation-input-array" count="18">

0.000000 0.033333 0.066667 0.100000 0.133333 0.166667 0.200000 0.233333 0.266667 0.300000 0.333333 0.366667 0.400000 0.433333 0.466667 0.500000
0.533333 0.566667</float_array>
        <technique_common>
          <accessor source="#mixamorig_LeftArm-Matrix-animation-input-array" count="18">
            <param name="TIME" type="float"/>
          </accessor>
        </technique_common>
      </source>
      <source id="mixamorig_LeftArm-Matrix-animation-output-transform">
        <float_array id="mixamorig_LeftArm-Matrix-animation-output-transform-array" count="288">

0.902771 -0.121327 -0.412656 -0.000000 0.081904 0.990328 -0.111989 14.052700 0.422252 0.067302 0.903976 0.000000 0.000000 0.000000 0.000000 1.000000
0.928053 -0.102762 -0.357991 0.000000 0.074688 0.993007 -0.091426 14.052700 0.364883 0.058110 0.929238 0.000000 0.000000 0.000000 0.000000 1.000000
0.935177 -0.159356 -0.316305 -0.000000 0.132241 0.985581 -0.105561 14.052700 0.328566 0.056890 0.942766 0.000000 0.000000 0.000000 0.000000 1.000000
0.907521 -0.279024 -0.313930 0.000000 0.259079 0.960189 -0.104473 14.052700 0.330582 0.013479 0.943681 0.000000 0.000000 0.000000 0.000000 1.000000
0.883012 -0.332389 -0.331371 0.000000 0.300869 0.942745 -0.143910 14.052700 0.360232 0.027375 0.932461 -0.000000 0.000000 0.000000 0.000000 1.000000
0.862420 -0.363481 -0.352297 0.000000 0.318360 0.930574 -0.180773 14.052700 0.393546 0.043745 0.918264 0.000000 0.000000 0.000000 0.000000 1.000000
0.829834 -0.395761 -0.393382 0.000000 0.342977 0.917832 -0.199876 14.052700 0.440162 0.030943 0.897385 0.000000 0.000000 0.000000 0.000000 1.000000
0.810466 -0.390233 -0.436878 0.000000 0.325232 0.920051 -0.218471 14.052700 0.487205 0.034977 0.872587 0.000000 0.000000 0.000000 0.000000 1.000000
0.796673 -0.376329 -0.472957 0.000000 0.305799 0.925935 -0.221657 14.052700 0.521343 0.031958 0.852749 0.000000 0.000000 0.000000 0.000000 1.000000
0.808483 -0.354932 -0.469444 0.000000 0.317573 0.934680 -0.159753 14.052700 0.495481 -0.019926 0.868390 0.000000 0.000000 0.000000 0.000000 1.000000
0.837458 -0.282208 -0.467999 -0.000000 0.274564 0.957699 -0.086184 14.052700 0.472524 -0.056320 0.879517 0.000000 0.000000 0.000000 0.000000 1.000000
0.851187 -0.260842 -0.455458 0.000000 0.251792 0.964326 -0.081708 14.052700 0.460523 -0.045131 0.886500 0.000000 0.000000 0.000000 0.000000 1.000000
0.859654 -0.244496 -0.448572 0.000000 0.228833 0.969316 -0.089788 14.052700 0.456761 -0.025461 0.889225 0.000000 0.000000 0.000000 0.000000 1.000000
0.868527 -0.222067 -0.443111 -0.000000 0.205265 0.974899 -0.086241 14.052700 0.451140 -0.016053 0.892309 0.000000 0.000000 0.000000 0.000000 1.000000
0.875086 -0.201129 -0.440194 0.000000 0.188126 0.979390 -0.073506 14.052700 0.445906 -0.018488 0.894889 0.000000 0.000000 0.000000 0.000000 1.000000
0.885034 -0.165010 -0.435301 0.000000 0.163507 0.985681 -0.041207 14.052700 0.435868 -0.034705 0.899341 0.000000 0.000000 0.000000 0.000000 1.000000
0.890851 -0.137722 -0.432917 -0.000000 0.124833 0.990468 -0.058216 14.052700 0.436808 -0.002181 0.899552 -0.000000 0.000000 0.000000 0.000000 1.000000
0.902817 -0.121324 -0.412554 -0.000000 0.081862 0.990320 -0.112091 14.052700 0.422160 0.067426 0.904010 0.000000 0.000000 0.000000 0.000000 1.000000</float_array>
        <technique_common>
          <accessor source="#mixamorig_LeftArm-Matrix-animation-output-transform-array" count="18" stride="16">
            <param type="float4x4"/>
          </accessor>
        </technique_common>
      </source>
      <source id="mixamorig_LeftArm-Interpolations">
        <Name_array id="mixamorig_LeftArm-Interpolations-array" count="18">
 LINEAR LINEAR LINEAR LINEAR LINEAR LINEAR LINEAR LINEAR LINEAR LINEAR LINEAR
LINEAR LINEAR LINEAR LINEAR LINEAR LINEAR LINEAR</Name_array>
        <technique_common>
          <accessor source="#mixamorig_LeftArm-Interpolations-array" count="18">
            <param type="name"/>
          </accessor>
        </technique_common>
      </source>
      <sampler id="mixamorig_LeftArm-Matrix-animation-transform">
        <input semantic="INPUT" source="#mixamorig_LeftArm-Matrix-animation-input"/>
        <input semantic="OUTPUT" source="#mixamorig_LeftArm-Matrix-animation-output-transform"/>
        <input semantic="INTERPOLATION" source="#mixamorig_LeftArm-Interpolations"/>
      </sampler>
      <channel source="#mixamorig_LeftArm-Matrix-animation-transform" target="mixamorig_LeftArm/matrix"/>
    </animation>
    <animation id="mixamorig_LeftForeArm-anim" name="mixamorig_LeftForeArm">
      <source id="mixamorig_LeftForeArm-Matrix-animation-input">
        <float_array id="mixamorig_LeftForeArm-Matrix-animation-input-array" count="18">

0.000000 0.033333 0.066667 0.100000 0.133333 0.166667 0.200000 0.233333 0.266667 0.300000 0.333333 0.366667 0.400000 0.433333 0.466667 0.500000
0.533333 0.566667</float_array>
        <technique_common>
          <accessor source="#mixamorig_LeftForeArm-Matrix-animation-input-array" count="18">
            <param name="TIME" type="float"/>
          </accessor>
        </technique_common>
      </source>
      <source id="mixamorig_LeftForeArm-Matrix-animation-output-transform">
        <float_array id="mixamorig_LeftForeArm-Matrix-animation-output-transform-array" count="288">

0.563404 -0.814496 -0.138464 0.000000 0.813772 0.576031 -0.077221 33.616699 0.142656 -0.069171 0.987352 0.000000 0.000000 0.000000 0.000000 1.000000
0.531397 -0.833154 -0.153202 0.000000 0.829068 0.548635 -0.107916 33.616699 0.173963 -0.069669 0.982285 0.000000 0.000000 0.000000 0.000000 1.000000
0.543881 -0.824820 -0.154483 0.000000 0.821243 0.561011 -0.104054 33.616699 0.172492 -0.070275 0.982501 0.000000 0.000000 0.000000 0.000000 1.000000
0.656053 -0.742424 -0.135653 -0.000000 0.743440 0.666680 -0.053245 33.616699 0.129967 -0.065918 0.989325 0.000000 0.000000 0.000000 0.000000 1.000000
0.697652 -0.705795 -0.123029 0.000000 0.708186 0.705360 -0.030658 33.616699 0.108418 -0.065738 0.991929 0.000000 0.000000 0.000000 0.000000 1.000000
0.707970 -0.700517 -0.089747 0.000000 0.703761 0.710407 0.006570 33.616699 0.059155 -0.067812 0.995943 0.000000 0.000000 0.000000 0.000000 1.000000
0.720363 -0.682539 -0.123360 0.000000 0.685411 0.727757 -0.024138 33.616699 0.106251 -0.067164 0.992068 -0.000000 0.000000 0.000000 0.000000 1.000000
0.708187 -0.691216 -0.143848 0.000000 0.692973 0.719510 -0.045755 33.616699 0.135127 -0.067280 0.988541 0.000000 0.000000 0.000000 0.000000 1.000000
0.686844 -0.709756 -0.156496 0.000000 0.710260 0.701146 -0.062651 33.616699 0.154193 -0.068121 0.985690 0.000000 0.000000 0.000000 0.000000 1.000000
