<?xml version="1.0" encoding="utf-8"?>
<COLLADA xmlns="http://www.collada.org/2005/11/COLLADASchema" version="1.4.1">
  <asset>
    <contributor>
      <author>Mixamo</author>
      <authoring_tool>COLLADA Mixamo exporter</authoring_tool>
      <comments/>
    </contributor>
    <created>2025-11-14T05:17:36Z</created>
    <modified>2025-11-14T05:17:36Z</modified>
    <revision/>
    <title/>
    <unit meter="0.010000"/>
    <up_axis>Y_UP</up_axis>
  </asset>
  <library_animations>
    <animation id="mixamorig_Hips-anim" name="mixamorig_Hips">
      <source id="mixamorig_Hips-Matrix-animation-input">
        <float_array id="mixamorig_Hips-Matrix-animation-input-array" count="105">

0.000000 0.033333 0.066667 0.100000 0.133333 0.166667 0.200000 0.233333 0.266667 0.300000 0.333333 0.366667 0.400000 0.433333 0.466667 0.500000
0.533333 0.566667 0.600000 0.633333 0.666667 0.700000 0.733333 0.766667 0.800000 0.833333 0.866667 0.900000 0.933333 0.966667 1.000000 1.033333
1.066667 1.100000 1.133333 1.166667 1.200000 1.233333 1.266667 1.300000 1.333333 1.366667 1.400000 1.433333 1.466667 1.500000 1.533333 1.566667
1.600000 1.633333 1.666667 1.700000 1.733333 1.766667 1.800000 1.833333 1.866667 1.900000 1.933333 1.966667 2.000000 2.033333 2.066667 2.100000
2.133333 2.166667 2.200000 2.233333 2.266667 2.300000 2.333333 2.366667 2.400000 2.433333 2.466667 2.500000 2.533333 2.566667 2.600000 2.633333
2.666667 2.700000 2.733333 2.766667 2.800000 2.833333 2.866667 2.900000 2.933333 2.966667 3.000000 3.033333 3.066667 3.100000 3.133333 3.166667
3.200000 3.233333 3.266667 3.300000 3.333333 3.366667 3.400000 3.433333 3.466667</float_array>
        <technique_common>
          <accessor source="#mixamorig_Hips-Matrix-animation-input-array" count="105">
            <param name="TIME" type="float"/>
          </accessor>
        </technique_common>
      </source>
      <source id="mixamorig_Hips-Matrix-animation-output-transform">
        <float_array id="mixamorig_Hips-Matrix-animation-output-transform-array" count="1680">

0.522569 -0.060166 -0.850471 0.204828 0.069742 0.997181 -0.027692 100.639809 0.849740 -0.044842 0.525292 -0.652095 0.000000 0.000000 0.000000 1.000000
0.515419 -0.029838 -0.856419 -0.005961 0.061208 0.998123 0.002062 100.416809 0.854749 -0.053483 0.516278 -0.332012 0.000000 0.000000 0.000000 1.000000
0.530011 -0.003433 -0.847984 -2.012530 0.057226 0.997857 0.031729 100.614922 0.846057 -0.065343 0.529072 0.997768 0.000000 0.000000 0.000000 1.000000
0.581071 0.019522 -0.813619 -5.455672 0.058087 0.996168 0.065387 103.772362 0.811777 -0.085255 0.577711 2.830659 0.000000 0.000000 0.000000 1.000000
0.642144 0.039084 -0.765587 -6.635167 0.058462 0.993294 0.099743 105.916367 0.764352 -0.108807 0.635553 4.866290 0.000000 0.000000 0.000000 1.000000
0.700483 0.053505 -0.711660 -5.898329 0.057889 0.989640 0.131385 105.533234 0.711317 -0.133230 0.690129 6.944197 0.000000 0.000000 0.000000 1.000000
0.750173 0.063333 -0.658201 -5.443844 0.055818 0.985784 0.158472 105.508774 0.658881 -0.155621 0.735974 9.025361 0.000000 0.000000 0.000000 1.000000
0.789438 0.069386 -0.609896 -5.239348 0.052982 0.982180 0.180319 106.299393 0.611539 -0.174664 0.771694 11.070139 0.000000 0.000000 0.000000 1.000000
0.818793 0.072943 -0.569437 -5.131296 0.049775 0.979140 0.196996 107.242760 0.571928 -0.189643 0.798082 13.051987 0.000000 0.000000 0.000000 1.000000
0.837844 0.073126 -0.540990 -5.120391 0.047614 0.977422 0.205860 108.171371 0.543829 -0.198237 0.815446 15.055655 0.000000 0.000000 0.000000 1.000000
0.851966 0.071956 -0.518629 -5.149421 0.045104 0.976744 0.209609 108.862549 0.521651 -0.201972 0.828908 17.031422 0.000000 0.000000 0.000000 1.000000
0.861766 0.070160 -0.502431 -5.084648 0.042750 0.976825 0.209729 109.122635 0.505502 -0.202216 0.838795 18.943296 0.000000 0.000000 0.000000 1.000000
0.866619 0.066971 -0.494455 -4.944856 0.042054 0.977622 0.206121 109.086349 0.497195 -0.199422 0.844410 20.795630 0.000000 0.000000 0.000000 1.000000
0.867488 0.062997 -0.493454 -4.854913 0.042768 0.978832 0.200148 108.752106 0.495617 -0.194730 0.846430 22.610443 0.000000 0.000000 0.000000 1.000000
0.866298 0.059401 -0.495984 -4.786076 0.043367 0.980212 0.193139 108.168503 0.497642 -0.188825 0.846580 24.419788 0.000000 0.000000 0.000000 1.000000
0.865622 0.058719 -0.497244 -4.735964 0.040585 0.981603 0.186570 107.404747 0.499051 -0.181680 0.847314 26.261076 0.000000 0.000000 0.000000 1.000000
0.867910 0.062431 -0.492783 -4.769338 0.032531 0.982796 0.181806 106.583893 0.495655 -0.173822 0.850947 28.118355 0.000000 0.000000 0.000000 1.000000
0.874301 0.068126 -0.480579 -4.692041 0.021610 0.983656 0.178754 105.794098 0.484902 -0.166670 0.858540 29.938469 0.000000 0.000000 0.000000 1.000000
0.884413 0.070810 -0.461302 -4.470153 0.013180 0.984239 0.176350 105.044930 0.466519 -0.162046 0.869541 31.695244 0.000000 0.000000 0.000000 1.000000
0.896950 0.068884 -0.436733 -4.344437 0.008893 0.984778 0.173589 104.298409 0.442042 -0.159585 0.882684 33.378372 0.000000 0.000000 0.000000 1.000000
0.910257 0.065444 -0.408839 -4.331900 0.006153 0.985182 0.171401 103.511642 0.413998 -0.158535 0.896366 35.004707 0.000000 0.000000 0.000000 1.000000
0.922722 0.062779 -0.380319 -4.307269 0.003274 0.985336 0.170592 102.678810 0.385452 -0.158654 0.908986 36.575108 0.000000 0.000000 0.000000 1.000000
0.933236 0.060809 -0.354080 -4.307398 0.000587 0.985312 0.170763 101.816727 0.359264 -0.159570 0.919493 38.092312 0.000000 0.000000 0.000000 1.000000
0.941275 0.058844 -0.332473 -4.397982 -0.001080 0.985216 0.171316 100.837791 0.337638 -0.160896 0.927423 39.543159 0.000000 0.000000 0.000000 1.000000
0.947969 0.057546 -0.313119 -4.536949 -0.003274 0.985238 0.171157 99.728119 0.318347 -0.161226 0.934164 41.025394 0.000000 0.000000 0.000000 1.000000
0.953102 0.057822 -0.297073 -4.733575 -0.006964 0.985509 0.169478 98.433273 0.302568 -0.159461 0.939694 42.615463 0.000000 0.000000 0.000000 1.000000
0.957284 0.059581 -0.282945 -5.000696 -0.012396 0.986097 0.165707 96.836533 0.288884 -0.155121 0.944713 44.277100 0.000000 0.000000 0.000000 1.000000
0.961058 0.063493 -0.268955 -5.343095 -0.020846 0.987132 0.158545 94.885757 0.275561 -0.146764 0.950014 46.013573 0.000000 0.000000 0.000000 1.000000
0.963891 0.068342 -0.257378 -5.794210 -0.030232 0.988342 0.149216 92.332710 0.264576 -0.136047 0.954720 47.782742 0.000000 0.000000 0.000000 1.000000
0.965532 0.072833 -0.249887 -6.416471 -0.038878 0.989638 0.138224 88.770523 0.257365 -0.123745 0.958358 49.545273 0.000000 0.000000 0.000000 1.000000
0.966115 0.077111 -0.246326 -7.127687 -0.046669 0.990789 0.127119 84.623055 0.253860 -0.111315 0.960814 51.296040 0.000000 0.000000 0.000000 1.000000
0.964138 0.079948 -0.253075 -7.923186 -0.050806 0.991513 0.119668 79.660904 0.260495 -0.102519 0.960017 52.976395 0.000000 0.000000 0.000000 1.000000
0.959400 0.080946 -0.270186 -8.569071 -0.050932 0.991906 0.116312 73.843384 0.277414 -0.097828 0.955757 54.546989 0.000000 0.000000 0.000000 1.000000
0.951794 0.081901 -0.295602 -9.204371 -0.049031 0.991926 0.116955 67.191238 0.302794 -0.096823 0.948125 56.345078 0.000000 0.000000 0.000000 1.000000
0.942589 0.086107 -0.322663 -9.742672 -0.049256 0.991467 0.120695 60.829895 0.330302 -0.097872 0.938787 58.393456 0.000000 0.000000 0.000000 1.000000
0.935442 0.096260 -0.340122 -10.086359 -0.056182 0.990464 0.125800 57.181839 0.348988 -0.098569 0.931929 59.799099 0.000000 0.000000 0.000000 1.000000
0.935724 0.108085 -0.335764 -9.802122 -0.069014 0.989598 0.126228 55.678303 0.345915 -0.094942 0.933450 61.721413 0.000000 0.000000 0.000000 1.000000
0.945209 0.116139 -0.305110 -9.487031 -0.082978 0.989357 0.119533 55.906162 0.315745 -0.087666 0.944786 64.393402 0.000000 0.000000 0.000000 1.000000
0.959670 0.120744 -0.253879 -9.527335 -0.097262 0.989900 0.103137 56.891075 0.263768 -0.074284 0.961722 67.333916 0.000000 0.000000 0.000000 1.000000
0.972243 0.125754 -0.197306 -9.795597 -0.112486 0.990656 0.077116 58.034843 0.205160 -0.052782 0.977304 70.042236 0.000000 0.000000 0.000000 1.000000
0.979309 0.134108 -0.151553 -9.552679 -0.128843 0.990684 0.044093 58.933830 0.156054 -0.023654 0.987465 72.444122 0.000000 0.000000 0.000000 1.000000
0.981868 0.142474 -0.125047 -8.947932 -0.142588 0.989749 0.008086 59.022560 0.124917 0.009891 0.992118 74.202293 0.000000 0.000000 0.000000 1.000000
0.982584 0.143834 -0.117645 -8.373624 -0.147501 0.988794 -0.023037 58.797478 0.113014 0.039988 0.992788 75.678154 0.000000 0.000000 0.000000 1.000000
0.983024 0.135676 -0.123511 -7.571367 -0.142458 0.988646 -0.047805 58.393635 0.115623 0.064588 0.991191 77.650826 0.000000 0.000000 0.000000 1.000000
0.983154 0.120542 -0.137395 -6.965017 -0.130926 0.988975 -0.069193 58.036903 0.127540 0.086016 0.988097 78.729912 0.000000 0.000000 0.000000 1.000000
0.982327 0.103024 -0.156266 -6.386114 -0.118421 0.988633 -0.092634 57.617172 0.144946 0.109502 0.983362 79.501648 0.000000 0.000000 0.000000 1.000000
0.979658 0.089692 -0.179517 -5.914042 -0.112235 0.986455 -0.119624 57.547848 0.166356 0.137339 0.976455 80.612030 0.000000 0.000000 0.000000 1.000000
0.975340 0.082242 -0.204815 -5.398227 -0.113844 0.982469 -0.147629 57.238228 0.189083 0.167305 0.967604 82.379349 0.000000 0.000000 0.000000 1.000000
0.969465 0.079663 -0.231931 -5.134831 -0.122003 0.977095 -0.174359 57.446148 0.212729 0.197332 0.956978 83.358368 0.000000 0.000000 0.000000 1.000000
0.961999 0.079866 -0.261112 -4.611769 -0.134218 0.971078 -0.197468 57.543800 0.237789 0.225010 0.944895 85.182320 0.000000 0.000000 0.000000 1.000000
0.952794 0.080568 -0.292731 -4.005200 -0.148565 0.964557 -0.218080 57.611404 0.264786 0.251275 0.930994 87.180397 0.000000 0.000000 0.000000 1.000000
0.941626 0.081864 -0.326556 -3.368892 -0.164599 0.958096 -0.234436 57.649300 0.293680 0.274502 0.915642 89.239571 0.000000 0.000000 0.000000 1.000000
0.929747 0.083270 -0.358660 -2.849536 -0.181912 0.950787 -0.250821 57.598991 0.320124 0.298445 0.899139 91.302063 0.000000 0.000000 0.000000 1.000000
0.918776 0.084950 -0.385532 -2.535190 -0.200027 0.942112 -0.269101 57.407547 0.340354 0.324360 0.882582 93.557274 0.000000 0.000000 0.000000 1.000000
0.910769 0.086572 -0.403739 -2.330369 -0.217774 0.931440 -0.291538 57.012600 0.350820 0.353448 0.867179 95.991020 0.000000 0.000000 0.000000 1.000000
0.906262 0.086834 -0.413701 -2.149711 -0.233322 0.918843 -0.318258 56.447250 0.352491 0.384951 0.852973 98.381035 0.000000 0.000000 0.000000 1.000000
0.905447 0.086462 -0.415560 -2.030667 -0.247052 0.903462 -0.350317 55.727859 0.345153 0.419858 0.839398 100.833038 0.000000 0.000000 0.000000 1.000000
0.905772 0.085998 -0.414948 -1.917285 -0.260055 0.885932 -0.384052 54.923450 0.334588 0.455773 0.824816 103.343437 0.000000 0.000000 0.000000 1.000000
0.908866 0.085464 -0.408238 -1.770590 -0.271100 0.864872 -0.422493 53.848007 0.316965 0.494663 0.809223 106.083870 0.000000 0.000000 0.000000 1.000000
0.914743 0.084976 -0.395000 -1.586957 -0.279126 0.839743 -0.465746 52.497284 0.292121 0.536293 0.791868 108.963760 0.000000 0.000000 0.000000 1.000000
0.923743 0.083842 -0.373724 -1.451902 -0.281745 0.809731 -0.514739 50.789181 0.259459 0.580781 0.771605 112.025330 0.000000 0.000000 0.000000 1.000000
0.937065 0.077561 -0.340433 -1.439372 -0.272758 0.771304 -0.575059 48.332417 0.217975 0.631723 0.743917 115.352463 0.000000 0.000000 0.000000 1.000000
0.949515 0.074602 -0.304721 -1.450604 -0.260725 0.727859 -0.634227 45.723728 0.174479 0.681657 0.710564 118.731773 0.000000 0.000000 0.000000 1.000000
0.960350 0.074888 -0.268553 -1.474449 -0.246299 0.679231 -0.691362 42.930237 0.130635 0.730093 0.670744 122.149185 0.000000 0.000000 0.000000 1.000000
0.970844 0.072113 -0.228607 -1.557643 -0.223347 0.618447 -0.753418 39.201782 0.087050 0.782510 0.616522 125.752419 0.000000 0.000000 0.000000 1.000000
0.979290 0.070430 -0.189818 -1.601301 -0.197183 0.544497 -0.815256 34.689651 0.045937 0.835801 0.547108 129.555817 0.000000 0.000000 0.000000 1.000000
0.986992 0.060891 -0.148791 -1.790038 -0.160379 0.437315 -0.884892 30.207376 0.011187 0.897245 0.441392 132.930618 0.000000 0.000000 0.000000 1.000000
0.992405 0.059779 -0.107511 -2.012010 -0.121008 0.317255 -0.940588 25.772417 -0.022119 0.946454 0.322079 136.228195 0.000000 0.000000 0.000000 1.000000
0.995647 0.065340 -0.066460 -2.330508 -0.077750 0.189101 -0.978875 22.004921 -0.051392 0.979781 0.193358 139.576111 0.000000 0.000000 0.000000 1.000000
0.998089 0.060360 -0.013196 -3.152732 -0.015730 0.041691 -0.999007 21.781471 -0.059750 0.997306 0.042561 143.218292 0.000000 0.000000 0.000000 1.000000
0.997507 0.053413 0.046107 -3.990172 0.050644 -0.086964 -0.994923 22.908951 -0.049133 0.994779 -0.089452 146.892365 0.000000 0.000000 0.000000 1.000000
0.993405 0.049007 0.103661 -4.894956 0.110924 -0.181798 -0.977059 24.687454 -0.029038 0.982114 -0.186035 149.764038 0.000000 0.000000 0.000000 1.000000
0.987444 0.049225 0.150106 -5.728392 0.157660 -0.247472 -0.955982 26.070286 -0.009911 0.967644 -0.252126 152.322617 0.000000 0.000000 0.000000 1.000000
0.982254 0.054712 0.179399 -6.551806 0.187549 -0.295215 -0.936842 26.978588 0.001705 0.953863 -0.300237 154.730392 0.000000 0.000000 0.000000 1.000000
0.979141 0.064471 0.192682 -7.157351 0.203110 -0.335749 -0.919793 27.615576 0.005393 0.939743 -0.341840 156.951233 0.000000 0.000000 0.000000 1.000000
0.977356 0.079257 0.196200 -7.615654 0.211601 -0.370349 -0.904470 28.075386 0.000977 0.925505 -0.378734 158.595383 0.000000 0.000000 0.000000 1.000000
0.975708 0.096858 0.196498 -8.069733 0.218912 -0.396642 -0.891489 28.439560 -0.008409 0.912849 -0.408210 159.801300 0.000000 0.000000 0.000000 1.000000
0.973561 0.115471 0.197094 -8.573176 0.227462 -0.410769 -0.882910 28.688557 -0.020991 0.904398 -0.426174 160.601349 0.000000 0.000000 0.000000 1.000000
0.970944 0.132674 0.199161 -9.119499 0.236798 -0.412483 -0.879650 28.814091 -0.034556 0.901252 -0.431915 160.746475 0.000000 0.000000 0.000000 1.000000
0.968101 0.147337 0.202665 -9.744374 0.245893 -0.403234 -0.881442 28.559088 -0.048148 0.903158 -0.426600 160.435959 0.000000 0.000000 0.000000 1.000000
0.965010 0.160136 0.207634 -10.292356 0.254737 -0.384801 -0.887151 27.638227 -0.062167 0.909002 -0.412130 159.853622 0.000000 0.000000 0.000000 1.000000
0.961935 0.170708 0.213402 -10.782711 0.262341 -0.358105 -0.896068 26.361416 -0.076546 0.917943 -0.389257 159.010773 0.000000 0.000000 0.000000 1.000000
0.959157 0.179293 0.218796 -11.155871 0.267568 -0.324057 -0.907411 24.748142 -0.091790 0.928892 -0.358795 157.826721 0.000000 0.000000 0.000000 1.000000
0.957105 0.186218 0.221976 -11.470672 0.268811 -0.284792 -0.920127 22.777054 -0.108128 0.940328 -0.322633 156.508636 0.000000 0.000000 0.000000 1.000000
0.955980 0.191931 0.221957 -11.755904 0.265175 -0.241215 -0.933540 20.774040 -0.125636 0.951303 -0.281492 154.903580 0.000000 0.000000 0.000000 1.000000
0.956469 0.195692 0.216500 -11.842801 0.254821 -0.198424 -0.946411 18.433701 -0.142246 0.960381 -0.239653 153.531143 0.000000 0.000000 0.000000 1.000000
0.958783 0.195729 0.205973 -11.775814 0.238783 -0.162134 -0.957442 16.987019 -0.154004 0.967162 -0.202188 152.643188 0.000000 0.000000 0.000000 1.000000
0.962558 0.190461 0.192889 -11.995537 0.220483 -0.136127 -0.965845 17.245350 -0.157698 0.972211 -0.173023 152.116333 0.000000 0.000000 0.000000 1.000000
0.966562 0.184563 0.178029 -11.711410 0.202084 -0.120845 -0.971884 18.577717 -0.157860 0.975363 -0.154101 151.259064 0.000000 0.000000 0.000000 1.000000
0.970314 0.176784 0.165041 -11.446964 0.186825 -0.114545 -0.975692 19.302032 -0.153583 0.977562 -0.144172 150.572372 0.000000 0.000000 0.000000 1.000000
0.973662 0.169426 0.152566 -11.133618 0.172930 -0.112703 -0.978465 19.481531 -0.148582 0.979078 -0.139033 150.259247 0.000000 0.000000 0.000000 1.000000
0.976765 0.164600 0.137245 -10.598161 0.156762 -0.112069 -0.981257 19.336546 -0.146134 0.979973 -0.135268 150.046921 0.000000 0.000000 0.000000 1.000000
0.980386 0.160073 0.114977 -9.929493 0.133839 -0.112499 -0.984597 18.930079 -0.144672 0.980674 -0.131717 149.922943 0.000000 0.000000 0.000000 1.000000
0.983688 0.155352 0.090689 -9.237958 0.109059 -0.114115 -0.987463 18.425089 -0.143055 0.981246 -0.129196 149.873764 0.000000 0.000000 0.000000 1.000000
0.986793 0.148970 0.063612 -8.565293 0.082039 -0.121008 -0.989256 17.688976 -0.139672 0.981410 -0.131632 150.110306 0.000000 0.000000 0.000000 1.000000
0.989098 0.141733 0.039960 -8.103161 0.058931 -0.132288 -0.989458 16.914330 -0.134952 0.981026 -0.139198 150.509613 0.000000 0.000000 0.000000 1.000000
0.990458 0.135942 0.022653 -8.068132 0.042603 -0.145695 -0.988412 16.704273 -0.131066 0.979945 -0.150096 150.472992 0.000000 0.000000 0.000000 1.000000
0.990939 0.133244 0.016910 -8.016832 0.037678 -0.154922 -0.987208 16.632946 -0.128919 0.978900 -0.158538 150.638947 0.000000 0.000000 0.000000 1.000000
0.991265 0.131195 0.013499 -7.965928 0.035028 -0.163214 -0.985969 16.582563 -0.127151 0.977829 -0.166384 150.839706 0.000000 0.000000 0.000000 1.000000
0.991401 0.130266 0.012421 -7.970146 0.034558 -0.169084 -0.984996 16.451122 -0.126211 0.976955 -0.172131 150.989807 0.000000 0.000000 0.000000 1.000000
0.991113 0.132007 0.016410 -8.109907 0.038841 -0.169196 -0.984817 16.075708 -0.127227 0.976702 -0.172820 150.996292 0.000000 0.000000 0.000000 1.000000
0.990573 0.135048 0.022960 -8.318253 0.045535 -0.166542 -0.984982 15.674397 -0.129197 0.976742 -0.171122 150.954391 0.000000 0.000000 0.000000 1.000000
0.990104 0.137509 0.028022 -8.531723 0.050801 -0.165058 -0.984975 15.677802 -0.130818 0.976651 -0.170411 150.988327 0.000000 0.000000 0.000000 1.000000
0.989623 0.139823 0.033110 -8.747611 0.056052 -0.163481 -0.984953 15.825631 -0.132307 0.976588 -0.169622 151.125046 0.000000 0.000000 0.000000 1.000000
0.989109 0.142148 0.038171 -8.951415 0.061265 -0.161821 -0.984916 15.810297 -0.133827 0.976528 -0.168768 151.118027 0.000000 0.000000 0.000000 1.000000</float_array>
        <technique_common>
          <accessor source="#mixamorig_Hips-Matrix-animation-output-transform-array" count="105" stride="16">
            <param type="float4x4"/>
          </accessor>
        </technique_common>
      </source>
      <source id="mixamorig_Hips-Interpolations">
        <Name_array id="mixamorig_Hips-Interpolations-array" count="105">
 LINEAR LINEAR LINEAR LINEAR LINEAR LINEAR LINEAR LINEAR LINEAR LINEAR LINEAR
LINEAR LINEAR LINEAR LINEAR LINEAR LINEAR LINEAR LINEAR LINEAR LINEAR LINEAR LINEAR
LINEAR LINEAR LINEAR LINEAR LINEAR LINEAR LINEAR LINEAR LINEAR LINEAR LINEAR LINEAR
LINEAR LINEAR LINEAR LINEAR LINEAR LINEAR LINEAR LINEAR LINEAR LINEAR LINEAR LINEAR
LINEAR LINEAR LINEAR LINEAR LINEAR LINEAR LINEAR LINEAR LINEAR LINEAR LINEAR LINEAR
LINEAR LINEAR LINEAR LINEAR LINEAR LINEAR LINEAR LINEAR LINEAR LINEAR LINEAR LINEAR
LINEAR LINEAR LINEAR LINEAR LINEAR LINEAR LINEAR LINEAR LINEAR LINEAR LINEAR LINEAR
LINEAR LINEAR LINEAR LINEAR LINEAR LINEAR LINEAR LINEAR LINEAR LINEAR LINEAR LINEAR
LINEAR LINEAR LINEAR LINEAR LINEAR LINEAR LINEAR LINEAR LINEAR LINEAR</Name_array>
        <technique_common>
          <accessor source="#mixamorig_Hips-Interpolations-array" count="105">
            <param type="name"/>
          </accessor>
        </technique_common>
      </source>
      <sampler id="mixamorig_Hips-Matrix-animation-transform">
        <input semantic="INPUT" source="#mixamorig_Hips-Matrix-animation-input"/>
        <input semantic="OUTPUT" source="#mixamorig_Hips-Matrix-animation-output-transform"/>
        <input semantic="INTERPOLATION" source="#mixamorig_Hips-Interpolations"/>
      </sampler>
      <channel source="#mixamorig_Hips-Matrix-animation-transform" target="mixamorig_Hips/matrix"/>
    </animation>
    <animation id="mixamorig_Spine-anim" name="mixamorig_Spine">
      <source id="mixamorig_Spine-Matrix-animation-input">
        <float_array id="mixamorig_Spine-Matrix-animation-input-array" count="105">

0.000000 0.033333 0.066667 0.100000 0.133333 0.166667 0.200000 0.233333 0.266667 0.300000 0.333333 0.366667 0.400000 0.433333 0.466667 0.500000
0.533333 0.566667 0.600000 0.633333 0.666667 0.700000 0.733333 0.766667 0.800000 0.833333 0.866667 0.900000 0.933333 0.966667 1.000000 1.033333
1.066667 1.100000 1.133333 1.166667 1.200000 1.233333 1.266667 1.300000 1.333333 1.366667 1.400000 1.433333 1.466667 1.500000 1.533333 1.566667
1.600000 1.633333 1.666667 1.700000 1.733333 1.766667 1.800000 1.833333 1.866667 1.900000 1.933333 1.966667 2.000000 2.033333 2.066667 2.100000
2.133333 2.166667 2.200000 2.233333 2.266667 2.300000 2.333333 2.366667 2.400000 2.433333 2.466667 2.500000 2.533333 2.566667 2.600000 2.633333
2.666667 2.700000 2.733333 2.766667 2.800000 2.833333 2.866667 2.900000 2.933333 2.966667 3.000000 3.033333 3.066667 3.100000 3.133333 3.166667
3.200000 3.233333 3.266667 3.300000 3.333333 3.366667 3.400000 3.433333 3.466667</float_array>
        <technique_common>
          <accessor source="#mixamorig_Spine-Matrix-animation-input-array" count="105">
            <param name="TIME" type="float"/>
          </accessor>
        </technique_common>
      </source>
      <source id="mixamorig_Spine-Matrix-animation-output-transform">
        <float_array id="mixamorig_Spine-Matrix-animation-output-transform-array" count="1680">

0.998816 0.048626 0.001208 -0.000000 -0.047275 0.976313 -0.211137 8.536500 -0.011446 0.210830 0.977456 0.187100 0.000000 0.000000 0.000000 1.000000
0.999371 0.034366 -0.008795 0.000000 -0.035425 0.979879 -0.196423 8.536500 0.001868 0.196611 0.980480 0.187100 0.000000 0.000000 0.000000 1.000000
0.999718 0.006602 -0.022796 -0.000000 -0.010371 0.985487 -0.169432 8.536500 0.021347 0.169621 0.985278 0.187100 0.000000 0.000000 0.000000 1.000000
0.999536 -0.019158 -0.023668 0.000000 0.015488 0.989082 -0.146553 8.536500 0.026217 0.146118 0.988920 0.187100 0.000000 0.000000 0.000000 1.000000
0.999293 -0.035456 -0.012527 0.000000 0.033601 0.991477 -0.125875 8.536500 0.016883 0.125365 0.991967 0.187100 0.000000 0.000000 0.000000 1.000000
0.999078 -0.042743 -0.004106 0.000000 0.041976 0.992324 -0.116326 8.536500 0.009047 0.116047 0.993203 0.187100 0.000000 0.000000 0.000000 1.000000
0.998679 -0.051379 0.000697 -0.000000 0.051120 0.992087 -0.114676 8.536500 0.005201 0.114560 0.993403 0.187100 0.000000 0.000000 0.000000 1.000000
0.998354 -0.057316 0.001806 0.000000 0.057146 0.991792 -0.114385 8.536500 0.004765 0.114300 0.993435 0.187100 0.000000 0.000000 0.000000 1.000000
0.998240 -0.059301 0.000082 0.000000 0.058935 0.991927 -0.112286 8.536500 0.006577 0.112094 0.993676 0.187100 0.000000 0.000000 0.000000 1.000000
0.998241 -0.059210 -0.002947 -0.000000 0.058542 0.992373 -0.108488 8.536500 0.009348 0.108124 0.994093 0.187100 0.000000 0.000000 0.000000 1.000000
0.998283 -0.058274 -0.006003 0.000000 0.057334 0.992903 -0.104193 8.536500 0.012032 0.103670 0.994539 0.187100 0.000000 0.000000 0.000000 1.000000
0.998352 -0.056766 -0.008424 0.000000 0.055634 0.993371 -0.100593 8.536500 0.014078 0.099958 0.994892 0.187100 0.000000 0.000000 0.000000 1.000000
0.998446 -0.054834 -0.009899 0.000000 0.053602 0.993725 -0.098175 8.536500 0.015220 0.097492 0.995120 0.187100 0.000000 0.000000 0.000000 1.000000
0.998545 -0.052947 -0.010232 0.000000 0.051711 0.993953 -0.096873 8.536500 0.015299 0.096202 0.995244 0.187100 0.000000 0.000000 0.000000 1.000000
0.998616 -0.051746 -0.009404 0.000000 0.050601 0.994049 -0.096473 8.536500 0.014341 0.095864 0.995291 0.187100 0.000000 0.000000 0.000000 1.000000
0.998661 -0.051178 -0.007514 0.000000 0.050211 0.994027 -0.096898 8.536500 0.012428 0.096391 0.995266 0.187100 0.000000 0.000000 0.000000 1.000000
0.998715 -0.050463 -0.004775 0.000000 0.049753 0.993946 -0.097964 8.536500 0.009690 0.097600 0.995179 0.187100 0.000000 0.000000 0.000000 1.000000
0.998789 -0.049179 -0.001461 -0.000000 0.048791 0.993870 -0.099210 8.536500 0.006331 0.099019 0.995065 0.187100 0.000000 0.000000 0.000000 1.000000
0.998853 -0.047823 0.002281 -0.000000 0.047810 0.993795 -0.100426 8.536500 0.002536 0.100420 0.994942 0.187100 0.000000 0.000000 0.000000 1.000000
0.998887 -0.046726 0.006397 0.000000 0.047134 0.993715 -0.101535 8.536500 -0.001612 0.101724 0.994811 0.187100 0.000000 0.000000 0.000000 1.000000
0.998900 -0.045616 0.010838 0.000000 0.046489 0.993628 -0.102670 8.536500 -0.006085 0.103061 0.994656 0.187100 0.000000 0.000000 0.000000 1.000000
0.998897 -0.044306 0.015524 -0.000000 0.045682 0.993552 -0.103771 8.536500 -0.010826 0.104366 0.994480 0.187100 0.000000 0.000000 0.000000 1.000000
0.998857 -0.043240 0.020356 0.000000 0.045144 0.993462 -0.104859 8.536500 -0.015689 0.105658 0.994279 0.187100 0.000000 0.000000 0.000000 1.000000
0.998749 -0.043214 0.025157 0.000000 0.045645 0.993339 -0.105799 8.536500 -0.020417 0.106815 0.994069 0.187100 0.000000 0.000000 0.000000 1.000000
0.998616 -0.043549 0.029494 0.000000 0.046461 0.993220 -0.106559 8.536500 -0.024654 0.107782 0.993869 0.187100 0.000000 0.000000 0.000000 1.000000
0.998469 -0.044411 0.032965 -0.000000 0.047702 0.993126 -0.106888 8.536500 -0.027991 0.108297 0.993724 0.187100 0.000000 0.000000 0.000000 1.000000
0.998357 -0.045157 0.035283 -0.000000 0.048704 0.993048 -0.107165 8.536500 -0.030198 0.108708 0.993615 0.187100 0.000000 0.000000 0.000000 1.000000
0.998327 -0.045308 0.035934 -0.000000 0.048932 0.993015 -0.107365 8.536500 -0.030819 0.108943 0.993570 0.187100 0.000000 0.000000 0.000000 1.000000
0.998388 -0.044526 0.035190 -0.000000 0.048106 0.992934 -0.108479 8.536500 -0.030111 0.109997 0.993476 0.187100 0.000000 0.000000 0.000000 1.000000
0.998571 -0.042111 0.032918 0.000000 0.045545 0.992698 -0.111695 8.536500 -0.027974 0.113035 0.993197 0.187100 0.000000 0.000000 0.000000 1.000000
0.998807 -0.038705 0.029763 0.000000 0.041921 0.992323 -0.116354 8.536500 -0.025031 0.117462 0.992762 0.187100 0.000000 0.000000 0.000000 1.000000
0.999099 -0.033693 0.025802 0.000000 0.036644 0.991597 -0.124071 8.536500 -0.021405 0.124904 0.991938 0.187100 0.000000 0.000000 0.000000 1.000000
0.999378 -0.027715 0.021802 0.000000 0.030402 0.990444 -0.134522 8.536500 -0.017865 0.135101 0.990671 0.187100 0.000000 0.000000 0.000000 1.000000
0.999608 -0.021275 0.018186 0.000000 0.023715 0.988907 -0.146630 8.536500 -0.014865 0.147004 0.989024 0.187100 0.000000 0.000000 0.000000 1.000000
0.999771 -0.014801 0.015472 -0.000000 0.017061 0.987298 -0.157960 8.536500 -0.012938 0.158188 0.987324 0.187100 0.000000 0.000000 0.000000 1.000000
0.999882 -0.008420 0.012814 0.000000 0.010428 0.986113 -0.165746 8.536500 -0.011240 0.165860 0.986085 0.187100 0.000000 0.000000 0.000000 1.000000
0.999934 -0.005065 0.010344 0.000000 0.006734 0.985726 -0.168222 8.536500 -0.009344 0.168281 0.985695 0.187100 0.000000 0.000000 0.000000 1.000000
0.999952 -0.004085 0.008907 0.000000 0.005500 0.986262 -0.165100 8.536500 -0.008110 0.165141 0.986237 0.187100 0.000000 0.000000 0.000000 1.000000
0.999949 -0.005205 0.008697 -0.000000 0.006505 0.987596 -0.156880 8.536500 -0.007772 0.156929 0.987579 0.187100 0.000000 0.000000 0.000000 1.000000
0.999920 -0.007849 0.009907 -0.000000 0.009201 0.989423 -0.144769 8.536500 -0.008666 0.144849 0.989416 0.187100 0.000000 0.000000 0.000000 1.000000
0.999861 -0.010964 0.012592 0.000000 0.012528 0.991207 -0.131725 8.536500 -0.011037 0.131864 0.991206 0.187100 0.000000 0.000000 0.000000 1.000000
0.999777 -0.013678 0.016081 -0.000000 0.015524 0.992539 -0.120932 8.536500 -0.014307 0.121154 0.992531 0.187100 0.000000 0.000000 0.000000 1.000000
0.999675 -0.015852 0.019953 0.000000 0.018035 0.993265 -0.114451 8.536500 -0.018005 0.114774 0.993228 0.187100 0.000000 0.000000 0.000000 1.000000
0.999578 -0.017964 0.022807 0.000000 0.020411 0.993491 -0.112065 8.536500 -0.020645 0.112484 0.993439 0.187100 0.000000 0.000000 0.000000 1.000000
0.999533 -0.018824 0.024082 -0.000000 0.021438 0.993323 -0.113360 8.536500 -0.021787 0.113824 0.993262 0.187100 0.000000 0.000000 0.000000 1.000000
0.999567 -0.017020 0.023990 0.000000 0.019718 0.992923 -0.117113 8.536500 -0.021827 0.117535 0.992829 0.187100 0.000000 0.000000 0.000000 1.000000
0.999658 -0.012358 0.023041 -0.000000 0.015075 0.992442 -0.121785 8.536500 -0.021362 0.122091 0.992289 0.187100 0.000000 0.000000 0.000000 1.000000
0.999754 -0.006608 0.021182 0.000000 0.009207 0.992104 -0.125080 8.536500 -0.020188 0.125244 0.991921 0.187100 0.000000 0.000000 0.000000 1.000000
0.999816 -0.001103 0.019128 0.000000 0.003512 0.991982 -0.126332 8.536500 -0.018835 0.126376 0.991804 0.187100 0.000000 0.000000 0.000000 1.000000
0.999851 0.002717 0.017018 0.000000 -0.000554 0.992055 -0.125806 8.536500 -0.017225 0.125778 0.991909 0.187100 0.000000 0.000000 0.000000 1.000000
0.999875 0.004523 0.015153 0.000000 -0.002609 0.992278 -0.124008 8.536500 -0.015597 0.123953 0.992165 0.187100 0.000000 0.000000 0.000000 1.000000
0.999898 0.004290 0.013596 0.000000 -0.002610 0.992619 -0.121247 8.536500 -0.014016 0.121199 0.992529 0.187100 0.000000 0.000000 0.000000 1.000000
0.999923 0.002237 0.012212 0.000000 -0.000779 0.992997 -0.118140 8.536500 -0.012391 0.118121 0.992922 0.187100 0.000000 0.000000 0.000000 1.000000
0.999938 -0.000903 0.011084 0.000000 0.002175 0.993328 -0.115304 8.536500 -0.010906 0.115321 0.993268 0.187100 0.000000 0.000000 0.000000 1.000000
0.999937 -0.004475 0.010287 -0.000000 0.005608 0.993595 -0.112864 8.536500 -0.009716 0.112915 0.993557 0.187100 0.000000 0.000000 0.000000 1.000000
0.999919 -0.007983 0.009870 0.000000 0.009029 0.993784 -0.110956 8.536500 -0.008923 0.111036 0.993776 0.187100 0.000000 0.000000 0.000000 1.000000
0.999887 -0.011610 0.009584 -0.000000 0.012592 0.993883 -0.109722 8.536500 -0.008252 0.109830 0.993916 0.187100 0.000000 0.000000 0.000000 1.000000
0.999840 -0.015218 0.009368 0.000000 0.016148 0.993934 -0.108785 8.536500 -0.007656 0.108919 0.994021 0.187100 0.000000 0.000000 0.000000 1.000000
0.999783 -0.018613 0.009389 0.000000 0.019524 0.993889 -0.108647 8.536500 -0.007310 0.108807 0.994036 0.187100 0.000000 0.000000 0.000000 1.000000
0.999718 -0.021700 0.009630 0.000000 0.022622 0.993785 -0.108996 8.536500 -0.007205 0.109183 0.993996 0.187100 0.000000 0.000000 0.000000 1.000000
0.999650 -0.024442 0.010094 -0.000000 0.025400 0.993676 -0.109371 8.536500 -0.007357 0.109590 0.993950 0.187100 0.000000 0.000000 0.000000 1.000000
0.999582 -0.026918 0.010562 0.000000 0.027912 0.993612 -0.109347 8.536500 -0.007551 0.109596 0.993947 0.187100 0.000000 0.000000 0.000000 1.000000
0.999508 -0.029346 0.011026 -0.000000 0.030376 0.993552 -0.109230 8.536500 -0.007749 0.109511 0.993955 0.187100 0.000000 0.000000 0.000000 1.000000
0.999428 -0.031815 0.011428 0.000000 0.032872 0.993515 -0.108845 8.536500 -0.007891 0.109159 0.993993 0.187100 0.000000 0.000000 0.000000 1.000000
0.999338 -0.034517 0.011497 0.000000 0.035551 0.993616 -0.107071 8.536500 -0.007727 0.107409 0.994185 0.187100 0.000000 0.000000 0.000000 1.000000
0.999239 -0.037257 0.011536 0.000000 0.038254 0.993874 -0.103683 8.536500 -0.007603 0.104046 0.994543 0.187100 0.000000 0.000000 0.000000 1.000000
0.999149 -0.039700 0.011188 -0.000000 0.040608 0.994343 -0.098153 8.536500 -0.007228 0.098524 0.995108 0.187100 0.000000 0.000000 0.000000 1.000000
0.999057 -0.042064 0.010727 0.000000 0.042875 0.994817 -0.092202 8.536500 -0.006793 0.092575 0.995683 0.187100 0.000000 0.000000 0.000000 1.000000
0.998976 -0.044131 0.009986 0.000000 0.044827 0.995290 -0.085959 8.536500 -0.006145 0.086318 0.996249 0.187100 0.000000 0.000000 0.000000 1.000000
0.998972 -0.044638 0.007909 0.000000 0.045121 0.995908 -0.078300 8.536500 -0.004381 0.078577 0.996898 0.187100 0.000000 0.000000 0.000000 1.000000
0.999047 -0.043387 0.004773 0.000000 0.043613 0.996642 -0.069303 8.536500 -0.001750 0.069445 0.997584 0.187100 0.000000 0.000000 0.000000 1.000000
0.999168 -0.040778 0.000502 0.000000 0.040737 0.997443 -0.058721 8.536500 0.001894 0.058692 0.998274 0.187100 0.000000 0.000000 0.000000 1.000000
0.999334 -0.036243 -0.004217 0.000000 0.036005 0.998249 -0.046923 8.536500 0.005910 0.046740 0.998890 0.187100 0.000000 0.000000 0.000000 1.000000
0.999502 -0.030321 -0.008794 0.000000 0.029999 0.998949 -0.034640 8.536500 0.009835 0.034359 0.999361 0.187100 0.000000 0.000000 0.000000 1.000000
0.999620 -0.024371 -0.012889 -0.000000 0.024066 0.999438 -0.023331 8.536500 0.013451 0.023012 0.999645 0.187100 0.000000 0.000000 0.000000 1.000000
0.999641 -0.020865 -0.016830 0.000000 0.020625 0.999685 -0.014311 8.536500 0.017123 0.013959 0.999756 0.187100 0.000000 0.000000 0.000000 1.000000
0.999605 -0.019282 -0.020462 0.000000 0.019133 0.999789 -0.007495 8.536500 0.020603 0.007100 0.999763 0.187100 0.000000 0.000000 0.000000 1.000000
0.999545 -0.018806 -0.023569 0.000000 0.018729 0.999819 -0.003475 8.536500 0.023630 0.003032 0.999716 0.187100 0.000000 0.000000 0.000000 1.000000
0.999483 -0.018659 -0.026182 0.000000 0.018594 0.999823 -0.002741 8.536500 0.026228 0.002253 0.999653 0.187100 0.000000 0.000000 0.000000 1.000000
0.999421 -0.018724 -0.028413 0.000000 0.018577 0.999813 -0.005429 8.536500 0.028509 0.004898 0.999582 0.187100 0.000000 0.000000 0.000000 1.000000
0.999329 -0.020139 -0.030581 0.000000 0.019812 0.999744 -0.010957 8.536500 0.030794 0.010344 0.999472 0.187100 0.000000 0.000000 0.000000 1.000000
0.999225 -0.022355 -0.032392 0.000000 0.021778 0.999600 -0.018032 8.536500 0.032782 0.017313 0.999313 0.187100 0.000000 0.000000 0.000000 1.000000
0.999131 -0.024768 -0.033538 0.000000 0.023909 0.999382 -0.025781 8.536500 0.034156 0.024956 0.999105 0.187100 0.000000 0.000000 0.000000 1.000000
0.999055 -0.027246 -0.033865 0.000000 0.026099 0.999086 -0.033854 8.536500 0.034757 0.032938 0.998853 0.187100 0.000000 0.000000 0.000000 1.000000
0.998998 -0.029986 -0.033211 0.000000 0.028549 0.998670 -0.042922 8.536500 0.034454 0.041930 0.998526 0.187100 0.000000 0.000000 0.000000 1.000000
0.998964 -0.032715 -0.031617 0.000000 0.030999 0.998096 -0.053321 8.536500 0.033302 0.052285 0.998077 0.187100 0.000000 0.000000 0.000000 1.000000
0.998972 -0.034287 -0.029641 0.000000 0.032312 0.997381 -0.064711 8.536500 0.031782 0.063687 0.997464 0.187100 0.000000 0.000000 0.000000 1.000000
0.999021 -0.033903 -0.028411 0.000000 0.031656 0.996597 -0.076107 8.536500 0.030895 0.075133 0.996695 0.187100 0.000000 0.000000 0.000000 1.000000
0.999015 -0.036228 -0.025638 0.000000 0.033877 0.995645 -0.086849 8.536500 0.028673 0.085895 0.995892 0.187100 0.000000 0.000000 0.000000 1.000000
0.999021 -0.037769 -0.023020 -0.000000 0.035395 0.994750 -0.096016 8.536500 0.026526 0.095107 0.995114 0.187100 0.000000 0.000000 0.000000 1.000000
0.999051 -0.038462 -0.020417 -0.000000 0.036162 0.994019 -0.103047 8.536500 0.024258 0.102211 0.994467 0.187100 0.000000 0.000000 0.000000 1.000000
0.999065 -0.039520 -0.017517 0.000000 0.037425 0.993547 -0.107066 8.536500 0.021636 0.106311 0.994098 0.187100 0.000000 0.000000 0.000000 1.000000
0.999057 -0.040942 -0.014467 -0.000000 0.039173 0.993536 -0.106545 8.536500 0.018735 0.105877 0.994203 0.187100 0.000000 0.000000 0.000000 1.000000
0.999033 -0.042463 -0.011408 0.000000 0.041043 0.993682 -0.104456 8.536500 0.015771 0.103887 0.994464 0.187100 0.000000 0.000000 0.000000 1.000000
0.998992 -0.044083 -0.008444 0.000000 0.043031 0.994145 -0.099112 8.536500 0.012764 0.098648 0.995040 0.187100 0.000000 0.000000 0.000000 1.000000
0.998977 -0.044826 -0.005987 0.000000 0.044082 0.994748 -0.092379 8.536500 0.010096 0.092020 0.995706 0.187100 0.000000 0.000000 0.000000 1.000000
0.998952 -0.045590 -0.003940 -0.000000 0.045091 0.995359 -0.085011 8.536500 0.007797 0.084744 0.996372 0.187100 0.000000 0.000000 0.000000 1.000000
0.998950 -0.045708 -0.002976 -0.000000 0.045332 0.995863 -0.078748 8.536500 0.006563 0.078530 0.996890 0.187100 0.000000 0.000000 0.000000 1.000000
0.998952 -0.045711 -0.002234 0.000000 0.045428 0.996314 -0.072760 8.536500 0.005552 0.072582 0.997347 0.187100 0.000000 0.000000 0.000000 1.000000
0.998952 -0.045731 -0.001827 -0.000000 0.045502 0.996655 -0.067891 8.536500 0.004926 0.067737 0.997691 0.187100 0.000000 0.000000 0.000000 1.000000
0.998949 -0.045777 -0.002166 0.000000 0.045537 0.996807 -0.065590 8.536500 0.005162 0.065423 0.997844 0.187100 0.000000 0.000000 0.000000 1.000000
0.998942 -0.045900 -0.002930 0.000000 0.045614 0.996850 -0.064878 8.536500 0.005899 0.064676 0.997889 0.187100 0.000000 0.000000 0.000000 1.000000
0.998915 -0.046412 -0.003775 -0.000000 0.046067 0.996800 -0.065334 8.536500 0.006795 0.065089 0.997856 0.187100 0.000000 0.000000 0.000000 1.000000
0.998890 -0.046854 -0.004803 0.000000 0.046430 0.996692 -0.066706 8.536500 0.007913 0.066409 0.997761 0.187100 0.000000 0.000000 0.000000 1.000000
0.998875 -0.047062 -0.005891 0.000000 0.046549 0.996568 -0.068449 8.536500 0.009092 0.068098 0.997637 0.187100 0.000000 0.000000 0.000000 1.000000</float_array>
        <technique_common>
          <accessor source="#mixamorig_Spine-Matrix-animation-output-transform-array" count="105" stride="16">
            <param type="float4x4"/>
          </accessor>
        </technique_common>
      </source>
      <source id="mixamorig_Spine-Interpolations">
        <Name_array id="mixamorig_Spine-Interpolations-array" count="105">
 LINEAR LINEAR LINEAR LINEAR LINEAR LINEAR LINEAR LINEAR LINEAR LINEAR LINEAR
LINEAR LINEAR LINEAR LINEAR LINEAR LINEAR LINEAR LINEAR LINEAR LINEAR LINEAR LINEAR
LINEAR LINEAR LINEAR LINEAR LINEAR LINEAR LINEAR LINEAR LINEAR LINEAR LINEAR LINEAR
LINEAR LINEAR LINEAR LINEAR LINEAR LINEAR LINEAR LINEAR LINEAR LINEAR LINEAR LINEAR
LINEAR LINEAR LINEAR LINEAR LINEAR LINEAR LINEAR LINEAR LINEAR LINEAR LINEAR LINEAR
LINEAR LINEAR LINEAR LINEAR LINEAR LINEAR LINEAR LINEAR LINEAR LINEAR LINEAR LINEAR
LINEAR LINEAR LINEAR LINEAR LINEAR LINEAR LINEAR LINEAR LINEAR LINEAR LINEAR LINEAR
LINEAR LINEAR LINEAR LINEAR LINEAR LINEAR LINEAR LINEAR LINEAR LINEAR LINEAR LINEAR
LINEAR LINEAR LINEAR LINEAR LINEAR LINEAR LINEAR LINEAR LINEAR LINEAR</Name_array>
        <technique_common>
          <accessor source="#mixamorig_Spine-Interpolations-array" count="105">
            <param type="name"/>
          </accessor>
        </technique_common>
      </source>
      <sampler id="mixamorig_Spine-Matrix-animation-transform">
        <input semantic="INPUT" source="#mixamorig_Spine-Matrix-animation-input"/>
        <input semantic="OUTPUT" source="#mixamorig_Spine-Matrix-animation-output-transform"/>
        <input semantic="INTERPOLATION" source="#mixamorig_Spine-Interpolations"/>
      </sampler>
      <channel source="#mixamorig_Spine-Matrix-animation-transform" target="mixamorig_Spine/matrix"/>
    </animation>
    <animation id="mixamorig_Spine1-anim" name="mixamorig_Spine1">
      <source id="mixamorig_Spine1-Matrix-animation-input">
        <float_array id="mixamorig_Spine1-Matrix-animation-input-array" count="105">

0.000000 0.033333 0.066667 0.100000 0.133333 0.166667 0.200000 0.233333 0.266667 0.300000 0.333333 0.366667 0.400000 0.433333 0.466667 0.500000
0.533333 0.566667 0.600000 0.633333 0.666667 0.700000 0.733333 0.766667 0.800000 0.833333 0.866667 0.900000 0.933333 0.966667 1.000000 1.033333
1.066667 1.100000 1.133333 1.166667 1.200000 1.233333 1.266667 1.300000 1.333333 1.366667 1.400000 1.433333 1.466667 1.500000 1.533333 1.566667
1.600000 1.633333 1.666667 1.700000 1.733333 1.766667 1.800000 1.833333 1.866667 1.900000 1.933333 1.966667 2.000000 2.033333 2.066667 2.100000
2.133333 2.166667 2.200000 2.233333 2.266667 2.300000 2.333333 2.366667 2.400000 2.433333 2.466667 2.500000 2.533333 2.566667 2.600000 2.633333
2.666667 2.700000 2.733333 2.766667 2.800000 2.833333 2.866667 2.900000 2.933333 2.966667 3.000000 3.033333 3.066667 3.100000 3.133333 3.166667
3.200000 3.233333 3.266667 3.300000 3.333333 3.366667 3.400000 3.433333 3.466667</float_array>
        <technique_common>
          <accessor source="#mixamorig_Spine1-Matrix-animation-input-array" count="105">
            <param name="TIME" type="float"/>
          </accessor>
        </technique_common>
      </source>
      <source id="mixamorig_Spine1-Matrix-animation-output-transform">
