<?xml version="1.0" encoding="utf-8"?>
<COLLADA xmlns="http://www.collada.org/2005/11/COLLADASchema" version="1.4.1">
  <asset>
    <contributor>
      <author>Mixamo</author>
      <authoring_tool>COLLADA Mixamo exporter</authoring_tool>
      <comments/>
    </contributor>
    <created>2025-11-14T05:17:41Z</created>
    <modified>2025-11-14T05:17:41Z</modified>
    <revision/>
    <title/>
    <unit meter="0.010000"/>
    <up_axis>Y_UP</up_axis>
  </asset>
  <library_animations>
    <animation id="mixamorig_Hips-anim" name="mixamorig_Hips">
      <source id="mixamorig_Hips-Matrix-animation-input">
        <float_array id="mixamorig_Hips-Matrix-animation-input-array" count="24">

0.000000 0.033333 0.066667 0.100000 0.133333 0.166667 0.200000 0.233333 0.266667 0.300000 0.333333 0.366667 0.400000 0.433333 0.466667 0.500000
0.533333 0.566667 0.600000 0.633333 0.666667 0.700000 0.733333 0.766667</float_array>
        <technique_common>
          <accessor source="#mixamorig_Hips-Matrix-animation-input-array" count="24">
            <param name="TIME" type="float"/>
          </accessor>
        </technique_common>
      </source>
      <source id="mixamorig_Hips-Matrix-animation-output-transform">
        <float_array id="mixamorig_Hips-Matrix-animation-output-transform-array" count="384">

0.823301 0.116203 0.555584 0.352252 -0.031646 0.986694 -0.159477 101.311089 -0.566723 0.113715 0.816023 -0.246673 0.000000 0.000000 0.000000 1.000000
0.839770 0.129217 0.527341 9.650701 -0.036966 0.982620 -0.181909 101.924225 -0.541682 0.133268 0.829952 0.198390 0.000000 0.000000 0.000000 1.000000
0.854397 0.143656 0.499368 20.529560 -0.047980 0.978730 -0.199464 103.401245 -0.517400 0.146462 0.843117 0.821590 0.000000 0.000000 0.000000 1.000000
0.865778 0.160934 0.473844 33.067917 -0.064738 0.974940 -0.212839 105.077324 -0.496223 0.153596 0.854501 1.492063 0.000000 0.000000 0.000000 1.000000
0.873121 0.178763 0.453545 47.361050 -0.083075 0.971294 -0.222903 107.300842 -0.480373 0.156943 0.862908 2.167418 0.000000 0.000000 0.000000 1.000000
0.875712 0.195471 0.441496 61.726692 -0.099726 0.967895 -0.230724 108.883652 -0.472422 0.158019 0.867091 2.755687 0.000000 0.000000 0.000000 1.000000
0.869042 0.213138 0.446473 75.412994 -0.114488 0.964585 -0.237629 109.291519 -0.481309 0.155394 0.862667 3.079964 0.000000 0.000000 0.000000 1.000000
0.852328 0.220237 0.474377 89.008240 -0.115885 0.963996 -0.239337 108.191742 -0.510008 0.149020 0.847163 3.092212 0.000000 0.000000 0.000000 1.000000
0.840877 0.198870 0.503366 101.951233 -0.097077 0.970382 -0.221210 106.378494 -0.532450 0.137145 0.835278 2.522437 0.000000 0.000000 0.000000 1.000000
0.836219 0.169923 0.521405 114.125473 -0.077747 0.977914 -0.194008 104.311066 -0.542856 0.121695 0.830962 1.759111 0.000000 0.000000 0.000000 1.000000
0.845803 0.153271 0.511005 126.257362 -0.055199 0.977843 -0.201931 102.328545 -0.530632 0.142587 0.835523 1.381146 0.000000 0.000000 0.000000 1.000000
0.859446 0.167038 0.483168 138.862442 -0.065309 0.973244 -0.220296 101.766045 -0.507038 0.157777 0.847360 1.321340 0.000000 0.000000 0.000000 1.000000
0.852972 0.194380 0.484412 152.216583 -0.110456 0.974273 -0.196450 102.409485 -0.510135 0.114060 0.852498 0.988800 0.000000 0.000000 0.000000 1.000000
0.836672 0.219642 0.501735 165.778946 -0.151969 0.973196 -0.172614 103.354248 -0.526200 0.068173 0.847624 0.734867 0.000000 0.000000 0.000000 1.000000
0.802347 0.225116 0.552777 179.633362 -0.144447 0.971851 -0.186120 104.599762 -0.579115 0.069485 0.812279 1.146700 0.000000 0.000000 0.000000 1.000000
0.760848 0.223688 0.609158 194.321640 -0.118365 0.970802 -0.208647 105.929611 -0.638044 0.086645 0.765110 1.636792 0.000000 0.000000 0.000000 1.000000
0.720505 0.219241 0.657880 209.087555 -0.085609 0.969571 -0.229355 107.174545 -0.688145 0.108931 0.717349 1.975301 0.000000 0.000000 0.000000 1.000000
0.692884 0.212384 0.689061 222.915054 -0.057750 0.968912 -0.240571 108.109787 -0.718733 0.126895 0.683609 1.879902 0.000000 0.000000 0.000000 1.000000
0.688229 0.204252 0.696148 236.795120 -0.046208 0.969944 -0.238903 108.575531 -0.724020 0.132252 0.676981 1.472102 0.000000 0.000000 0.000000 1.000000
0.703530 0.192187 0.684185 250.325027 -0.043152 0.972515 -0.228807 107.846581 -0.709354 0.131449 0.692487 1.245355 0.000000 0.000000 0.000000 1.000000
0.731491 0.176180 0.658696 262.946930 -0.042956 0.976030 -0.213354 106.313950 -0.680496 0.127772 0.721526 1.065542 0.000000 0.000000 0.000000 1.000000
0.765622 0.155348 0.624252 274.260498 -0.040144 0.980050 -0.194654 104.455910 -0.642037 0.123971 0.756584 0.763731 0.000000 0.000000 0.000000 1.000000
0.798031 0.134503 0.587414 285.237976 -0.036245 0.983721 -0.176007 102.632996 -0.601525 0.119169 0.789916 0.386377 0.000000 0.000000 0.000000 1.000000
0.823301 0.116203 0.555583 295.843323 -0.031646 0.986694 -0.159476 101.311111 -0.566723 0.113715 0.816023 -0.246702 0.000000 0.000000 0.000000 1.000000</float_array>
        <technique_common>
          <accessor source="#mixamorig_Hips-Matrix-animation-output-transform-array" count="24" stride="16">
            <param type="float4x4"/>
          </accessor>
        </technique_common>
      </source>
      <source id="mixamorig_Hips-Interpolations">
        <Name_array id="mixamorig_Hips-Interpolations-array" count="24">
 LINEAR LINEAR LINEAR LINEAR LINEAR LINEAR LINEAR LINEAR LINEAR LINEAR LINEAR
LINEAR LINEAR LINEAR LINEAR LINEAR LINEAR LINEAR LINEAR LINEAR LINEAR LINEAR LINEAR
LINEAR</Name_array>
        <technique_common>
          <accessor source="#mixamorig_Hips-Interpolations-array" count="24">
            <param type="name"/>
          </accessor>
        </technique_common>
      </source>
      <sampler id="mixamorig_Hips-Matrix-animation-transform">
        <input semantic="INPUT" source="#mixamorig_Hips-Matrix-animation-input"/>
        <input semantic="OUTPUT" source="#mixamorig_Hips-Matrix-animation-output-transform"/>
        <input semantic="INTERPOLATION" source="#mixamorig_Hips-Interpolations"/>
      </sampler>
      <channel source="#mixamorig_Hips-Matrix-animation-transform" target="mixamorig_Hips/matrix"/>
    </animation>
    <animation id="mixamorig_Spine-anim" name="mixamorig_Spine">
      <source id="mixamorig_Spine-Matrix-animation-input">
        <float_array id="mixamorig_Spine-Matrix-animation-input-array" count="24">

0.000000 0.033333 0.066667 0.100000 0.133333 0.166667 0.200000 0.233333 0.266667 0.300000 0.333333 0.366667 0.400000 0.433333 0.466667 0.500000
0.533333 0.566667 0.600000 0.633333 0.666667 0.700000 0.733333 0.766667</float_array>
        <technique_common>
          <accessor source="#mixamorig_Spine-Matrix-animation-input-array" count="24">
            <param name="TIME" type="float"/>
          </accessor>
        </technique_common>
      </source>
      <source id="mixamorig_Spine-Matrix-animation-output-transform">
        <float_array id="mixamorig_Spine-Matrix-animation-output-transform-array" count="384">

0.975267 0.144394 -0.167345 0.000000 -0.189350 0.936372 -0.295558 8.536500 0.114020 0.319934 0.940554 0.187100 0.000000 0.000000 0.000000 1.000000
0.969958 0.184277 -0.158821 0.000000 -0.225895 0.924565 -0.306840 8.536500 0.090297 0.333499 0.938416 0.187100 0.000000 0.000000 0.000000 1.000000
0.962842 0.224836 -0.149616 0.000000 -0.261333 0.915410 -0.306154 8.536500 0.068125 0.333878 0.940151 0.187100 0.000000 0.000000 0.000000 1.000000
0.957069 0.254632 -0.138500 0.000000 -0.284249 0.918042 -0.276410 8.536500 0.056766 0.303912 0.951008 0.187100 0.000000 0.000000 0.000000 1.000000
0.957528 0.259590 -0.125514 -0.000000 -0.281646 0.935297 -0.214231 8.536500 0.061781 0.240483 0.968685 0.187100 0.000000 0.000000 0.000000 1.000000
0.967127 0.229027 -0.110509 0.000000 -0.244079 0.957976 -0.150693 8.536500 0.071352 0.172712 0.982385 0.187100 0.000000 0.000000 0.000000 1.000000
0.978008 0.184783 -0.096724 -0.000000 -0.194469 0.975518 -0.102694 8.536500 0.075380 0.119246 0.989999 0.187100 0.000000 0.000000 0.000000 1.000000
0.978696 0.179458 -0.099747 0.000000 -0.186358 0.980348 -0.064726 8.536500 0.086171 0.081936 0.992905 0.187100 0.000000 0.000000 0.000000 1.000000
0.971558 0.206925 -0.115141 0.000000 -0.217755 0.971749 -0.091033 8.536500 0.093051 0.113517 0.989169 0.187100 0.000000 0.000000 0.000000 1.000000
0.961772 0.238347 -0.134851 -0.000000 -0.259855 0.949711 -0.174714 8.536500 0.086427 0.203077 0.975341 0.187100 0.000000 0.000000 0.000000 1.000000
0.955606 0.256523 -0.144959 -0.000000 -0.282078 0.938631 -0.198505 8.536500 0.085142 0.230583 0.969321 0.187100 0.000000 0.000000 0.000000 1.000000
0.963029 0.231397 -0.137949 -0.000000 -0.250363 0.957804 -0.141170 8.536500 0.099462 0.170488 0.980327 0.187100 0.000000 0.000000 0.000000 1.000000
0.977385 0.151791 -0.147236 0.000000 -0.176819 0.968508 -0.175291 8.536500 0.115991 0.197361 0.973445 0.187100 0.000000 0.000000 0.000000 1.000000
0.986267 0.057826 -0.154703 0.000000 -0.091699 0.970786 -0.221734 8.536500 0.137361 0.232875 0.962757 0.187100 0.000000 0.000000 0.000000 1.000000
0.983542 -0.046900 -0.174489 0.000000 0.005248 0.972732 -0.231871 8.536500 0.180606 0.227139 0.956969 0.187100 0.000000 0.000000 0.000000 1.000000
0.972150 -0.118621 -0.202120 0.000000 0.079153 0.977954 -0.193236 8.536500 0.220586 0.171856 0.960108 0.187100 0.000000 0.000000 0.000000 1.000000
0.965751 -0.117547 -0.231318 -0.000000 0.086770 0.986480 -0.139029 8.536500 0.244533 0.114196 0.962893 0.187100 0.000000 0.000000 0.000000 1.000000
0.967380 -0.051197 -0.248100 0.000000 0.032998 0.996487 -0.076968 8.536500 0.251170 0.066271 0.965672 0.187100 0.000000 0.000000 0.000000 1.000000
0.967967 -0.043505 -0.247278 0.000000 0.030549 0.997964 -0.055996 8.536500 0.249211 0.046648 0.967325 0.187100 0.000000 0.000000 0.000000 1.000000
0.971445 -0.071260 -0.226312 0.000000 0.047994 0.993132 -0.106701 8.536500 0.232361 0.092793 0.968193 0.187100 0.000000 0.000000 0.000000 1.000000
0.977494 -0.059007 -0.202541 0.000000 0.025076 0.985778 -0.166173 8.536500 0.209466 0.157354 0.965072 0.187100 0.000000 0.000000 0.000000 1.000000
0.982901 0.002478 -0.184119 0.000000 -0.043136 0.975183 -0.217157 8.536500 0.179012 0.221386 0.958615 0.187100 0.000000 0.000000 0.000000 1.000000
0.981913 0.074522 -0.174052 0.000000 -0.119565 0.956851 -0.264840 8.536500 0.146805 0.280860 0.948454 0.187100 0.000000 0.000000 0.000000 1.000000
0.975267 0.144396 -0.167344 0.000000 -0.189351 0.936371 -0.295559 8.536500 0.114018 0.319936 0.940554 0.187100 0.000000 0.000000 0.000000 1.000000</float_array>
        <technique_common>
          <accessor source="#mixamorig_Spine-Matrix-animation-output-transform-array" count="24" stride="16">
            <param type="float4x4"/>
          </accessor>
        </technique_common>
      </source>
      <source id="mixamorig_Spine-Interpolations">
        <Name_array id="mixamorig_Spine-Interpolations-array" count="24">
 LINEAR LINEAR LINEAR LINEAR LINEAR LINEAR LINEAR LINEAR LINEAR LINEAR LINEAR
LINEAR LINEAR LINEAR LINEAR LINEAR LINEAR LINEAR LINEAR LINEAR LINEAR LINEAR LINEAR
LINEAR</Name_array>
        <technique_common>
          <accessor source="#mixamorig_Spine-Interpolations-array" count="24">
            <param type="name"/>
          </accessor>
        </technique_common>
      </source>
      <sampler id="mixamorig_Spine-Matrix-animation-transform">
        <input semantic="INPUT" source="#mixamorig_Spine-Matrix-animation-input"/>
        <input semantic="OUTPUT" source="#mixamorig_Spine-Matrix-animation-output-transform"/>
        <input semantic="INTERPOLATION" source="#mixamorig_Spine-Interpolations"/>
      </sampler>
      <channel source="#mixamorig_Spine-Matrix-animation-transform" target="mixamorig_Spine/matrix"/>
    </animation>
    <animation id="mixamorig_Spine1-anim" name="mixamorig_Spine1">
      <source id="mixamorig_Spine1-Matrix-animation-input">
        <float_array id="mixamorig_Spine1-Matrix-animation-input-array" count="24">

0.000000 0.033333 0.066667 0.100000 0.133333 0.166667 0.200000 0.233333 0.266667 0.300000 0.333333 0.366667 0.400000 0.433333 0.466667 0.500000
0.533333 0.566667 0.600000 0.633333 0.666667 0.700000 0.733333 0.766667</float_array>
        <technique_common>
          <accessor source="#mixamorig_Spine1-Matrix-animation-input-array" count="24">
            <param name="TIME" type="float"/>
          </accessor>
        </technique_common>
      </source>
      <source id="mixamorig_Spine1-Matrix-animation-output-transform">
        <float_array id="mixamorig_Spine1-Matrix-animation-output-transform-array" count="384">

0.979336 -0.150259 -0.135362 -0.000000 0.153094 0.988153 0.010726 9.685800 0.132146 -0.031227 0.990738 -0.000000 0.000000 0.000000 0.000000 1.000000
0.980877 -0.151817 -0.121786 -0.000000 0.154926 0.987790 0.016425 9.685800 0.117805 -0.034978 0.992420 -0.000000 0.000000 0.000000 0.000000 1.000000
0.982253 -0.153737 -0.107442 0.000000 0.156849 0.987397 0.021089 9.685800 0.102846 -0.037567 0.993988 0.000000 0.000000 0.000000 0.000000 1.000000
0.983698 -0.153605 -0.093512 -0.000000 0.155916 0.987608 0.017889 9.685800 0.089605 -0.032177 0.995457 0.000000 0.000000 0.000000 0.000000 1.000000
0.985623 -0.148113 -0.081300 0.000000 0.149138 0.988794 0.006650 9.685800 0.079404 -0.018679 0.996668 -0.000000 0.000000 0.000000 0.000000 1.000000
0.988029 -0.136600 -0.071687 0.000000 0.136425 0.990623 -0.007356 9.685800 0.072019 -0.002512 0.997400 -0.000000 0.000000 0.000000 0.000000 1.000000
0.990099 -0.123856 -0.066056 -0.000000 0.122377 0.992143 -0.026001 9.685800 0.068757 0.017660 0.997477 0.000000 0.000000 0.000000 0.000000 1.000000
0.989757 -0.123679 -0.071311 -0.000000 0.120323 0.991495 -0.049597 9.685800 0.076838 0.040509 0.996220 0.000000 0.000000 0.000000 0.000000 1.000000
0.988602 -0.125371 -0.083352 -0.000000 0.121349 0.991263 -0.051699 9.685800 0.089105 0.040995 0.995178 -0.000000 0.000000 0.000000 0.000000 1.000000
0.986072 -0.136796 -0.094600 0.000000 0.135024 0.990529 -0.024917 9.685800 0.097113 0.011797 0.995203 0.000000 0.000000 0.000000 0.000000 1.000000
0.985201 -0.138651 -0.100769 -0.000000 0.137829 0.990341 -0.015108 9.685800 0.101890 0.000996 0.994795 0.000000 0.000000 0.000000 0.000000 1.000000
0.986423 -0.127405 -0.103624 -0.000000 0.122783 0.991181 -0.049853 9.685800 0.109061 0.036453 0.993366 -0.000000 0.000000 0.000000 0.000000 1.000000
0.986015 -0.115975 -0.119682 0.000000 0.110576 0.992567 -0.050831 9.685800 0.124688 0.036886 0.991510 0.000000 0.000000 0.000000 0.000000 1.000000
0.984601 -0.101790 -0.142123 0.000000 0.096427 0.994361 -0.044144 9.685800 0.145815 0.029760 0.988864 0.000000 0.000000 0.000000 0.000000 1.000000
0.980070 -0.074746 -0.184056 0.000000 0.069785 0.997006 -0.033295 9.685800 0.185993 0.019787 0.982352 0.000000 0.000000 0.000000 0.000000 1.000000
0.972118 -0.057086 -0.227439 0.000000 0.050278 0.998100 -0.035620 9.685800 0.229040 0.023191 0.973141 0.000000 0.000000 0.000000 0.000000 1.000000
0.963918 -0.069011 -0.257100 0.000000 0.058476 0.997114 -0.048408 9.685800 0.259699 0.031628 0.965172 0.000000 0.000000 0.000000 0.000000 1.000000
0.958144 -0.110816 -0.263969 0.000000 0.095282 0.992916 -0.070983 9.685800 0.269965 0.042860 0.961916 -0.000000 0.000000 0.000000 0.000000 1.000000
0.959791 -0.116242 -0.255517 0.000000 0.099600 0.992030 -0.077179 9.685800 0.262452 0.048626 0.963719 0.000000 0.000000 0.000000 0.000000 1.000000
0.966605 -0.101579 -0.235281 0.000000 0.091633 0.994389 -0.052859 9.685800 0.239330 0.029535 0.970489 0.000000 0.000000 0.000000 0.000000 1.000000
0.972491 -0.102291 -0.209278 -0.000000 0.099132 0.994746 -0.025555 9.685800 0.210793 0.004106 0.977522 -0.000000 0.000000 0.000000 0.000000 1.000000
0.976560 -0.115870 -0.181396 -0.000000 0.116305 0.993179 -0.008273 9.685800 0.181117 -0.013018 0.983375 0.000000 0.000000 0.000000 0.000000 1.000000
0.978978 -0.132708 -0.154892 -0.000000 0.135244 0.990795 0.005905 9.685800 0.152683 -0.026729 0.987914 0.000000 0.000000 0.000000 0.000000 1.000000
0.979336 -0.150259 -0.135363 0.000000 0.153094 0.988153 0.010726 9.685800 0.132147 -0.031228 0.990738 0.000000 0.000000 0.000000 0.000000 1.000000</float_array>
        <technique_common>
          <accessor source="#mixamorig_Spine1-Matrix-animation-output-transform-array" count="24" stride="16">
            <param type="float4x4"/>
          </accessor>
        </technique_common>
      </source>
      <source id="mixamorig_Spine1-Interpolations">
        <Name_array id="mixamorig_Spine1-Interpolations-array" count="24">
 LINEAR LINEAR LINEAR LINEAR LINEAR LINEAR LINEAR LINEAR LINEAR LINEAR LINEAR
LINEAR LINEAR LINEAR LINEAR LINEAR LINEAR LINEAR LINEAR LINEAR LINEAR LINEAR LINEAR
LINEAR</Name_array>
        <technique_common>
          <accessor source="#mixamorig_Spine1-Interpolations-array" count="24">
            <param type="name"/>
          </accessor>
        </technique_common>
      </source>
      <sampler id="mixamorig_Spine1-Matrix-animation-transform">
        <input semantic="INPUT" source="#mixamorig_Spine1-Matrix-animation-input"/>
        <input semantic="OUTPUT" source="#mixamorig_Spine1-Matrix-animation-output-transform"/>
        <input semantic="INTERPOLATION" source="#mixamorig_Spine1-Interpolations"/>
      </sampler>
      <channel source="#mixamorig_Spine1-Matrix-animation-transform" target="mixamorig_Spine1/matrix"/>
    </animation>
    <animation id="mixamorig_Spine2-anim" name="mixamorig_Spine2">
      <source id="mixamorig_Spine2-Matrix-animation-input">
        <float_array id="mixamorig_Spine2-Matrix-animation-input-array" count="24">

0.000000 0.033333 0.066667 0.100000 0.133333 0.166667 0.200000 0.233333 0.266667 0.300000 0.333333 0.366667 0.400000 0.433333 0.466667 0.500000
0.533333 0.566667 0.600000 0.633333 0.666667 0.700000 0.733333 0.766667</float_array>
        <technique_common>
          <accessor source="#mixamorig_Spine2-Matrix-animation-input-array" count="24">
            <param name="TIME" type="float"/>
          </accessor>
        </technique_common>
      </source>
      <source id="mixamorig_Spine2-Matrix-animation-output-transform">
        <float_array id="mixamorig_Spine2-Matrix-animation-output-transform-array" count="384">

0.979172 -0.156656 -0.129152 0.000000 0.158745 0.987302 0.005975 15.875400 0.126576 -0.026352 0.991607 0.000000 0.000000 0.000000 0.000000 1.000000
0.980429 -0.157620 -0.117962 -0.000000 0.161090 0.986728 0.020428 15.875400 0.113177 -0.039031 0.992808 0.000000 0.000000 0.000000 0.000000 1.000000
0.981541 -0.159192 -0.105998 -0.000000 0.163476 0.985996 0.032972 15.875400 0.099265 -0.049692 0.993819 0.000000 0.000000 0.000000 0.000000 1.000000
0.982915 -0.158221 -0.094048 0.000000 0.161774 0.986328 0.031394 15.875400 0.087795 -0.046072 0.995073 0.000000 0.000000 0.000000 0.000000 1.000000
0.985160 -0.150332 -0.082826 -0.000000 0.152046 0.988263 0.014757 15.875400 0.079636 -0.027132 0.996455 0.000000 0.000000 0.000000 0.000000 1.000000
0.988060 -0.135564 -0.073216 0.000000 0.135631 0.990751 -0.004092 15.875400 0.073094 -0.005888 0.997308 0.000000 0.000000 0.000000 0.000000 1.000000
0.990366 -0.120689 -0.067890 0.000000 0.119540 0.992612 -0.020760 15.875400 0.069894 0.012444 0.997477 0.000000 0.000000 0.000000 0.000000 1.000000
0.990250 -0.118071 -0.073921 0.000000 0.114988 0.992362 -0.044668 15.875400 0.078630 0.035733 0.996263 0.000000 0.000000 0.000000 0.000000 1.000000
0.989236 -0.119630 -0.084267 -0.000000 0.115799 0.992064 -0.048986 15.875400 0.089458 0.038701 0.995238 -0.000000 0.000000 0.000000 0.000000 1.000000
0.986511 -0.135005 -0.092574 0.000000 0.133146 0.990755 -0.025999 15.875400 0.095229 0.013322 0.995366 -0.000000 0.000000 0.000000 0.000000 1.000000
0.985571 -0.138135 -0.097817 -0.000000 0.136940 0.990400 -0.018858 15.875400 0.099483 0.005190 0.995026 0.000000 0.000000 0.000000 0.000000 1.000000
0.987298 -0.122484 -0.101192 0.000000 0.117780 0.991717 -0.051240 15.875400 0.106630 0.038671 0.993546 0.000000 0.000000 0.000000 0.000000 1.000000
0.986725 -0.112629 -0.117002 0.000000 0.107488 0.992980 -0.049375 15.875400 0.121741 0.036143 0.991904 0.000000 0.000000 0.000000 0.000000 1.000000
0.985054 -0.101357 -0.139269 0.000000 0.096859 0.994545 -0.038718 15.875400 0.142434 0.024650 0.989497 -0.000000 0.000000 0.000000 0.000000 1.000000
0.980183 -0.077821 -0.182170 -0.000000 0.075719 0.996958 -0.018475 15.875400 0.183054 0.004315 0.983093 -0.000000 0.000000 0.000000 0.000000 1.000000
0.971739 -0.059951 -0.228318 0.000000 0.058829 0.998199 -0.011720 15.875400 0.228610 -0.002043 0.973516 0.000000 0.000000 0.000000 0.000000 1.000000
0.963025 -0.067129 -0.260915 0.000000 0.062898 0.997718 -0.024542 15.875400 0.261967 0.007223 0.965050 -0.000000 0.000000 0.000000 0.000000 1.000000
0.957581 -0.102669 -0.269256 -0.000000 0.092073 0.994408 -0.051726 15.875400 0.273061 0.024740 0.961679 -0.000000 0.000000 0.000000 0.000000 1.000000
0.959398 -0.104078 -0.262151 -0.000000 0.091679 0.994032 -0.059127 15.875400 0.266740 0.032693 0.963214 -0.000000 0.000000 0.000000 0.000000 1.000000
0.966514 -0.096212 -0.237895 -0.000000 0.089992 0.995259 -0.036894 15.875400 0.240316 0.014250 0.970590 -0.000000 0.000000 0.000000 0.000000 1.000000
0.972618 -0.102455 -0.208607 0.000000 0.101584 0.994715 -0.014912 15.875400 0.209032 -0.006687 0.977886 -0.000000 0.000000 0.000000 0.000000 1.000000
0.976738 -0.119268 -0.178210 -0.000000 0.120319 0.992723 -0.004940 15.875400 0.177503 -0.016617 0.983980 -0.000000 0.000000 0.000000 0.000000 1.000000
0.979056 -0.138277 -0.149430 -0.000000 0.140243 0.990114 0.002648 15.875400 0.147586 -0.023549 0.988769 0.000000 0.000000 0.000000 0.000000 1.000000
0.979173 -0.156656 -0.129151 0.000000 0.158744 0.987302 0.005974 15.875400 0.126576 -0.026352 0.991607 0.000000 0.000000 0.000000 0.000000 1.000000</float_array>
        <technique_common>
          <accessor source="#mixamorig_Spine2-Matrix-animation-output-transform-array" count="24" stride="16">
            <param type="float4x4"/>
          </accessor>
        </technique_common>
      </source>
      <source id="mixamorig_Spine2-Interpolations">
        <Name_array id="mixamorig_Spine2-Interpolations-array" count="24">
 LINEAR LINEAR LINEAR LINEAR LINEAR LINEAR LINEAR LINEAR LINEAR LINEAR LINEAR
LINEAR LINEAR LINEAR LINEAR LINEAR LINEAR LINEAR LINEAR LINEAR LINEAR LINEAR LINEAR
LINEAR</Name_array>
        <technique_common>
          <accessor source="#mixamorig_Spine2-Interpolations-array" count="24">
            <param type="name"/>
          </accessor>
        </technique_common>
      </source>
      <sampler id="mixamorig_Spine2-Matrix-animation-transform">
        <input semantic="INPUT" source="#mixamorig_Spine2-Matrix-animation-input"/>
        <input semantic="OUTPUT" source="#mixamorig_Spine2-Matrix-animation-output-transform"/>
        <input semantic="INTERPOLATION" source="#mixamorig_Spine2-Interpolations"/>
      </sampler>
      <channel source="#mixamorig_Spine2-Matrix-animation-transform" target="mixamorig_Spine2/matrix"/>
    </animation>
    <animation id="mixamorig_Neck-anim" name="mixamorig_Neck">
      <source id="mixamorig_Neck-Matrix-animation-input">
        <float_array id="mixamorig_Neck-Matrix-animation-input-array" count="24">

0.000000 0.033333 0.066667 0.100000 0.133333 0.166667 0.200000 0.233333 0.266667 0.300000 0.333333 0.366667 0.400000 0.433333 0.466667 0.500000
0.533333 0.566667 0.600000 0.633333 0.666667 0.700000 0.733333 0.766667</float_array>
        <technique_common>
          <accessor source="#mixamorig_Neck-Matrix-animation-input-array" count="24">
            <param name="TIME" type="float"/>
          </accessor>
        </technique_common>
      </source>
      <source id="mixamorig_Neck-Matrix-animation-output-transform">
        <float_array id="mixamorig_Neck-Matrix-animation-output-transform-array" count="384">

0.991933 -0.055674 -0.113878 -0.000000 0.063757 0.995605 0.068604 26.173401 0.109558 -0.075312 0.991123 -0.161200 0.000000 0.000000 0.000000 1.000000
0.990678 -0.075864 -0.113147 -0.000000 0.083724 0.994274 0.066411 26.173401 0.107461 -0.075265 0.991356 -0.161200 0.000000 0.000000 0.000000 1.000000
0.989554 -0.092340 -0.110711 -0.000000 0.099500 0.993166 0.060992 26.173401 0.104322 -0.071371 0.991979 -0.161200 0.000000 0.000000 0.000000 1.000000
0.989593 -0.095703 -0.107460 0.000000 0.101499 0.993588 0.049816 26.173401 0.102003 -0.060204 0.992961 -0.161200 0.000000 0.000000 0.000000 1.000000
0.990020 -0.089664 -0.108723 0.000000 0.093293 0.995223 0.028755 26.173401 0.105626 -0.038611 0.993656 -0.161200 0.000000 0.000000 0.000000 1.000000
0.989472 -0.082258 -0.119073 -0.000000 0.080184 0.996535 -0.022120 26.173401 0.120480 0.012340 0.992639 -0.161200 0.000000 0.000000 0.000000 1.000000
0.987782 -0.085410 -0.130355 0.000000 0.074751 0.993608 -0.084586 26.173401 0.136746 0.073808 0.987853 -0.161200 0.000000 0.000000 0.000000 1.000000
0.983631 -0.117101 -0.136958 0.000000 0.101564 0.988111 -0.115418 26.173401 0.148846 0.099618 0.983830 -0.161200 0.000000 0.000000 0.000000 1.000000
0.980480 -0.140450 -0.137594 -0.000000 0.125590 0.985815 -0.111335 26.173401 0.151279 0.091882 0.984212 -0.161200 0.000000 0.000000 0.000000 1.000000
0.980811 -0.134757 -0.140891 0.000000 0.125404 0.989393 -0.073318 26.173401 0.149276 0.054243 0.987307 -0.161200 0.000000 0.000000 0.000000 1.000000
0.983061 -0.119858 -0.138657 0.000000 0.117505 0.992756 -0.025062 26.173401 0.140657 0.008344 0.990023 -0.161200 0.000000 0.000000 0.000000 1.000000
0.986133 -0.108697 -0.125403 -0.000000 0.109607 0.993975 0.000359 26.173401 0.124608 -0.014099 0.992106 -0.161200 0.000000 0.000000 0.000000 1.000000
0.988455 -0.101977 -0.112063 -0.000000 0.101573 0.994784 -0.009322 26.173401 0.112429 -0.002168 0.993657 -0.161200 0.000000 0.000000 0.000000 1.000000
0.990381 -0.096435 -0.099231 0.000000 0.094170 0.995183 -0.027269 26.173401 0.101383 0.017662 0.994691 -0.161200 0.000000 0.000000 0.000000 1.000000
0.991651 -0.094394 -0.087848 0.000000 0.090185 0.994633 -0.050719 26.173401 0.092164 0.042373 0.994842 -0.161200 0.000000 0.000000 0.000000 1.000000
0.992947 -0.088184 -0.079245 0.000000 0.082778 0.994170 -0.069094 26.173401 0.084876 0.062047 0.994458 -0.161200 0.000000 0.000000 0.000000 1.000000
0.995292 -0.064642 -0.072211 0.000000 0.058308 0.994533 -0.086632 26.173401 0.077416 0.082013 0.993620 -0.161200 0.000000 0.000000 0.000000 1.000000
0.997229 -0.030902 -0.067664 0.000000 0.024542 0.995373 -0.092897 26.173401 0.070221 0.090979 0.993374 -0.161200 0.000000 0.000000 0.000000 1.000000
0.997261 -0.016317 -0.072138 0.000000 0.011381 0.997598 -0.068325 26.173401 0.073080 0.067316 0.995052 -0.161200 0.000000 0.000000 0.000000 1.000000
0.996594 -0.013358 -0.081378 0.000000 0.010985 0.999503 -0.029542 26.173401 0.081732 0.028548 0.996245 -0.161200 0.000000 0.000000 0.000000 1.000000
0.995600 -0.017681 -0.092022 -0.000000 0.016388 0.999756 -0.014792 26.173401 0.092261 0.013219 0.995647 -0.161200 0.000000 0.000000 0.000000 1.000000
0.994488 -0.028617 -0.100873 0.000000 0.029683 0.999518 0.009079 26.173401 0.100565 -0.012024 0.994858 -0.161200 0.000000 0.000000 0.000000 1.000000
0.993183 -0.041012 -0.109110 0.000000 0.045158 0.998338 0.035803 26.173401 0.107460 -0.040486 0.993385 -0.161200 0.000000 0.000000 0.000000 1.000000
0.991934 -0.055672 -0.113878 0.000000 0.063752 0.995606 0.068592 26.173401 0.109559 -0.075299 0.991124 -0.161200 0.000000 0.000000 0.000000 1.000000</float_array>
        <technique_common>
          <accessor source="#mixamorig_Neck-Matrix-animation-output-transform-array" count="24" stride="16">
            <param type="float4x4"/>
          </accessor>
        </technique_common>
      </source>
      <source id="mixamorig_Neck-Interpolations">
        <Name_array id="mixamorig_Neck-Interpolations-array" count="24">
 LINEAR LINEAR LINEAR LINEAR LINEAR LINEAR LINEAR LINEAR LINEAR LINEAR LINEAR
LINEAR LINEAR LINEAR LINEAR LINEAR LINEAR LINEAR LINEAR LINEAR LINEAR LINEAR LINEAR
LINEAR</Name_array>
        <technique_common>
          <accessor source="#mixamorig_Neck-Interpolations-array" count="24">
            <param type="name"/>
          </accessor>
        </technique_common>
      </source>
      <sampler id="mixamorig_Neck-Matrix-animation-transform">
        <input semantic="INPUT" source="#mixamorig_Neck-Matrix-animation-input"/>
        <input semantic="OUTPUT" source="#mixamorig_Neck-Matrix-animation-output-transform"/>
        <input semantic="INTERPOLATION" source="#mixamorig_Neck-Interpolations"/>
      </sampler>
      <channel source="#mixamorig_Neck-Matrix-animation-transform" target="mixamorig_Neck/matrix"/>
    </animation>
    <animation id="mixamorig_Head-anim" name="mixamorig_Head">
      <source id="mixamorig_Head-Matrix-animation-input">
        <float_array id="mixamorig_Head-Matrix-animation-input-array" count="24">

0.000000 0.033333 0.066667 0.100000 0.133333 0.166667 0.200000 0.233333 0.266667 0.300000 0.333333 0.366667 0.400000 0.433333 0.466667 0.500000
0.533333 0.566667 0.600000 0.633333 0.666667 0.700000 0.733333 0.766667</float_array>
        <technique_common>
          <accessor source="#mixamorig_Head-Matrix-animation-input-array" count="24">
            <param name="TIME" type="float"/>
          </accessor>
        </technique_common>
      </source>
      <source id="mixamorig_Head-Matrix-animation-output-transform">
        <float_array id="mixamorig_Head-Matrix-animation-output-transform-array" count="384">

0.997764 0.046208 0.048282 0.000000 -0.051537 0.991946 0.115701 14.369300 -0.042547 -0.117930 0.992110 0.127800 0.000000 0.000000 0.000000 1.000000
0.997580 0.050597 0.047680 0.000000 -0.056568 0.989418 0.133608 14.369300 -0.040415 -0.135982 0.989887 0.127800 0.000000 0.000000 0.000000 1.000000
0.998098 0.048463 0.038113 0.000000 -0.053518 0.987940 0.145291 14.369300 -0.030612 -0.147054 0.988655 0.127800 0.000000 0.000000 0.000000 1.000000
0.999463 0.025009 0.021161 0.000000 -0.027946 0.987932 0.152346 14.369300 -0.017096 -0.152855 0.988101 0.127800 0.000000 0.000000 0.000000 1.000000
0.999966 -0.002880 0.007791 0.000000 0.001667 0.988475 0.151376 14.369300 -0.008137 -0.151357 0.988446 0.127800 0.000000 0.000000 0.000000 1.000000
0.999731 -0.022423 0.005903 -0.000000 0.021081 0.985003 0.171247 14.369300 -0.009655 -0.171076 0.985210 0.127800 0.000000 0.000000 0.000000 1.000000
0.999489 -0.031958 -0.000730 0.000000 0.031396 0.977081 0.210540 14.369300 -0.006015 -0.210455 0.977585 0.127800 0.000000 0.000000 0.000000 1.000000
0.999788 -0.020541 0.001706 0.000000 0.019593 0.972781 0.230897 14.369300 -0.006402 -0.230814 0.972977 0.127800 0.000000 0.000000 0.000000 1.000000
0.999700 -0.023248 0.007695 -0.000000 0.020717 0.970438 0.240460 14.369300 -0.013057 -0.240229 0.970629 0.127800 0.000000 0.000000 0.000000 1.000000
0.999492 -0.031305 0.005962 0.000000 0.029218 0.974900 0.220716 14.369300 -0.012722 -0.220430 0.975320 0.127800 0.000000 0.000000 0.000000 1.000000
0.999128 -0.041482 0.004667 0.000000 0.040002 0.983404 0.176963 14.369300 -0.011931 -0.176622 0.984207 0.127800 0.000000 0.000000 0.000000 1.000000
0.998800 -0.046899 0.014133 -0.000000 0.044135 0.986834 0.155601 14.369300 -0.021245 -0.154790 0.987719 0.127800 0.000000 0.000000 0.000000 1.000000
0.998481 -0.041626 0.036099 -0.000000 0.035444 0.986866 0.157605 14.369300 -0.042185 -0.156086 0.986842 0.127800 0.000000 0.000000 0.000000 1.000000
0.997600 -0.032606 0.061079 -0.000000 0.022011 0.985757 0.166727 14.369300 -0.065645 -0.164982 0.984110 0.127800 0.000000 0.000000 0.000000 1.000000
0.995926 -0.014873 0.088940 0.000000 -0.002263 0.981873 0.189526 14.369300 -0.090146 -0.188955 0.977839 0.127800 0.000000 0.000000 0.000000 1.000000
0.992731 0.006395 0.120187 0.000000 -0.030818 0.978802 0.202478 14.369300 -0.116345 -0.204710 0.971884 0.127800 0.000000 0.000000 0.000000 1.000000
0.990952 0.013707 0.133513 0.000000 -0.040906 0.978288 0.203175 14.369300 -0.127829 -0.206799 0.969997 0.127800 0.000000 0.000000 0.000000 1.000000
0.993189 0.022782 0.114263 0.000000 -0.046456 0.976803 0.209038 14.369300 -0.106851 -0.212922 0.971209 0.127800 0.000000 0.000000 0.000000 1.000000
0.995278 0.025001 0.093786 -0.000000 -0.042544 0.980857 0.190024 14.369300 -0.087240 -0.193117 0.977290 0.127800 0.000000 0.000000 0.000000 1.000000
0.997464 0.023932 0.067029 0.000000 -0.034339 0.986728 0.158710 14.369300 -0.062341 -0.160610 0.985047 0.127800 0.000000 0.000000 0.000000 1.000000
0.998218 0.026928 0.053249 0.000000 -0.034257 0.989288 0.141900 14.369300 -0.048858 -0.143471 0.988448 0.127800 0.000000 0.000000 0.000000 1.000000
0.998510 0.024393 0.048814 -0.000000 -0.030887 0.990084 0.137042 14.369300 -0.044987 -0.138345 0.989362 0.127800 0.000000 0.000000 0.000000 1.000000
0.998585 0.024936 0.046980 0.000000 -0.030961 0.990736 0.132228 14.369300 -0.043247 -0.133495 0.990105 0.127800 0.000000 0.000000 0.000000 1.000000
0.997765 0.046203 0.048279 0.000000 -0.051533 0.991945 0.115712 14.369300 -0.042544 -0.117941 0.992109 0.127800 0.000000 0.000000 0.000000 1.000000</float_array>
        <technique_common>
          <accessor source="#mixamorig_Head-Matrix-animation-output-transform-array" count="24" stride="16">
            <param type="float4x4"/>
          </accessor>
        </technique_common>
      </source>
      <source id="mixamorig_Head-Interpolations">
        <Name_array id="mixamorig_Head-Interpolations-array" count="24">
 LINEAR LINEAR LINEAR LINEAR LINEAR LINEAR LINEAR LINEAR LINEAR LINEAR LINEAR
LINEAR LINEAR LINEAR LINEAR LINEAR LINEAR LINEAR LINEAR LINEAR LINEAR LINEAR LINEAR
LINEAR</Name_array>
        <technique_common>
          <accessor source="#mixamorig_Head-Interpolations-array" count="24">
            <param type="name"/>
          </accessor>
        </technique_common>
      </source>
      <sampler id="mixamorig_Head-Matrix-animation-transform">
        <input semantic="INPUT" source="#mixamorig_Head-Matrix-animation-input"/>
        <input semantic="OUTPUT" source="#mixamorig_Head-Matrix-animation-output-transform"/>
        <input semantic="INTERPOLATION" source="#mixamorig_Head-Interpolations"/>
      </sampler>
      <channel source="#mixamorig_Head-Matrix-animation-transform" target="mixamorig_Head/matrix"/>
    </animation>
    <animation id="mixamorig_LeftShoulder-anim" name="mixamorig_LeftShoulder">
      <source id="mixamorig_LeftShoulder-Matrix-animation-input">
        <float_array id="mixamorig_LeftShoulder-Matrix-animation-input-array" count="24">

0.000000 0.033333 0.066667 0.100000 0.133333 0.166667 0.200000 0.233333 0.266667 0.300000 0.333333 0.366667 0.400000 0.433333 0.466667 0.500000
0.533333 0.566667 0.600000 0.633333 0.666667 0.700000 0.733333 0.766667</float_array>
        <technique_common>
          <accessor source="#mixamorig_LeftShoulder-Matrix-animation-input-array" count="24">
            <param name="TIME" type="float"/>
          </accessor>
        </technique_common>
      </source>
      <source id="mixamorig_LeftShoulder-Matrix-animation-output-transform">
        <float_array id="mixamorig_LeftShoulder-Matrix-animation-output-transform-array" count="384">

0.289950 0.939956 -0.180035 9.358700 -0.009002 -0.185429 -0.982616 25.286100 -0.957000 0.286530 -0.045304 -1.885500 0.000000 0.000000 0.000000 1.000000
0.261717 0.943672 -0.202454 9.358700 -0.020199 -0.204363 -0.978687 25.286100 -0.964933 0.260228 -0.034424 -1.885500 0.000000 0.000000 0.000000 1.000000
0.232105 0.949154 -0.212683 9.358700 -0.026779 -0.212336 -0.976830 25.286100 -0.972322 0.232422 -0.023867 -1.885500 0.000000 0.000000 0.000000 1.000000
0.213891 0.955251 -0.204320 9.358700 -0.023196 -0.204134 -0.978668 25.286100 -0.976582 0.214068 -0.021504 -1.885500 0.000000 0.000000 0.000000 1.000000
0.219163 0.955989 -0.195073 9.358700 -0.015988 -0.196388 -0.980396 25.286100 -0.975557 0.217985 -0.027757 -1.885500 0.000000 0.000000 0.000000 1.000000
0.240667 0.948453 -0.206196 9.358700 -0.014707 -0.208853 -0.977837 25.286100 -0.970496 0.238365 -0.036315 -1.885500 0.000000 0.000000 0.000000 1.000000
0.259005 0.939588 -0.223810 9.358700 -0.016676 -0.227333 -0.973674 25.286100 -0.965732 0.255918 -0.043212 -1.885500 0.000000 0.000000 0.000000 1.000000
0.260848 0.935530 -0.238205 9.358700 -0.019305 -0.241643 -0.970173 25.286100 -0.965187 0.257666 -0.044971 -1.885500 0.000000 0.000000 0.000000 1.000000
0.254003 0.938895 -0.232288 9.358700 -0.017666 -0.235621 -0.971684 25.286100 -0.967042 0.250915 -0.043262 -1.885500 0.000000 0.000000 0.000000 1.000000
0.254272 0.943616 -0.211979 9.358700 -0.014888 -0.215338 -0.976426 25.286100 -0.967018 0.251434 -0.040706 -1.885500 0.000000 0.000000 0.000000 1.000000
0.264874 0.945659 -0.188604 9.358700 -0.012193 -0.192289 -0.981263 25.286100 -0.964206 0.262211 -0.039402 -1.885500 0.000000 0.000000 0.000000 1.000000
0.282310 0.942940 -0.176536 9.358700 -0.009301 -0.181323 -0.983380 25.286100 -0.959278 0.279260 -0.042419 -1.885500 0.000000 0.000000 0.000000 1.000000
0.302187 0.935743 -0.181844 9.358700 -0.008326 -0.188164 -0.982102 25.286100 -0.953212 0.298293 -0.049070 -1.885500 0.000000 0.000000 0.000000 1.000000
0.320241 0.928769 -0.186637 9.358700 -0.007234 -0.194610 -0.980854 25.286100 -0.947308 0.315460 -0.055603 -1.885500 0.000000 0.000000 0.000000 1.000000
0.327252 0.929021 -0.172702 9.358700 -0.003702 -0.181504 -0.983383 25.286100 -0.944930 0.322453 -0.055959 -1.885500 0.000000 0.000000 0.000000 1.000000
0.325548 0.930682 -0.166882 9.358700 -0.002570 -0.175625 -0.984454 25.286100 -0.945522 0.320915 -0.054782 -1.885500 0.000000 0.000000 0.000000 1.000000
0.320981 0.929894 -0.179632 9.358700 -0.005637 -0.187789 -0.982193 25.286100 -0.947069 0.316278 -0.055035 -1.885500 0.000000 0.000000 0.000000 1.000000
0.317450 0.928791 -0.191240 9.358700 -0.006061 -0.199680 -0.979842 25.286100 -0.948256 0.312210 -0.057759 -1.885500 0.000000 0.000000 0.000000 1.000000
0.319372 0.927670 -0.193465 9.358700 -0.003587 -0.202972 -0.979178 25.286100 -0.947622 0.313416 -0.061497 -1.885500 0.000000 0.000000 0.000000 1.000000
0.326744 0.925629 -0.190917 9.358700 -0.001517 -0.201490 -0.979489 25.286100 -0.945112 0.320332 -0.064431 -1.885500 0.000000 0.000000 0.000000 1.000000
0.333291 0.924600 -0.184477 9.358700 -0.000700 -0.195421 -0.980719 25.286100 -0.942824 0.326994 -0.064485 -1.885500 0.000000 0.000000 0.000000 1.000000
0.328389 0.927987 -0.176069 9.358700 -0.001867 -0.185769 -0.982592 25.286100 -0.944541 0.323001 -0.059272 -1.885500 0.000000 0.000000 0.000000 1.000000
0.317773 0.932744 -0.170319 9.358700 -0.004005 -0.178308 -0.983967 25.286100 -0.948158 0.313360 -0.052926 -1.885500 0.000000 0.000000 0.000000 1.000000
0.289949 0.939956 -0.180035 9.358700 -0.009002 -0.185429 -0.982616 25.286100 -0.957000 0.286530 -0.045304 -1.885500 0.000000 0.000000 0.000000 1.000000</float_array>
        <technique_common>
          <accessor source="#mixamorig_LeftShoulder-Matrix-animation-output-transform-array" count="24" stride="16">
            <param type="float4x4"/>
          </accessor>
        </technique_common>
      </source>
      <source id="mixamorig_LeftShoulder-Interpolations">
        <Name_array id="mixamorig_LeftShoulder-Interpolations-array" count="24">
 LINEAR LINEAR LINEAR LINEAR LINEAR LINEAR LINEAR LINEAR LINEAR LINEAR LINEAR
LINEAR LINEAR LINEAR LINEAR LINEAR LINEAR LINEAR LINEAR LINEAR LINEAR LINEAR LINEAR
LINEAR</Name_array>
        <technique_common>
          <accessor source="#mixamorig_LeftShoulder-Interpolations-array" count="24">
            <param type="name"/>
          </accessor>
        </technique_common>
      </source>
      <sampler id="mixamorig_LeftShoulder-Matrix-animation-transform">
        <input semantic="INPUT" source="#mixamorig_LeftShoulder-Matrix-animation-input"/>
        <input semantic="OUTPUT" source="#mixamorig_LeftShoulder-Matrix-animation-output-transform"/>
        <input semantic="INTERPOLATION" source="#mixamorig_LeftShoulder-Interpolations"/>
      </sampler>
