<?xml version="1.0" encoding="utf-8"?>
<COLLADA xmlns="http://www.collada.org/2005/11/COLLADASchema" version="1.4.1">
  <asset>
    <contributor>
      <author>Mixamo</author>
      <authoring_tool>COLLADA Mixamo exporter</authoring_tool>
      <comments/>
    </contributor>
    <created>2025-11-14T05:17:17Z</created>
    <modified>2025-11-14T05:17:17Z</modified>
    <revision/>
    <title/>
    <unit meter="0.010000"/>
    <up_axis>Y_UP</up_axis>
  </asset>
  <library_animations>
    <animation id="mixamorig_Hips-anim" name="mixamorig_Hips">
      <source id="mixamorig_Hips-Matrix-animation-input">
        <float_array id="mixamorig_Hips-Matrix-animation-input-array" count="68">

0.000000 0.033333 0.066667 0.100000 0.133333 0.166667 0.200000 0.233333 0.266667 0.300000 0.333333 0.366667 0.400000 0.433333 0.466667 0.500000
0.533333 0.566667 0.600000 0.633333 0.666667 0.700000 0.733333 0.766667 0.800000 0.833333 0.866667 0.900000 0.933333 0.966667 1.000000 1.033333
1.066667 1.100000 1.133333 1.166667 1.200000 1.233333 1.266667 1.300000 1.333333 1.366667 1.400000 1.433333 1.466667 1.500000 1.533333 1.566667
1.600000 1.633333 1.666667 1.700000 1.733333 1.766667 1.800000 1.833333 1.866667 1.900000 1.933333 1.966667 2.000000 2.033333 2.066667 2.100000
2.133333 2.166667 2.200000 2.233333</float_array>
        <technique_common>
          <accessor source="#mixamorig_Hips-Matrix-animation-input-array" count="68">
            <param name="TIME" type="float"/>
          </accessor>
        </technique_common>
      </source>
      <source id="mixamorig_Hips-Matrix-animation-output-transform">
        <float_array id="mixamorig_Hips-Matrix-animation-output-transform-array" count="1088">

0.522569 -0.060166 -0.850471 0.204936 0.069742 0.997181 -0.027692 100.640823 0.849740 -0.044842 0.525292 -0.652176 0.000000 0.000000 0.000000 1.000000
0.523197 -0.060053 -0.850094 0.237766 0.068503 0.997250 -0.028288 100.611420 0.849454 -0.043434 0.525871 -0.685143 0.000000 0.000000 0.000000 1.000000
0.522086 -0.063362 -0.850536 0.311374 0.068484 0.997131 -0.032245 100.553238 0.850139 -0.041413 0.524927 -0.725683 0.000000 0.000000 0.000000 1.000000
0.512751 -0.069451 -0.855723 0.424762 0.073215 0.996629 -0.037017 100.474106 0.855410 -0.043671 0.516108 -0.668960 0.000000 0.000000 0.000000 1.000000
0.483146 -0.080946 -0.871790 0.622972 0.087729 0.995182 -0.043783 100.356766 0.871134 -0.055327 0.487919 -0.380527 0.000000 0.000000 0.000000 1.000000
0.441687 -0.091818 -0.892459 0.849116 0.104207 0.993267 -0.050616 100.221619 0.891097 -0.070644 0.448281 0.070586 0.000000 0.000000 0.000000 1.000000
0.384167 -0.092707 -0.918597 1.050876 0.120369 0.991483 -0.049723 100.074898 0.915383 -0.091469 0.392054 0.873911 0.000000 0.000000 0.000000 1.000000
0.319774 -0.091623 -0.943053 1.118505 0.139986 0.988959 -0.048616 99.876663 0.937096 -0.116468 0.329070 1.904460 0.000000 0.000000 0.000000 1.000000
0.259997 -0.089174 -0.961483 1.099603 0.158416 0.986174 -0.048626 99.567268 0.952526 -0.139671 0.270529 3.045809 0.000000 0.000000 0.000000 1.000000
0.215714 -0.089345 -0.972360 1.064943 0.169583 0.984100 -0.052803 99.185440 0.961618 -0.153506 0.227436 4.230973 0.000000 0.000000 0.000000 1.000000
0.190039 -0.096720 -0.977001 1.011284 0.173675 0.982753 -0.063508 98.670410 0.966293 -0.157612 0.203559 5.375319 0.000000 0.000000 0.000000 1.000000
0.183110 -0.109075 -0.977023 0.970739 0.171216 0.982176 -0.077562 98.025749 0.968068 -0.153079 0.198522 6.413935 0.000000 0.000000 0.000000 1.000000
0.195125 -0.121051 -0.973280 0.973268 0.160879 0.982863 -0.089989 97.331955 0.967494 -0.139021 0.211255 7.334435 0.000000 0.000000 0.000000 1.000000
0.225968 -0.130516 -0.965352 1.059952 0.144153 0.984554 -0.099369 96.710335 0.963410 -0.116704 0.241292 8.189821 0.000000 0.000000 0.000000 1.000000
0.273808 -0.139947 -0.951548 1.206439 0.126768 0.985977 -0.108533 96.237839 0.953393 -0.090909 0.287709 9.044448 0.000000 0.000000 0.000000 1.000000
0.336008 -0.146206 -0.930442 1.298610 0.110969 0.987143 -0.115042 95.884247 0.935299 -0.064595 0.347912 9.827013 0.000000 0.000000 0.000000 1.000000
0.419725 -0.144593 -0.896060 1.120565 0.095601 0.988781 -0.114774 95.454742 0.902603 -0.037491 0.428839 10.362628 0.000000 0.000000 0.000000 1.000000
0.534255 -0.133689 -0.834685 0.493118 0.079924 0.990980 -0.107565 94.982544 0.841537 -0.009244 0.540121 10.637878 0.000000 0.000000 0.000000 1.000000
0.675057 -0.107144 -0.729944 -0.369253 0.059255 0.994076 -0.091115 94.781471 0.735383 0.018255 0.677406 10.613746 0.000000 0.000000 0.000000 1.000000
0.821477 -0.067703 -0.566209 -1.387180 0.033691 0.996955 -0.070329 94.693092 0.569246 0.038698 0.821256 10.326109 0.000000 0.000000 0.000000 1.000000
0.940357 -0.034105 -0.338475 -2.639440 0.015350 0.998202 -0.057934 94.615364 0.339842 0.049283 0.939190 10.444996 0.000000 0.000000 0.000000 1.000000
0.996796 -0.015131 -0.078547 -3.994910 0.010970 0.998527 -0.053137 94.508514 0.079235 0.052105 0.995493 11.600665 0.000000 0.000000 0.000000 1.000000
0.988654 -0.004193 0.150151 -5.254802 0.011731 0.998713 -0.049349 94.356590 -0.149750 0.050550 0.987431 12.899601 0.000000 0.000000 0.000000 1.000000
0.951642 0.002056 0.307203 -6.260483 0.014738 0.998521 -0.052335 94.157440 -0.306856 0.054331 0.950204 13.267753 0.000000 0.000000 0.000000 1.000000
0.913912 0.004299 0.405889 -7.021484 0.026790 0.997125 -0.070884 93.106651 -0.405026 0.075655 0.911170 13.798989 0.000000 0.000000 0.000000 1.000000
0.876367 0.012745 0.481476 -7.591948 0.038744 0.994545 -0.096845 92.391304 -0.480084 0.103526 0.871092 14.311073 0.000000 0.000000 0.000000 1.000000
0.839415 0.025354 0.542900 -8.017788 0.043118 0.992656 -0.113025 92.064644 -0.541778 0.118284 0.832157 14.932465 0.000000 0.000000 0.000000 1.000000
0.812008 0.032170 0.582759 -8.429176 0.043053 0.992458 -0.114776 91.553329 -0.582057 0.118289 0.804499 15.235600 0.000000 0.000000 0.000000 1.000000
0.787825 0.038197 0.614714 -8.768904 0.040194 0.992759 -0.113201 90.898598 -0.614587 0.113890 0.780585 15.438941 0.000000 0.000000 0.000000 1.000000
0.754776 0.046064 0.654363 -9.014687 0.041921 0.992105 -0.118194 90.322311 -0.654641 0.116642 0.746887 15.584526 0.000000 0.000000 0.000000 1.000000
0.719983 0.051950 0.692044 -9.215693 0.051154 0.990509 -0.127574 89.964256 -0.692104 0.127252 0.710492 15.653751 0.000000 0.000000 0.000000 1.000000
0.693393 0.060506 0.718015 -9.308407 0.059827 0.988193 -0.141049 89.735939 -0.718072 0.140759 0.681586 15.568051 0.000000 0.000000 0.000000 1.000000
0.674323 0.072524 0.734867 -9.279919 0.067560 0.984933 -0.159197 89.573311 -0.735340 0.156997 0.659262 15.357279 0.000000 0.000000 0.000000 1.000000
0.669906 0.078841 0.738248 -9.160172 0.073428 0.982435 -0.171550 89.654877 -0.738806 0.169131 0.652350 15.240987 0.000000 0.000000 0.000000 1.000000
0.673619 0.082715 0.734435 -8.967266 0.077182 0.980411 -0.181209 89.821823 -0.735037 0.178751 0.654040 15.146773 0.000000 0.000000 0.000000 1.000000
0.702601 0.080585 0.707007 -8.499812 0.071491 0.980546 -0.182809 90.171593 -0.707984 0.178986 0.683171 15.068472 0.000000 0.000000 0.000000 1.000000
0.741642 0.074455 0.666651 -7.887137 0.063198 0.981645 -0.179942 90.570717 -0.667812 0.175584 0.723324 14.974989 0.000000 0.000000 0.000000 1.000000
0.782833 0.066127 0.618709 -7.186282 0.054262 0.983294 -0.173749 90.985077 -0.619862 0.169589 0.766166 14.814867 0.000000 0.000000 0.000000 1.000000
0.826767 0.058571 0.559488 -6.400715 0.045315 0.984399 -0.170016 91.491180 -0.560717 0.165917 0.811214 14.600063 0.000000 0.000000 0.000000 1.000000
0.873505 0.049391 0.484303 -5.578963 0.037355 0.985106 -0.167840 92.108948 -0.485380 0.164700 0.858650 14.266782 0.000000 0.000000 0.000000 1.000000
0.918685 0.037120 0.393243 -4.703857 0.029370 0.986399 -0.161724 92.871269 -0.393897 0.160123 0.905100 13.898855 0.000000 0.000000 0.000000 1.000000
0.957206 0.023320 0.288467 -3.776678 0.022286 0.987849 -0.153810 93.712814 -0.288549 0.153657 0.945055 13.505109 0.000000 0.000000 0.000000 1.000000
0.984916 0.004861 0.172963 -2.867537 0.021190 0.988693 -0.148450 94.615135 -0.171729 0.149876 0.973677 13.196795 0.000000 0.000000 0.000000 1.000000
0.998557 -0.019582 0.050003 -2.056995 0.026487 0.989597 -0.141411 95.556366 -0.046714 0.142531 0.988687 12.892693 0.000000 0.000000 0.000000 1.000000
0.995996 -0.042572 -0.078613 -1.268122 0.032094 0.990989 -0.130041 96.455956 0.083440 0.126997 0.988387 12.512514 0.000000 0.000000 0.000000 1.000000
0.975904 -0.058854 -0.210112 -0.480491 0.034114 0.992250 -0.119486 97.277069 0.215515 0.109440 0.970348 12.147411 0.000000 0.000000 0.000000 1.000000
0.938337 -0.072998 -0.337929 0.192807 0.036760 0.992980 -0.112428 98.003685 0.343763 0.093073 0.934433 11.821986 0.000000 0.000000 0.000000 1.000000
0.887095 -0.086142 -0.453479 0.645927 0.042416 0.993488 -0.105747 98.641930 0.459635 0.074572 0.884972 11.430241 0.000000 0.000000 0.000000 1.000000
0.829614 -0.091781 -0.550742 0.894663 0.047018 0.994377 -0.094886 99.189545 0.556354 0.052824 0.829265 10.923061 0.000000 0.000000 0.000000 1.000000
0.772306 -0.088110 -0.629110 0.979262 0.047404 0.995567 -0.081240 99.621750 0.633479 0.032920 0.773059 10.338655 0.000000 0.000000 0.000000 1.000000
0.719096 -0.078058 -0.690513 0.937345 0.043007 0.996765 -0.067890 99.860397 0.693579 0.019122 0.720127 9.637539 0.000000 0.000000 0.000000 1.000000
0.674389 -0.064640 -0.735541 0.870892 0.034124 0.997825 -0.056402 99.840485 0.737587 0.012937 0.675128 8.791216 0.000000 0.000000 0.000000 1.000000
0.640547 -0.056176 -0.765862 0.813213 0.028334 0.998370 -0.049533 99.571884 0.767396 0.010029 0.641095 7.904231 0.000000 0.000000 0.000000 1.000000
0.614692 -0.055808 -0.786790 0.766374 0.031899 0.998437 -0.045898 99.185066 0.788122 0.003115 0.615512 6.982221 0.000000 0.000000 0.000000 1.000000
0.590774 -0.056662 -0.804845 0.748278 0.038197 0.998377 -0.042249 98.920036 0.805932 -0.005783 0.591979 6.033326 0.000000 0.000000 0.000000 1.000000
0.567135 -0.054642 -0.821811 0.750807 0.040544 0.998439 -0.038407 98.872765 0.822627 -0.011537 0.568465 5.061190 0.000000 0.000000 0.000000 1.000000
0.548948 -0.052470 -0.834208 0.741451 0.042379 0.998491 -0.034915 98.927513 0.834782 -0.016186 0.550343 4.213387 0.000000 0.000000 0.000000 1.000000
0.540063 -0.051169 -0.840068 0.705107 0.045108 0.998475 -0.031820 99.074059 0.840415 -0.020709 0.541548 3.573823 0.000000 0.000000 0.000000 1.000000
0.534150 -0.050005 -0.843910 0.661142 0.048032 0.998432 -0.028759 99.258583 0.844024 -0.025172 0.535714 2.996683 0.000000 0.000000 0.000000 1.000000
0.530122 -0.049232 -0.846491 0.610921 0.050958 0.998358 -0.026152 99.452980 0.846389 -0.029272 0.531761 2.471463 0.000000 0.000000 0.000000 1.000000
0.526873 -0.049088 -0.848525 0.555811 0.053668 0.998260 -0.024426 99.629143 0.848248 -0.032669 0.528591 1.987659 0.000000 0.000000 0.000000 1.000000
0.524612 -0.049852 -0.849881 0.490929 0.056152 0.998136 -0.023887 99.780647 0.849488 -0.035191 0.526433 1.554315 0.000000 0.000000 0.000000 1.000000
0.523775 -0.051363 -0.850306 0.417294 0.058557 0.997990 -0.024214 99.922134 0.849841 -0.037108 0.525731 1.173085 0.000000 0.000000 0.000000 1.000000
0.523595 -0.053175 -0.850306 0.345132 0.060865 0.997835 -0.024922 100.057053 0.849791 -0.038705 0.525698 0.822378 0.000000 0.000000 0.000000 1.000000
0.523298 -0.054829 -0.850384 0.284664 0.063044 0.997684 -0.025532 100.188889 0.849814 -0.040251 0.525543 0.480602 0.000000 0.000000 0.000000 1.000000
0.522907 -0.056248 -0.850532 0.245729 0.064972 0.997548 -0.026025 100.314041 0.849910 -0.041652 0.525280 0.159990 0.000000 0.000000 0.000000 1.000000
0.522781 -0.057662 -0.850515 0.221527 0.066697 0.997418 -0.026625 100.431618 0.849854 -0.042808 0.525277 -0.131950 0.000000 0.000000 0.000000 1.000000
0.522649 -0.059075 -0.850499 0.197325 0.068421 0.997285 -0.027225 100.549217 0.849798 -0.043963 0.525272 -0.423889 0.000000 0.000000 0.000000 1.000000</float_array>
        <technique_common>
          <accessor source="#mixamorig_Hips-Matrix-animation-output-transform-array" count="68" stride="16">
            <param type="float4x4"/>
          </accessor>
        </technique_common>
      </source>
      <source id="mixamorig_Hips-Interpolations">
        <Name_array id="mixamorig_Hips-Interpolations-array" count="68">
 LINEAR LINEAR LINEAR LINEAR LINEAR LINEAR LINEAR LINEAR LINEAR LINEAR LINEAR
LINEAR LINEAR LINEAR LINEAR LINEAR LINEAR LINEAR LINEAR LINEAR LINEAR LINEAR LINEAR
LINEAR LINEAR LINEAR LINEAR LINEAR LINEAR LINEAR LINEAR LINEAR LINEAR LINEAR LINEAR
LINEAR LINEAR LINEAR LINEAR LINEAR LINEAR LINEAR LINEAR LINEAR LINEAR LINEAR LINEAR
LINEAR LINEAR LINEAR LINEAR LINEAR LINEAR LINEAR LINEAR LINEAR LINEAR LINEAR LINEAR
LINEAR LINEAR LINEAR LINEAR LINEAR LINEAR LINEAR LINEAR LINEAR</Name_array>
        <technique_common>
          <accessor source="#mixamorig_Hips-Interpolations-array" count="68">
            <param type="name"/>
          </accessor>
        </technique_common>
      </source>
      <sampler id="mixamorig_Hips-Matrix-animation-transform">
        <input semantic="INPUT" source="#mixamorig_Hips-Matrix-animation-input"/>
        <input semantic="OUTPUT" source="#mixamorig_Hips-Matrix-animation-output-transform"/>
        <input semantic="INTERPOLATION" source="#mixamorig_Hips-Interpolations"/>
      </sampler>
      <channel source="#mixamorig_Hips-Matrix-animation-transform" target="mixamorig_Hips/matrix"/>
    </animation>
    <animation id="mixamorig_Spine-anim" name="mixamorig_Spine">
      <source id="mixamorig_Spine-Matrix-animation-input">
        <float_array id="mixamorig_Spine-Matrix-animation-input-array" count="68">

0.000000 0.033333 0.066667 0.100000 0.133333 0.166667 0.200000 0.233333 0.266667 0.300000 0.333333 0.366667 0.400000 0.433333 0.466667 0.500000
0.533333 0.566667 0.600000 0.633333 0.666667 0.700000 0.733333 0.766667 0.800000 0.833333 0.866667 0.900000 0.933333 0.966667 1.000000 1.033333
1.066667 1.100000 1.133333 1.166667 1.200000 1.233333 1.266667 1.300000 1.333333 1.366667 1.400000 1.433333 1.466667 1.500000 1.533333 1.566667
1.600000 1.633333 1.666667 1.700000 1.733333 1.766667 1.800000 1.833333 1.866667 1.900000 1.933333 1.966667 2.000000 2.033333 2.066667 2.100000
2.133333 2.166667 2.200000 2.233333</float_array>
        <technique_common>
          <accessor source="#mixamorig_Spine-Matrix-animation-input-array" count="68">
            <param name="TIME" type="float"/>
          </accessor>
        </technique_common>
      </source>
      <source id="mixamorig_Spine-Matrix-animation-output-transform">
        <float_array id="mixamorig_Spine-Matrix-animation-output-transform-array" count="1088">

0.998816 0.048625 0.001208 0.000000 -0.047275 0.976313 -0.211137 8.536500 -0.011446 0.210830 0.977456 0.187100 0.000000 0.000000 0.000000 1.000000
0.998881 0.047265 0.001782 0.000000 -0.045826 0.976416 -0.210976 8.536500 -0.011712 0.210658 0.977490 0.187100 0.000000 0.000000 0.000000 1.000000
0.998953 0.045659 0.002952 0.000000 -0.044003 0.976406 -0.211412 8.536500 -0.012535 0.211060 0.977393 0.187100 0.000000 0.000000 0.000000 1.000000
0.999043 0.043460 0.004898 0.000000 -0.041438 0.976440 -0.211772 8.536500 -0.013986 0.211367 0.977307 0.187100 0.000000 0.000000 0.000000 1.000000
0.999161 0.040060 0.008559 -0.000000 -0.037348 0.976678 -0.211434 8.536500 -0.016830 0.210937 0.977355 0.187100 0.000000 0.000000 0.000000 1.000000
0.999282 0.035622 0.012902 -0.000000 -0.032098 0.976922 -0.211171 8.536500 -0.020126 0.210606 0.977364 0.187100 0.000000 0.000000 0.000000 1.000000
0.999442 0.028524 0.017357 0.000000 -0.024190 0.976870 -0.212464 8.536500 -0.023016 0.211925 0.977015 0.187100 0.000000 0.000000 0.000000 1.000000
0.999586 0.021514 0.019101 0.000000 -0.016965 0.976990 -0.212609 8.536500 -0.023236 0.212197 0.976951 0.187100 0.000000 0.000000 0.000000 1.000000
0.999731 0.014380 0.018223 0.000000 -0.010179 0.977087 -0.212595 8.536500 -0.020863 0.212352 0.976971 0.187100 0.000000 0.000000 0.000000 1.000000
0.999871 0.005814 0.014986 0.000000 -0.002490 0.977073 -0.212892 8.536500 -0.015880 0.212827 0.976961 0.187100 0.000000 0.000000 0.000000 1.000000
0.999961 -0.002705 0.008405 -0.000000 0.004422 0.977349 -0.211587 8.536500 -0.007642 0.211616 0.977323 0.187100 0.000000 0.000000 0.000000 1.000000
0.999951 -0.009834 -0.000674 0.000000 0.009477 0.977924 -0.208745 8.536500 0.002712 0.208729 0.977970 0.187100 0.000000 0.000000 0.000000 1.000000
0.999800 -0.016695 -0.011044 0.000000 0.014063 0.978443 -0.206036 8.536500 0.014246 0.205839 0.978482 0.187100 0.000000 0.000000 0.000000 1.000000
0.999505 -0.024507 -0.019738 0.000000 0.019977 0.978821 -0.203741 8.536500 0.024313 0.203246 0.978826 0.187100 0.000000 0.000000 0.000000 1.000000
0.999133 -0.032240 -0.026351 0.000000 0.026318 0.979368 -0.200366 8.536500 0.032267 0.199499 0.979367 0.187100 0.000000 0.000000 0.000000 1.000000
0.998815 -0.037289 -0.031262 0.000000 0.030455 0.980125 -0.196029 8.536500 0.037951 0.194845 0.980100 0.187100 0.000000 0.000000 0.000000 1.000000
0.998616 -0.039774 -0.034420 0.000000 0.032498 0.981083 -0.190840 8.536500 0.041360 0.189457 0.981018 0.187100 0.000000 0.000000 0.000000 1.000000
0.998568 -0.041826 -0.033354 0.000000 0.034969 0.982168 -0.184722 8.536500 0.040485 0.183291 0.982225 0.187100 0.000000 0.000000 0.000000 1.000000
0.998653 -0.049915 -0.014166 0.000000 0.046552 0.982520 -0.180240 8.536500 0.022915 0.179338 0.983521 0.187100 0.000000 0.000000 0.000000 1.000000
0.996875 -0.074230 0.027026 0.000000 0.077812 0.981702 -0.173801 8.536500 -0.013630 0.175361 0.984410 0.187100 0.000000 0.000000 0.000000 1.000000
0.994820 -0.090148 0.046966 -0.000000 0.096392 0.983299 -0.154374 8.536500 -0.032265 0.158101 0.986896 0.187100 0.000000 0.000000 0.000000 1.000000
0.995898 -0.079543 0.043137 -0.000000 0.084866 0.986468 -0.140283 8.536500 -0.031395 0.143369 0.989171 0.187100 0.000000 0.000000 0.000000 1.000000
0.997306 -0.055741 0.047678 0.000000 0.061978 0.988022 -0.141316 8.536500 -0.039230 0.143891 0.988816 0.187100 0.000000 0.000000 0.000000 1.000000
0.997132 -0.036407 0.066357 0.000000 0.045652 0.988580 -0.143616 8.536500 -0.060371 0.146234 0.987406 0.187100 0.000000 0.000000 0.000000 1.000000
0.995320 -0.028091 0.092460 0.000000 0.040964 0.989245 -0.140417 8.536500 -0.087521 0.143548 0.985766 0.187100 0.000000 0.000000 0.000000 1.000000
0.994316 -0.018280 0.104884 0.000000 0.032519 0.990216 -0.135703 8.536500 -0.101377 0.138342 0.985182 0.187100 0.000000 0.000000 0.000000 1.000000
0.993923 -0.014303 0.109142 0.000000 0.029186 0.990277 -0.136011 8.536500 -0.106136 0.138370 0.984677 0.187100 0.000000 0.000000 0.000000 1.000000
0.992958 -0.010639 0.117991 0.000000 0.027271 0.989740 -0.140252 8.536500 -0.115288 0.142482 0.983060 0.187100 0.000000 0.000000 0.000000 1.000000
0.990763 -0.007239 0.135413 0.000000 0.026768 0.989366 -0.142960 8.536500 -0.132938 0.145264 0.980421 0.187100 0.000000 0.000000 0.000000 1.000000
0.988763 -0.004244 0.149434 0.000000 0.025922 0.989322 -0.143424 8.536500 -0.147229 0.145686 0.978314 0.187100 0.000000 0.000000 0.000000 1.000000
0.988091 -0.001495 0.153861 0.000000 0.024380 0.988843 -0.146955 8.536500 -0.151925 0.148956 0.977103 0.187100 0.000000 0.000000 0.000000 1.000000
0.988157 -0.000137 0.153447 0.000000 0.023568 0.988269 -0.150893 8.536500 -0.151626 0.152722 0.976568 0.187100 0.000000 0.000000 0.000000 1.000000
0.988392 0.001462 0.151917 0.000000 0.021908 0.988131 -0.152046 8.536500 -0.150336 0.153609 0.976629 0.187100 0.000000 0.000000 0.000000 1.000000
0.988704 0.002716 0.149858 0.000000 0.020596 0.987889 -0.153790 8.536500 -0.148461 0.155139 0.976673 0.187100 0.000000 0.000000 0.000000 1.000000
0.989018 0.003746 0.147746 -0.000000 0.019513 0.987618 -0.155660 8.536500 -0.146500 0.156833 0.976699 0.187100 0.000000 0.000000 0.000000 1.000000
0.989290 0.004021 0.145910 0.000000 0.019230 0.987318 -0.157585 8.536500 -0.144693 0.158703 0.976666 0.187100 0.000000 0.000000 0.000000 1.000000
0.989549 0.005296 0.144097 0.000000 0.017810 0.987184 -0.158587 8.536500 -0.143090 0.159496 0.976773 0.187100 0.000000 0.000000 0.000000 1.000000
0.990160 0.006195 0.139800 0.000000 0.016499 0.986883 -0.160589 8.536500 -0.138961 0.161315 0.977071 0.187100 0.000000 0.000000 0.000000 1.000000
0.991110 0.005329 0.132936 0.000000 0.016557 0.986489 -0.162987 8.536500 -0.132009 0.163739 0.977631 0.187100 0.000000 0.000000 0.000000 1.000000
0.991900 0.004181 0.126954 0.000000 0.016719 0.986465 -0.163118 8.536500 -0.125918 0.163920 0.978404 0.187100 0.000000 0.000000 0.000000 1.000000
0.992492 0.003045 0.122272 0.000000 0.017139 0.986364 -0.163682 8.536500 -0.121103 0.164549 0.978906 0.187100 0.000000 0.000000 0.000000 1.000000
0.993313 0.002828 0.115421 -0.000000 0.016289 0.986267 -0.164353 8.536500 -0.114300 0.165134 0.979625 0.187100 0.000000 0.000000 0.000000 1.000000
0.994230 0.004081 0.107193 0.000000 0.013684 0.986286 -0.164474 8.536500 -0.106394 0.164992 0.980540 0.187100 0.000000 0.000000 0.000000 1.000000
0.994770 0.006951 0.101908 0.000000 0.010068 0.986151 -0.165543 8.536500 -0.101647 0.165703 0.980923 0.187100 0.000000 0.000000 0.000000 1.000000
0.995122 0.009565 0.098183 0.000000 0.007127 0.985716 -0.168266 8.536500 -0.098391 0.168145 0.980840 0.187100 0.000000 0.000000 0.000000 1.000000
0.995402 0.010766 0.095183 0.000000 0.005601 0.985423 -0.170032 8.536500 -0.095626 0.169783 0.980831 0.187100 0.000000 0.000000 0.000000 1.000000
0.995746 0.013560 0.091134 -0.000000 0.002170 0.985385 -0.170330 8.536500 -0.092112 0.169804 0.981164 0.187100 0.000000 0.000000 0.000000 1.000000
0.996220 0.018662 0.084839 0.000000 -0.003923 0.985320 -0.170672 8.536500 -0.086778 0.169694 0.981669 0.187100 0.000000 0.000000 0.000000 1.000000
0.996741 0.024441 0.076880 0.000000 -0.010871 0.985004 -0.172191 8.536500 -0.079935 0.170794 0.982059 0.187100 0.000000 0.000000 0.000000 1.000000
0.997325 0.029864 0.066714 0.000000 -0.017821 0.984530 -0.174305 8.536500 -0.070888 0.172650 0.982429 0.187100 0.000000 0.000000 0.000000 1.000000
0.997813 0.034023 0.056669 0.000000 -0.023507 0.983958 -0.176845 8.536500 -0.061776 0.175126 0.982606 0.187100 0.000000 0.000000 0.000000 1.000000
0.998199 0.036111 0.047905 -0.000000 -0.026939 0.983317 -0.179896 8.536500 -0.053602 0.178281 0.982518 0.187100 0.000000 0.000000 0.000000 1.000000
0.998486 0.037562 0.040183 0.000000 -0.029632 0.982782 -0.182377 8.536500 -0.046342 0.180910 0.982407 0.187100 0.000000 0.000000 0.000000 1.000000
0.998651 0.039828 0.033306 0.000000 -0.033028 0.982305 -0.184351 8.536500 -0.040059 0.183002 0.982296 0.187100 0.000000 0.000000 0.000000 1.000000
0.998726 0.041897 0.028110 0.000000 -0.035928 0.981745 -0.186777 8.536500 -0.035422 0.185529 0.982000 0.187100 0.000000 0.000000 0.000000 1.000000
0.998802 0.043091 0.023199 -0.000000 -0.037929 0.981152 -0.189479 8.536500 -0.030926 0.188372 0.981611 0.187100 0.000000 0.000000 0.000000 1.000000
0.998846 0.044024 0.019181 0.000000 -0.039530 0.980581 -0.192091 8.536500 -0.027265 0.191111 0.981190 0.187100 0.000000 0.000000 0.000000 1.000000
0.998852 0.044943 0.016559 0.000000 -0.040872 0.980046 -0.194523 8.536500 -0.024971 0.193623 0.980758 0.187100 0.000000 0.000000 0.000000 1.000000
0.998845 0.045849 0.014389 0.000000 -0.042125 0.979512 -0.196929 8.536500 -0.023123 0.196096 0.980312 0.187100 0.000000 0.000000 0.000000 1.000000
0.998834 0.046643 0.012465 0.000000 -0.043232 0.979006 -0.199196 8.536500 -0.021495 0.198425 0.979880 0.187100 0.000000 0.000000 0.000000 1.000000
0.998828 0.047226 0.010583 -0.000000 -0.044136 0.978553 -0.201210 8.536500 -0.019858 0.200507 0.979491 0.187100 0.000000 0.000000 0.000000 1.000000
0.998833 0.047511 0.008671 -0.000000 -0.044767 0.978172 -0.202920 8.536500 -0.018123 0.202295 0.979157 0.187100 0.000000 0.000000 0.000000 1.000000
0.998844 0.047575 0.006848 0.000000 -0.045173 0.977846 -0.204395 8.536500 -0.016421 0.203849 0.978865 0.187100 0.000000 0.000000 0.000000 1.000000
0.998855 0.047560 0.005189 0.000000 -0.045477 0.977557 -0.205706 8.536500 -0.014856 0.205235 0.978600 0.187100 0.000000 0.000000 0.000000 1.000000
0.998859 0.047609 0.003767 0.000000 -0.045800 0.977285 -0.206922 8.536500 -0.013533 0.206514 0.978350 0.187100 0.000000 0.000000 0.000000 1.000000
0.998855 0.047768 0.002805 -0.000000 -0.046141 0.977052 -0.207941 8.536500 -0.012673 0.207574 0.978137 0.187100 0.000000 0.000000 0.000000 1.000000
0.998847 0.047964 0.002220 0.000000 -0.046444 0.976865 -0.208753 8.536500 -0.012182 0.208409 0.977966 0.187100 0.000000 0.000000 0.000000 1.000000
0.998838 0.048159 0.001636 0.000000 -0.046747 0.976677 -0.209564 8.536500 -0.011690 0.209244 0.977794 0.187100 0.000000 0.000000 0.000000 1.000000</float_array>
        <technique_common>
          <accessor source="#mixamorig_Spine-Matrix-animation-output-transform-array" count="68" stride="16">
            <param type="float4x4"/>
          </accessor>
        </technique_common>
      </source>
      <source id="mixamorig_Spine-Interpolations">
        <Name_array id="mixamorig_Spine-Interpolations-array" count="68">
 LINEAR LINEAR LINEAR LINEAR LINEAR LINEAR LINEAR LINEAR LINEAR LINEAR LINEAR
LINEAR LINEAR LINEAR LINEAR LINEAR LINEAR LINEAR LINEAR LINEAR LINEAR LINEAR LINEAR
LINEAR LINEAR LINEAR LINEAR LINEAR LINEAR LINEAR LINEAR LINEAR LINEAR LINEAR LINEAR
LINEAR LINEAR LINEAR LINEAR LINEAR LINEAR LINEAR LINEAR LINEAR LINEAR LINEAR LINEAR
LINEAR LINEAR LINEAR LINEAR LINEAR LINEAR LINEAR LINEAR LINEAR LINEAR LINEAR LINEAR
LINEAR LINEAR LINEAR LINEAR LINEAR LINEAR LINEAR LINEAR LINEAR</Name_array>
        <technique_common>
          <accessor source="#mixamorig_Spine-Interpolations-array" count="68">
            <param type="name"/>
          </accessor>
        </technique_common>
      </source>
      <sampler id="mixamorig_Spine-Matrix-animation-transform">
        <input semantic="INPUT" source="#mixamorig_Spine-Matrix-animation-input"/>
        <input semantic="OUTPUT" source="#mixamorig_Spine-Matrix-animation-output-transform"/>
        <input semantic="INTERPOLATION" source="#mixamorig_Spine-Interpolations"/>
      </sampler>
      <channel source="#mixamorig_Spine-Matrix-animation-transform" target="mixamorig_Spine/matrix"/>
    </animation>
    <animation id="mixamorig_Spine1-anim" name="mixamorig_Spine1">
      <source id="mixamorig_Spine1-Matrix-animation-input">
        <float_array id="mixamorig_Spine1-Matrix-animation-input-array" count="68">

0.000000 0.033333 0.066667 0.100000 0.133333 0.166667 0.200000 0.233333 0.266667 0.300000 0.333333 0.366667 0.400000 0.433333 0.466667 0.500000
0.533333 0.566667 0.600000 0.633333 0.666667 0.700000 0.733333 0.766667 0.800000 0.833333 0.866667 0.900000 0.933333 0.966667 1.000000 1.033333
1.066667 1.100000 1.133333 1.166667 1.200000 1.233333 1.266667 1.300000 1.333333 1.366667 1.400000 1.433333 1.466667 1.500000 1.533333 1.566667
1.600000 1.633333 1.666667 1.700000 1.733333 1.766667 1.800000 1.833333 1.866667 1.900000 1.933333 1.966667 2.000000 2.033333 2.066667 2.100000
2.133333 2.166667 2.200000 2.233333</float_array>
        <technique_common>
          <accessor source="#mixamorig_Spine1-Matrix-animation-input-array" count="68">
            <param name="TIME" type="float"/>
          </accessor>
        </technique_common>
      </source>
      <source id="mixamorig_Spine1-Matrix-animation-output-transform">
        <float_array id="mixamorig_Spine1-Matrix-animation-output-transform-array" count="1088">

0.995240 0.097444 -0.001098 0.000000 -0.096568 0.984646 -0.145419 9.685800 -0.013089 0.144833 0.989370 0.000000 0.000000 0.000000 0.000000 1.000000
0.995501 0.094749 0.000166 0.000000 -0.093722 0.984963 -0.145132 9.685800 -0.013914 0.144464 0.989412 -0.000000 0.000000 0.000000 0.000000 1.000000
0.995786 0.091667 0.002576 0.000000 -0.090310 0.985145 -0.146063 9.685800 -0.015927 0.145215 0.989272 -0.000000 0.000000 0.000000 0.000000 1.000000
0.996128 0.087678 0.006505 0.000000 -0.085777 0.985429 -0.146876 9.685800 -0.019288 0.145750 0.989133 0.000000 0.000000 0.000000 0.000000 1.000000
0.996542 0.081942 0.013785 0.000000 -0.079057 0.986069 -0.146349 9.685800 -0.025585 0.144753 0.989137 -0.000000 0.000000 0.000000 0.000000 1.000000
0.996976 0.074411 0.022406 -0.000000 -0.070370 0.986783 -0.145968 9.685800 -0.032971 0.143950 0.989036 0.000000 0.000000 0.000000 0.000000 1.000000
0.997597 0.061787 0.031337 0.000000 -0.056477 0.987271 -0.148679 9.685800 -0.040124 0.146551 0.988389 -0.000000 0.000000 0.000000 0.000000 1.000000
0.998170 0.049419 0.034834 0.000000 -0.043712 0.987878 -0.148953 9.685800 -0.041773 0.147158 0.988231 0.000000 0.000000 0.000000 0.000000 1.000000
0.998779 0.036640 0.033142 0.000000 -0.031320 0.988368 -0.148820 9.685800 -0.038210 0.147600 0.988309 -0.000000 0.000000 0.000000 0.000000 1.000000
0.999427 0.020502 0.026917 0.000000 -0.016262 0.988666 -0.149249 9.685800 -0.029672 0.148726 0.988433 -0.000000 0.000000 0.000000 0.000000 1.000000
0.999893 0.003572 0.014167 -0.000000 -0.001460 0.989219 -0.146434 9.685800 -0.014537 0.146398 0.989119 0.000000 0.000000 0.000000 0.000000 1.000000
0.999930 -0.011268 -0.003589 0.000000 0.010651 0.990010 -0.140598 9.685800 0.005137 0.140549 0.990060 0.000000 0.000000 0.000000 0.000000 1.000000
0.999377 -0.026019 -0.023842 0.000000 0.022564 0.990566 -0.135169 9.685800 0.027134 0.134547 0.990536 -0.000000 0.000000 0.000000 0.000000 1.000000
0.998261 -0.042718 -0.040629 0.000000 0.037074 0.990723 -0.130745 9.685800 0.045837 0.129011 0.990583 0.000000 0.000000 0.000000 0.000000 1.000000
0.996832 -0.059045 -0.053285 0.000000 0.052052 0.990887 -0.124235 9.685800 0.060135 0.121068 0.990821 0.000000 0.000000 0.000000 0.000000 1.000000
0.995587 -0.069790 -0.062731 0.000000 0.062198 0.991328 -0.115756 9.685800 0.070266 0.111344 0.991295 0.000000 0.000000 0.000000 0.000000 1.000000
0.994779 -0.075407 -0.068764 0.000000 0.067914 0.992101 -0.105468 9.685800 0.076174 0.100247 0.992042 0.000000 0.000000 0.000000 0.000000 1.000000
0.994564 -0.080267 -0.066337 0.000000 0.073919 0.992903 -0.093161 9.685800 0.073344 0.087751 0.993439 0.000000 0.000000 0.000000 0.000000 1.000000
0.994992 -0.096016 -0.027765 0.000000 0.093410 0.992123 -0.083469 9.685800 0.035561 0.080458 0.996123 -0.000000 0.000000 0.000000 0.000000 1.000000
0.988201 -0.143074 0.054663 0.000000 0.146640 0.986849 -0.068008 9.685800 -0.044214 0.075222 0.996186 0.000000 0.000000 0.000000 0.000000 1.000000
0.980259 -0.175045 0.091933 -0.000000 0.178164 0.983635 -0.026833 9.685800 -0.085732 0.042682 0.995404 0.000000 0.000000 0.000000 0.000000 1.000000
0.984515 -0.155716 0.080520 0.000000 0.156159 0.987732 0.000798 9.685800 -0.079656 0.011788 0.996753 0.000000 0.000000 0.000000 0.000000 1.000000
0.990252 -0.109016 0.086696 -0.000000 0.109610 0.993972 -0.002104 9.685800 -0.085944 0.011586 0.996233 -0.000000 0.000000 0.000000 0.000000 1.000000
0.990075 -0.070184 0.121762 -0.000000 0.071601 0.997407 -0.007291 9.685800 -0.120934 0.015937 0.992533 0.000000 0.000000 0.000000 0.000000 1.000000
0.983664 -0.054058 0.171709 0.000000 0.055089 0.998481 -0.001241 9.685800 -0.171381 0.010680 0.985147 -0.000000 0.000000 0.000000 0.000000 1.000000
0.980179 -0.035579 0.194895 0.000000 0.034820 0.999367 0.007316 9.685800 -0.195032 -0.000384 0.980797 -0.000000 0.000000 0.000000 0.000000 1.000000
0.978891 -0.028120 0.202440 -0.000000 0.027413 0.999604 0.006298 9.685800 -0.202537 -0.000616 0.979274 0.000000 0.000000 0.000000 0.000000 1.000000
0.975456 -0.020491 0.219238 -0.000000 0.021620 0.999762 -0.002752 9.685800 -0.219130 0.007424 0.975667 -0.000000 0.000000 0.000000 0.000000 1.000000
0.967439 -0.013492 0.252745 0.000000 0.016294 0.999827 -0.008997 9.685800 -0.252579 0.012822 0.967491 0.000000 0.000000 0.000000 0.000000 1.000000
0.960197 -0.007601 0.279220 -0.000000 0.011038 0.999881 -0.010740 9.685800 -0.279105 0.013395 0.960167 0.000000 0.000000 0.000000 0.000000 1.000000
0.957924 -0.001780 0.287017 0.000000 0.007342 0.999805 -0.018305 9.685800 -0.286929 0.019642 0.957751 -0.000000 0.000000 0.000000 0.000000 1.000000
0.958324 0.001268 0.285679 0.000000 0.006516 0.999633 -0.026296 9.685800 -0.285608 0.027061 0.957964 -0.000000 0.000000 0.000000 0.000000 1.000000
0.959295 0.004331 0.282372 0.000000 0.003941 0.999580 -0.028719 9.685800 -0.282378 0.028663 0.958875 0.000000 0.000000 0.000000 0.000000 1.000000
0.960463 0.007030 0.278318 -0.000000 0.002045 0.999476 -0.032305 9.685800 -0.278400 0.031597 0.959945 0.000000 0.000000 0.000000 0.000000 1.000000
0.961599 0.009417 0.274298 0.000000 0.000520 0.999347 -0.036131 9.685800 -0.274459 0.034886 0.960966 0.000000 0.000000 0.000000 0.000000 1.000000
0.962446 0.010701 0.271263 0.000000 0.000179 0.999198 -0.040052 9.685800 -0.271474 0.038596 0.961671 -0.000000 0.000000 0.000000 0.000000 1.000000
0.963183 0.013932 0.268486 -0.000000 -0.002666 0.999102 -0.042281 9.685800 -0.268834 0.040008 0.962355 0.000000 0.000000 0.000000 0.000000 1.000000
0.965193 0.016593 0.261013 -0.000000 -0.004631 0.998913 -0.046378 9.685800 -0.261499 0.043555 0.964220 0.000000 0.000000 0.000000 0.000000 1.000000
0.968430 0.015609 0.248798 0.000000 -0.003017 0.998699 -0.050912 9.685800 -0.249269 0.048554 0.967216 -0.000000 0.000000 0.000000 0.000000 1.000000
0.971027 0.014149 0.238551 0.000000 -0.002028 0.998698 -0.050979 9.685800 -0.238961 0.049018 0.969791 -0.000000 0.000000 0.000000 0.000000 1.000000
0.972848 0.012959 0.231080 0.000000 -0.000950 0.998646 -0.052005 9.685800 -0.231441 0.050373 0.971544 0.000000 0.000000 0.000000 0.000000 1.000000
0.975549 0.013338 0.219376 0.000000 -0.001681 0.998580 -0.053239 9.685800 -0.219774 0.051569 0.974187 -0.000000 0.000000 0.000000 0.000000 1.000000
0.978656 0.016544 0.204839 -0.000000 -0.005688 0.998553 -0.053475 9.685800 -0.205428 0.051169 0.977334 0.000000 0.000000 0.000000 0.000000 1.000000
0.980345 0.023350 0.195906 0.000000 -0.012612 0.998358 -0.055885 9.685800 -0.196889 0.052316 0.979029 0.000000 0.000000 0.000000 0.000000 1.000000
0.981425 0.028146 0.189773 -0.000000 -0.016749 0.997973 -0.061391 9.685800 -0.191116 0.057072 0.979907 0.000000 0.000000 0.000000 0.000000 1.000000
0.982283 0.029817 0.185016 0.000000 -0.018075 0.997732 -0.064834 9.685800 -0.186530 0.060341 0.980594 0.000000 0.000000 0.000000 0.000000 1.000000
0.983419 0.034827 0.177971 0.000000 -0.023480 0.997578 -0.065473 9.685800 -0.179820 0.060208 0.981855 -0.000000 0.000000 0.000000 0.000000 1.000000
0.985104 0.044388 0.166132 0.000000 -0.033754 0.997229 -0.066294 9.685800 -0.168614 0.059698 0.983873 0.000000 0.000000 0.000000 0.000000 1.000000
0.987026 0.055391 0.150703 -0.000000 -0.045325 0.996557 -0.069429 9.685800 -0.154030 0.061698 0.986138 -0.000000 0.000000 0.000000 0.000000 1.000000
0.989249 0.065628 0.130687 0.000000 -0.056338 0.995698 -0.073565 9.685800 -0.134953 0.065412 0.988691 -0.000000 0.000000 0.000000 0.000000 1.000000
0.991146 0.073163 0.110801 -0.000000 -0.064668 0.994821 -0.078411 9.685800 -0.115964 0.070551 0.990745 0.000000 0.000000 0.000000 0.000000 1.000000
0.992672 0.076689 0.093384 -0.000000 -0.068873 0.994064 -0.084226 9.685800 -0.099289 0.077177 0.992061 0.000000 0.000000 0.000000 0.000000 1.000000
0.993804 0.079243 0.077931 0.000000 -0.072239 0.993415 -0.088929 9.685800 -0.084465 0.082748 0.992985 0.000000 0.000000 0.000000 0.000000 1.000000
0.994445 0.083520 0.064058 0.000000 -0.077403 0.992684 -0.092668 9.685800 -0.071329 0.087195 0.993634 0.000000 0.000000 0.000000 0.000000 1.000000
0.994734 0.087402 0.053528 0.000000 -0.081910 0.991871 -0.097382 9.685800 -0.061604 0.092484 0.993807 0.000000 0.000000 0.000000 0.000000 1.000000
0.995045 0.089344 0.043626 0.000000 -0.084493 0.991125 -0.102627 9.685800 -0.052408 0.098432 0.993763 0.000000 0.000000 0.000000 0.000000 1.000000
0.995237 0.090790 0.035513 -0.000000 -0.086506 0.990410 -0.107727 9.685800 -0.044952 0.104141 0.993546 0.000000 0.000000 0.000000 0.000000 1.000000
0.995268 0.092373 0.030160 0.000000 -0.088447 0.989704 -0.112534 9.685800 -0.040245 0.109334 0.993190 0.000000 0.000000 0.000000 0.000000 1.000000
0.995243 0.093970 0.025699 0.000000 -0.090349 0.988977 -0.117308 9.685800 -0.036439 0.114428 0.992763 -0.000000 0.000000 0.000000 0.000000 1.000000
0.995206 0.095355 0.021735 0.000000 -0.092031 0.988278 -0.121808 9.685800 -0.033095 0.119223 0.992316 0.000000 0.000000 0.000000 0.000000 1.000000
0.995192 0.096295 0.017877 -0.000000 -0.093306 0.987659 -0.125792 9.685800 -0.029769 0.123520 0.991896 0.000000 0.000000 0.000000 0.000000 1.000000
0.995223 0.096615 0.013998 0.000000 -0.094015 0.987158 -0.129155 9.685800 -0.026296 0.127222 0.991526 0.000000 0.000000 0.000000 0.000000 1.000000
0.995280 0.096489 0.010324 0.000000 -0.094292 0.986748 -0.132050 9.685800 -0.022929 0.130453 0.991189 -0.000000 0.000000 0.000000 0.000000 1.000000
0.995336 0.096211 0.006992 -0.000000 -0.094400 0.986390 -0.134622 9.685800 -0.019849 0.133334 0.990872 -0.000000 0.000000 0.000000 0.000000 1.000000
0.995366 0.096070 0.004136 0.000000 -0.094601 0.986041 -0.137015 9.685800 -0.017242 0.135988 0.990560 0.000000 0.000000 0.000000 0.000000 1.000000
0.995361 0.096183 0.002198 -0.000000 -0.094945 0.985726 -0.139030 9.685800 -0.015539 0.138176 0.990286 -0.000000 0.000000 0.000000 0.000000 1.000000
0.995342 0.096402 0.001023 0.000000 -0.095301 0.985463 -0.140645 9.685800 -0.014567 0.139892 0.990060 0.000000 0.000000 0.000000 0.000000 1.000000
0.995322 0.096617 -0.000153 0.000000 -0.095656 0.985197 -0.142258 9.685800 -0.013594 0.141607 0.989830 0.000000 0.000000 0.000000 0.000000 1.000000</float_array>
        <technique_common>
          <accessor source="#mixamorig_Spine1-Matrix-animation-output-transform-array" count="68" stride="16">
            <param type="float4x4"/>
          </accessor>
        </technique_common>
      </source>
      <source id="mixamorig_Spine1-Interpolations">
        <Name_array id="mixamorig_Spine1-Interpolations-array" count="68">
 LINEAR LINEAR LINEAR LINEAR LINEAR LINEAR LINEAR LINEAR LINEAR LINEAR LINEAR
LINEAR LINEAR LINEAR LINEAR LINEAR LINEAR LINEAR LINEAR LINEAR LINEAR LINEAR LINEAR
LINEAR LINEAR LINEAR LINEAR LINEAR LINEAR LINEAR LINEAR LINEAR LINEAR LINEAR LINEAR
LINEAR LINEAR LINEAR LINEAR LINEAR LINEAR LINEAR LINEAR LINEAR LINEAR LINEAR LINEAR
LINEAR LINEAR LINEAR LINEAR LINEAR LINEAR LINEAR LINEAR LINEAR LINEAR LINEAR LINEAR
LINEAR LINEAR LINEAR LINEAR LINEAR LINEAR LINEAR LINEAR LINEAR</Name_array>
        <technique_common>
          <accessor source="#mixamorig_Spine1-Interpolations-array" count="68">
            <param type="name"/>
          </accessor>
        </technique_common>
      </source>
      <sampler id="mixamorig_Spine1-Matrix-animation-transform">
        <input semantic="INPUT" source="#mixamorig_Spine1-Matrix-animation-input"/>
        <input semantic="OUTPUT" source="#mixamorig_Spine1-Matrix-animation-output-transform"/>
        <input semantic="INTERPOLATION" source="#mixamorig_Spine1-Interpolations"/>
      </sampler>
      <channel source="#mixamorig_Spine1-Matrix-animation-transform" target="mixamorig_Spine1/matrix"/>
    </animation>
    <animation id="mixamorig_Spine2-anim" name="mixamorig_Spine2">
      <source id="mixamorig_Spine2-Matrix-animation-input">
        <float_array id="mixamorig_Spine2-Matrix-animation-input-array" count="68">

0.000000 0.033333 0.066667 0.100000 0.133333 0.166667 0.200000 0.233333 0.266667 0.300000 0.333333 0.366667 0.400000 0.433333 0.466667 0.500000
0.533333 0.566667 0.600000 0.633333 0.666667 0.700000 0.733333 0.766667 0.800000 0.833333 0.866667 0.900000 0.933333 0.966667 1.000000 1.033333
1.066667 1.100000 1.133333 1.166667 1.200000 1.233333 1.266667 1.300000 1.333333 1.366667 1.400000 1.433333 1.466667 1.500000 1.533333 1.566667
1.600000 1.633333 1.666667 1.700000 1.733333 1.766667 1.800000 1.833333 1.866667 1.900000 1.933333 1.966667 2.000000 2.033333 2.066667 2.100000
2.133333 2.166667 2.200000 2.233333</float_array>
        <technique_common>
          <accessor source="#mixamorig_Spine2-Matrix-animation-input-array" count="68">
            <param name="TIME" type="float"/>
          </accessor>
