<?xml version="1.0" encoding="utf-8"?>
<COLLADA xmlns="http://www.collada.org/2005/11/COLLADASchema" version="1.4.1">
  <asset>
    <contributor>
      <author>Mixamo</author>
      <authoring_tool>COLLADA Mixamo exporter</authoring_tool>
      <comments/>
    </contributor>
    <created>2025-11-14T05:17:38Z</created>
    <modified>2025-11-14T05:17:38Z</modified>
    <revision/>
    <title/>
    <unit meter="0.010000"/>
    <up_axis>Y_UP</up_axis>
  </asset>
  <library_animations>
    <animation id="mixamorig_Hips-anim" name="mixamorig_Hips">
      <source id="mixamorig_Hips-Matrix-animation-input">
        <float_array id="mixamorig_Hips-Matrix-animation-input-array" count="49">

0.000000 0.033333 0.066667 0.100000 0.133333 0.166667 0.200000 0.233333 0.266667 0.300000 0.333333 0.366667 0.400000 0.433333 0.466667 0.500000
0.533333 0.566667 0.600000 0.633333 0.666667 0.700000 0.733333 0.766667 0.800000 0.833333 0.866667 0.900000 0.933333 0.966667 1.000000 1.033333
1.066667 1.100000 1.133333 1.166667 1.200000 1.233333 1.266667 1.300000 1.333333 1.366667 1.400000 1.433333 1.466667 1.500000 1.533333 1.566667
1.600000</float_array>
        <technique_common>
          <accessor source="#mixamorig_Hips-Matrix-animation-input-array" count="49">
            <param name="TIME" type="float"/>
          </accessor>
        </technique_common>
      </source>
      <source id="mixamorig_Hips-Matrix-animation-output-transform">
        <float_array id="mixamorig_Hips-Matrix-animation-output-transform-array" count="784">

0.522570 -0.060166 -0.850471 0.204854 0.069742 0.997181 -0.027692 100.640404 0.849739 -0.044842 0.525292 -0.652088 0.000000 0.000000 0.000000 1.000000
0.518734 0.000065 -0.854935 1.164451 0.022363 0.999657 0.013645 101.036209 0.854643 -0.026197 0.518555 1.825038 0.000000 0.000000 0.000000 1.000000
0.516705 0.039825 -0.855237 0.146286 -0.025906 0.999187 0.030876 102.079529 0.855771 0.006202 0.517317 6.203824 0.000000 0.000000 0.000000 1.000000
0.514497 0.027485 -0.857052 -3.604891 -0.064976 0.997862 -0.007006 104.083534 0.855027 0.059293 0.515183 12.804418 0.000000 0.000000 0.000000 1.000000
0.511391 0.014387 -0.859228 -5.692132 -0.100164 0.994043 -0.042971 105.532547 0.853491 0.108039 0.509786 18.558960 0.000000 0.000000 0.000000 1.000000
0.506852 0.003155 -0.862027 -6.502671 -0.130190 0.988803 -0.072929 106.650955 0.852145 0.149192 0.501587 24.414824 0.000000 0.000000 0.000000 1.000000
0.500240 -0.007466 -0.865854 -6.816513 -0.155105 0.983016 -0.098087 106.926102 0.851881 0.183366 0.490587 30.797001 0.000000 0.000000 0.000000 1.000000
0.491095 -0.021640 -0.870837 -6.756003 -0.171809 0.977648 -0.121183 106.482986 0.853995 0.209130 0.476400 37.628090 0.000000 0.000000 0.000000 1.000000
0.475877 -0.036859 -0.878739 -6.341936 -0.179818 0.973939 -0.138232 105.810844 0.860933 0.223795 0.456848 44.839146 0.000000 0.000000 0.000000 1.000000
0.462675 -0.052679 -0.884962 -5.801640 -0.186167 0.970201 -0.155085 105.116714 0.866760 0.236505 0.439081 52.447575 0.000000 0.000000 0.000000 1.000000
0.458037 -0.069840 -0.886185 -4.986692 -0.186837 0.967077 -0.172784 104.689896 0.869077 0.244714 0.429908 60.391418 0.000000 0.000000 0.000000 1.000000
0.454969 -0.087831 -0.886165 -4.496532 -0.184781 0.964154 -0.190430 104.949806 0.871125 0.250386 0.422431 68.584999 0.000000 0.000000 0.000000 1.000000
0.461383 -0.105688 -0.880883 -4.011475 -0.179521 0.961219 -0.209355 105.198387 0.868848 0.254730 0.424518 76.731949 0.000000 0.000000 0.000000 1.000000
0.490281 -0.122134 -0.862965 -3.513912 -0.168381 0.958206 -0.231276 104.994339 0.855145 0.258697 0.449225 84.583809 0.000000 0.000000 0.000000 1.000000
0.566963 -0.140263 -0.811714 -3.772355 -0.132512 0.957033 -0.257930 103.596161 0.813015 0.253799 0.524016 92.173775 0.000000 0.000000 0.000000 1.000000
0.674178 -0.160282 -0.720967 -4.718019 -0.060734 0.960830 -0.270400 101.029755 0.736067 0.226085 0.638036 99.548248 0.000000 0.000000 0.000000 1.000000
0.744069 -0.182936 -0.642569 -5.352647 0.009232 0.964506 -0.263899 97.902374 0.668039 0.190427 0.719348 106.685089 0.000000 0.000000 0.000000 1.000000
0.745788 -0.204047 -0.634164 -5.638991 0.049600 0.966303 -0.252585 96.054947 0.664334 0.156920 0.730778 113.821266 0.000000 0.000000 0.000000 1.000000
0.702773 -0.226883 -0.674265 -5.684626 0.069183 0.965086 -0.252633 94.808380 0.708042 0.130896 0.693933 121.122253 0.000000 0.000000 0.000000 1.000000
0.661893 -0.245930 -0.708107 -5.435752 0.078499 0.962196 -0.260801 93.934082 0.745477 0.117037 0.656176 128.469131 0.000000 0.000000 0.000000 1.000000
0.643802 -0.258183 -0.720320 -5.364238 0.085273 0.959702 -0.267769 92.895767 0.760426 0.110966 0.639874 135.398056 0.000000 0.000000 0.000000 1.000000
0.631158 -0.262720 -0.729806 -5.316876 0.083390 0.958421 -0.272900 90.375954 0.771159 0.111385 0.626824 141.807892 0.000000 0.000000 0.000000 1.000000
0.621866 -0.260612 -0.738488 -5.295355 0.072594 0.958126 -0.276992 87.556320 0.779752 0.118642 0.614745 147.695526 0.000000 0.000000 0.000000 1.000000
0.613581 -0.253481 -0.747840 -5.194286 0.053264 0.958204 -0.281083 85.904961 0.787833 0.132634 0.601438 153.205994 0.000000 0.000000 0.000000 1.000000
0.604172 -0.244706 -0.758350 -5.086360 0.030306 0.958048 -0.285000 85.991516 0.796277 0.149206 0.586242 158.232681 0.000000 0.000000 0.000000 1.000000
0.596575 -0.226202 -0.770020 -4.835727 -0.010281 0.957225 -0.289161 87.100464 0.802492 0.180423 0.568731 162.794983 0.000000 0.000000 0.000000 1.000000
0.593589 -0.210194 -0.776833 -4.518780 -0.041762 0.955942 -0.290568 89.449921 0.803684 0.204921 0.558659 165.965469 0.000000 0.000000 0.000000 1.000000
0.587676 -0.205682 -0.782516 -4.268760 -0.059099 0.953653 -0.295049 92.248787 0.806935 0.219639 0.548283 168.418640 0.000000 0.000000 0.000000 1.000000
0.580639 -0.205001 -0.787930 -3.926057 -0.061322 0.954020 -0.293403 95.204193 0.811849 0.218679 0.541370 170.248718 0.000000 0.000000 0.000000 1.000000
0.574255 -0.203436 -0.792997 -3.569425 -0.062025 0.955039 -0.289921 98.026627 0.816323 0.215674 0.535818 171.790298 0.000000 0.000000 0.000000 1.000000
0.568457 -0.200643 -0.797872 -3.256732 -0.061672 0.956685 -0.284519 100.485382 0.820398 0.210943 0.531460 173.234985 0.000000 0.000000 0.000000 1.000000
0.563190 -0.196474 -0.802630 -3.005612 -0.060767 0.958845 -0.277352 101.968628 0.824090 0.204975 0.528072 174.601913 0.000000 0.000000 0.000000 1.000000
0.558502 -0.191652 -0.807060 -2.797557 -0.058199 0.961492 -0.268600 102.642685 0.827459 0.196984 0.525841 175.868637 0.000000 0.000000 0.000000 1.000000
0.554706 -0.185707 -0.811057 -2.584160 -0.053632 0.964767 -0.257582 102.798035 0.830316 0.186381 0.525203 176.914642 0.000000 0.000000 0.000000 1.000000
0.551040 -0.179460 -0.814953 -2.369740 -0.048722 0.968017 -0.246109 102.854836 0.833055 0.175322 0.524672 177.915924 0.000000 0.000000 0.000000 1.000000
0.547487 -0.172954 -0.818746 -2.154965 -0.043530 0.971197 -0.234267 102.891197 0.835681 0.163898 0.524189 178.863739 0.000000 0.000000 0.000000 1.000000
0.544705 -0.165572 -0.822121 -1.938649 -0.036705 0.974670 -0.220614 102.851334 0.837824 0.150345 0.524830 179.541397 0.000000 0.000000 0.000000 1.000000
0.542877 -0.157361 -0.824937 -1.726375 -0.028267 0.978308 -0.205220 102.528152 0.839336 0.134727 0.526653 179.979675 0.000000 0.000000 0.000000 1.000000
0.540930 -0.148981 -0.827768 -1.509899 -0.019737 0.981668 -0.189577 102.154327 0.840836 0.118885 0.528073 180.459778 0.000000 0.000000 0.000000 1.000000
0.538961 -0.140498 -0.830530 -1.296555 -0.011158 0.984714 -0.173822 101.776733 0.842257 0.102951 0.529155 180.883820 0.000000 0.000000 0.000000 1.000000
0.537075 -0.131993 -0.833143 -1.093675 -0.002569 0.987421 -0.158090 101.442268 0.843530 0.087047 0.529981 181.153915 0.000000 0.000000 0.000000 1.000000
0.535377 -0.123550 -0.835528 -0.908592 0.006003 0.989775 -0.142512 101.197784 0.844592 0.071283 0.530644 181.172211 0.000000 0.000000 0.000000 1.000000
0.533860 -0.115183 -0.837691 -0.740967 0.014567 0.991785 -0.127087 101.041756 0.845447 0.055644 0.531152 180.943588 0.000000 0.000000 0.000000 1.000000
0.532409 -0.106832 -0.839719 -0.583692 0.023145 0.993470 -0.111718 100.932823 0.846171 0.040044 0.531405 180.565399 0.000000 0.000000 0.000000 1.000000
0.530967 -0.098484 -0.841650 -0.433944 0.031728 0.994838 -0.096392 100.858147 0.846798 0.024477 0.531350 180.078430 0.000000 0.000000 0.000000 1.000000
0.529478 -0.090118 -0.843524 -0.288900 0.040302 0.995891 -0.081099 100.804871 0.847366 0.008945 0.530934 179.523468 0.000000 0.000000 0.000000 1.000000
0.527886 -0.081712 -0.845375 -0.145737 0.048848 0.996635 -0.065830 100.760155 0.847909 -0.006544 0.530101 178.941315 0.000000 0.000000 0.000000 1.000000
0.526138 -0.073237 -0.847240 -0.001634 0.057346 0.997072 -0.050577 100.711166 0.848463 -0.021975 0.528798 178.372742 0.000000 0.000000 0.000000 1.000000
0.524181 -0.064662 -0.849148 0.146232 0.065771 0.997209 -0.035336 100.645050 0.849063 -0.037327 0.526971 177.858566 0.000000 0.000000 0.000000 1.000000</float_array>
        <technique_common>
          <accessor source="#mixamorig_Hips-Matrix-animation-output-transform-array" count="49" stride="16">
            <param type="float4x4"/>
          </accessor>
        </technique_common>
      </source>
      <source id="mixamorig_Hips-Interpolations">
        <Name_array id="mixamorig_Hips-Interpolations-array" count="49">
 LINEAR LINEAR LINEAR LINEAR LINEAR LINEAR LINEAR LINEAR LINEAR LINEAR LINEAR
LINEAR LINEAR LINEAR LINEAR LINEAR LINEAR LINEAR LINEAR LINEAR LINEAR LINEAR LINEAR
LINEAR LINEAR LINEAR LINEAR LINEAR LINEAR LINEAR LINEAR LINEAR LINEAR LINEAR LINEAR
LINEAR LINEAR LINEAR LINEAR LINEAR LINEAR LINEAR LINEAR LINEAR LINEAR LINEAR LINEAR
LINEAR LINEAR</Name_array>
        <technique_common>
          <accessor source="#mixamorig_Hips-Interpolations-array" count="49">
            <param type="name"/>
          </accessor>
        </technique_common>
      </source>
      <sampler id="mixamorig_Hips-Matrix-animation-transform">
        <input semantic="INPUT" source="#mixamorig_Hips-Matrix-animation-input"/>
        <input semantic="OUTPUT" source="#mixamorig_Hips-Matrix-animation-output-transform"/>
        <input semantic="INTERPOLATION" source="#mixamorig_Hips-Interpolations"/>
      </sampler>
      <channel source="#mixamorig_Hips-Matrix-animation-transform" target="mixamorig_Hips/matrix"/>
    </animation>
    <animation id="mixamorig_Spine-anim" name="mixamorig_Spine">
      <source id="mixamorig_Spine-Matrix-animation-input">
        <float_array id="mixamorig_Spine-Matrix-animation-input-array" count="49">

0.000000 0.033333 0.066667 0.100000 0.133333 0.166667 0.200000 0.233333 0.266667 0.300000 0.333333 0.366667 0.400000 0.433333 0.466667 0.500000
0.533333 0.566667 0.600000 0.633333 0.666667 0.700000 0.733333 0.766667 0.800000 0.833333 0.866667 0.900000 0.933333 0.966667 1.000000 1.033333
1.066667 1.100000 1.133333 1.166667 1.200000 1.233333 1.266667 1.300000 1.333333 1.366667 1.400000 1.433333 1.466667 1.500000 1.533333 1.566667
1.600000</float_array>
        <technique_common>
          <accessor source="#mixamorig_Spine-Matrix-animation-input-array" count="49">
            <param name="TIME" type="float"/>
          </accessor>
        </technique_common>
      </source>
      <source id="mixamorig_Spine-Matrix-animation-output-transform">
        <float_array id="mixamorig_Spine-Matrix-animation-output-transform-array" count="784">

0.998816 0.048625 0.001208 0.000000 -0.047274 0.976313 -0.211137 8.536500 -0.011446 0.210830 0.977456 0.187100 0.000000 0.000000 0.000000 1.000000
0.999187 0.040257 0.002258 -0.000000 -0.038675 0.972752 -0.228599 8.536500 -0.011400 0.228325 0.973518 0.187100 0.000000 0.000000 0.000000 1.000000
0.999955 0.004850 0.008191 -0.000000 -0.002956 0.976133 -0.217152 8.536500 -0.009049 0.217118 0.976103 0.187100 0.000000 0.000000 0.000000 1.000000
0.999077 -0.039464 0.016984 0.000000 0.042059 0.979069 -0.199134 8.536500 -0.008769 0.199665 0.979825 0.187100 0.000000 0.000000 0.000000 1.000000
0.997298 -0.069137 0.024833 0.000000 0.072546 0.980084 -0.184856 8.536500 -0.011558 0.186158 0.982452 0.187100 0.000000 0.000000 0.000000 1.000000
0.995210 -0.092191 0.032516 0.000000 0.096449 0.980216 -0.172844 8.536500 -0.015938 0.175152 0.984412 0.187100 0.000000 0.000000 0.000000 1.000000
0.993483 -0.106982 0.039320 0.000000 0.112025 0.980113 -0.163797 8.536500 -0.021015 0.167135 0.985710 0.187100 0.000000 0.000000 0.000000 1.000000
0.992753 -0.111765 0.044154 0.000000 0.117434 0.980250 -0.159119 8.536500 -0.025498 0.163151 0.986272 0.187100 0.000000 0.000000 0.000000 1.000000
0.993650 -0.102956 0.045389 0.000000 0.109519 0.977484 -0.180363 8.536500 -0.025797 0.184189 0.982552 0.187100 0.000000 0.000000 0.000000 1.000000
0.995999 -0.079498 0.040807 0.000000 0.086198 0.975132 -0.204175 8.536500 -0.023561 0.206876 0.978083 0.187100 0.000000 0.000000 0.000000 1.000000
0.997534 -0.063574 0.029746 0.000000 0.068687 0.971397 -0.227311 8.536500 -0.014444 0.228794 0.973368 0.187100 0.000000 0.000000 0.000000 1.000000
0.998026 -0.057782 0.024593 0.000000 0.062088 0.966657 -0.248433 8.536500 -0.009418 0.249470 0.968337 0.187100 0.000000 0.000000 0.000000 1.000000
0.998226 -0.055172 0.022390 0.000000 0.059157 0.961686 -0.267696 8.536500 -0.006762 0.268545 0.963243 0.187100 0.000000 0.000000 0.000000 1.000000
0.998309 -0.054314 0.020698 0.000000 0.057963 0.956766 -0.285024 8.536500 -0.004323 0.285742 0.958297 0.187100 0.000000 0.000000 0.000000 1.000000
0.998924 -0.042861 0.017696 0.000000 0.046199 0.952727 -0.300295 8.536500 -0.003988 0.300789 0.953682 0.187100 0.000000 0.000000 0.000000 1.000000
0.999640 -0.023069 0.013693 0.000000 0.026196 0.949396 -0.312986 8.536500 -0.005780 0.313233 0.949659 0.187100 0.000000 0.000000 0.000000 1.000000
0.999966 0.001036 0.008220 -0.000000 0.001671 0.946546 -0.322565 8.536500 -0.008115 0.322568 0.946512 0.187100 0.000000 0.000000 0.000000 1.000000
0.999727 0.023132 0.003402 0.000000 -0.020730 0.944244 -0.328595 8.536500 -0.010813 0.328434 0.944465 0.187100 0.000000 0.000000 0.000000 1.000000
0.999046 0.043658 -0.000770 0.000000 -0.041442 0.942493 -0.331646 8.536500 -0.013753 0.331362 0.943403 0.187100 0.000000 0.000000 0.000000 1.000000
0.997903 0.064443 -0.006065 0.000000 -0.062789 0.940992 -0.332553 8.536500 -0.015724 0.332236 0.943065 0.187100 0.000000 0.000000 0.000000 1.000000
0.996304 0.084843 -0.013448 0.000000 -0.084485 0.939457 -0.332087 8.536500 -0.015541 0.331996 0.943153 0.187100 0.000000 0.000000 0.000000 1.000000
0.994850 0.098928 -0.022045 0.000000 -0.100640 0.938417 -0.330523 8.536500 -0.012011 0.331039 0.943541 0.187100 0.000000 0.000000 0.000000 1.000000
0.993952 0.105847 -0.029239 -0.000000 -0.109570 0.938281 -0.328059 8.536500 -0.007289 0.329278 0.944205 0.187100 0.000000 0.000000 0.000000 1.000000
0.993102 0.112193 -0.034077 -0.000000 -0.117169 0.938506 -0.324775 8.536500 -0.004456 0.326527 0.945177 0.187100 0.000000 0.000000 0.000000 1.000000
0.992217 0.119393 -0.035379 0.000000 -0.124420 0.938881 -0.320972 8.536500 -0.005105 0.322875 0.946428 0.187100 0.000000 0.000000 0.000000 1.000000
0.991292 0.127058 -0.034591 0.000000 -0.131456 0.939464 -0.316427 8.536500 -0.007708 0.318219 0.947986 0.187100 0.000000 0.000000 0.000000 1.000000
0.990491 0.133482 -0.033305 0.000000 -0.137197 0.940471 -0.310952 8.536500 -0.010184 0.312565 0.949842 0.187100 0.000000 0.000000 0.000000 1.000000
0.990167 0.136236 -0.031768 0.000000 -0.139411 0.942186 -0.304715 8.536500 -0.011582 0.306147 0.951914 0.187100 0.000000 0.000000 0.000000 1.000000
0.990293 0.135761 -0.029800 0.000000 -0.138447 0.944494 -0.297933 8.536500 -0.012302 0.299167 0.954122 0.187100 0.000000 0.000000 0.000000 1.000000
0.990627 0.133825 -0.027368 -0.000000 -0.135975 0.947060 -0.290841 8.536500 -0.013003 0.291837 0.956380 0.187100 0.000000 0.000000 0.000000 1.000000
0.990779 0.133296 -0.024291 -0.000000 -0.134707 0.949815 -0.282322 8.536500 -0.014560 0.282990 0.959012 0.187100 0.000000 0.000000 0.000000 1.000000
0.990710 0.134549 -0.019761 0.000000 -0.134796 0.952333 -0.273665 8.536500 -0.018002 0.273786 0.961622 0.187100 0.000000 0.000000 0.000000 1.000000
0.990692 0.135331 -0.014630 0.000000 -0.134344 0.954799 -0.265162 8.536500 -0.021915 0.264659 0.964093 0.187100 0.000000 0.000000 0.000000 1.000000
0.991522 0.129590 -0.009494 0.000000 -0.127661 0.957934 -0.257030 8.536500 -0.024214 0.256063 0.966357 0.187100 0.000000 0.000000 0.000000 1.000000
0.992448 0.122582 -0.004463 0.000000 -0.119827 0.961083 -0.248920 8.536500 -0.026224 0.247575 0.968514 0.187100 0.000000 0.000000 0.000000 1.000000
0.993261 0.115895 0.000531 0.000000 -0.112347 0.963956 -0.241180 8.536500 -0.028463 0.239495 0.970480 0.187100 0.000000 0.000000 0.000000 1.000000
0.993724 0.111701 0.005891 0.000000 -0.107174 0.965888 -0.235742 8.536500 -0.032022 0.233631 0.971798 0.187100 0.000000 0.000000 0.000000 1.000000
0.994354 0.105732 0.008989 0.000000 -0.100815 0.967745 -0.230880 8.536500 -0.033110 0.228671 0.972941 0.187100 0.000000 0.000000 0.000000 1.000000
0.994971 0.099429 0.012139 -0.000000 -0.094143 0.969633 -0.225719 8.536500 -0.034213 0.223441 0.974117 0.187100 0.000000 0.000000 0.000000 1.000000
0.995548 0.093070 0.014877 0.000000 -0.087512 0.971392 -0.220768 8.536500 -0.034998 0.218483 0.975213 0.187100 0.000000 0.000000 0.000000 1.000000
0.996072 0.086944 0.016758 0.000000 -0.081277 0.972882 -0.216552 8.536500 -0.035132 0.214340 0.976127 0.187100 0.000000 0.000000 0.000000 1.000000
0.996534 0.081354 0.017354 0.000000 -0.075792 0.973974 -0.213610 8.536500 -0.034280 0.211555 0.976765 0.187100 0.000000 0.000000 0.000000 1.000000
0.996945 0.076301 0.016716 0.000000 -0.071044 0.974697 -0.211939 8.536500 -0.032464 0.210104 0.977140 0.187100 0.000000 0.000000 0.000000 1.000000
0.997320 0.071537 0.015319 0.000000 -0.066709 0.975198 -0.211043 8.536500 -0.030036 0.209455 0.977357 0.187100 0.000000 0.000000 0.000000 1.000000
0.997664 0.066984 0.013376 0.000000 -0.062673 0.975536 -0.210719 8.536500 -0.027164 0.209389 0.977455 0.187100 0.000000 0.000000 0.000000 1.000000
0.997980 0.062559 0.011097 0.000000 -0.058823 0.975766 -0.210763 8.536500 -0.024013 0.209685 0.977474 0.187100 0.000000 0.000000 0.000000 1.000000
0.998268 0.058184 0.008685 -0.000000 -0.055047 0.975942 -0.210968 8.536500 -0.020751 0.210124 0.977454 0.187100 0.000000 0.000000 0.000000 1.000000
0.998533 0.053779 0.006342 0.000000 -0.051231 0.976116 -0.211124 8.536500 -0.017544 0.210489 0.977439 0.187100 0.000000 0.000000 0.000000 1.000000
0.998776 0.049270 0.004263 0.000000 -0.047262 0.976339 -0.211020 8.536500 -0.014559 0.210560 0.977473 0.187100 0.000000 0.000000 0.000000 1.000000</float_array>
        <technique_common>
          <accessor source="#mixamorig_Spine-Matrix-animation-output-transform-array" count="49" stride="16">
            <param type="float4x4"/>
          </accessor>
        </technique_common>
      </source>
      <source id="mixamorig_Spine-Interpolations">
        <Name_array id="mixamorig_Spine-Interpolations-array" count="49">
 LINEAR LINEAR LINEAR LINEAR LINEAR LINEAR LINEAR LINEAR LINEAR LINEAR LINEAR
LINEAR LINEAR LINEAR LINEAR LINEAR LINEAR LINEAR LINEAR LINEAR LINEAR LINEAR LINEAR
LINEAR LINEAR LINEAR LINEAR LINEAR LINEAR LINEAR LINEAR LINEAR LINEAR LINEAR LINEAR
LINEAR LINEAR LINEAR LINEAR LINEAR LINEAR LINEAR LINEAR LINEAR LINEAR LINEAR LINEAR
LINEAR LINEAR</Name_array>
        <technique_common>
          <accessor source="#mixamorig_Spine-Interpolations-array" count="49">
            <param type="name"/>
          </accessor>
        </technique_common>
      </source>
      <sampler id="mixamorig_Spine-Matrix-animation-transform">
        <input semantic="INPUT" source="#mixamorig_Spine-Matrix-animation-input"/>
        <input semantic="OUTPUT" source="#mixamorig_Spine-Matrix-animation-output-transform"/>
        <input semantic="INTERPOLATION" source="#mixamorig_Spine-Interpolations"/>
      </sampler>
      <channel source="#mixamorig_Spine-Matrix-animation-transform" target="mixamorig_Spine/matrix"/>
    </animation>
    <animation id="mixamorig_Spine1-anim" name="mixamorig_Spine1">
      <source id="mixamorig_Spine1-Matrix-animation-input">
        <float_array id="mixamorig_Spine1-Matrix-animation-input-array" count="49">

0.000000 0.033333 0.066667 0.100000 0.133333 0.166667 0.200000 0.233333 0.266667 0.300000 0.333333 0.366667 0.400000 0.433333 0.466667 0.500000
0.533333 0.566667 0.600000 0.633333 0.666667 0.700000 0.733333 0.766667 0.800000 0.833333 0.866667 0.900000 0.933333 0.966667 1.000000 1.033333
1.066667 1.100000 1.133333 1.166667 1.200000 1.233333 1.266667 1.300000 1.333333 1.366667 1.400000 1.433333 1.466667 1.500000 1.533333 1.566667
1.600000</float_array>
        <technique_common>
          <accessor source="#mixamorig_Spine1-Matrix-animation-input-array" count="49">
            <param name="TIME" type="float"/>
          </accessor>
        </technique_common>
      </source>
      <source id="mixamorig_Spine1-Matrix-animation-output-transform">
        <float_array id="mixamorig_Spine1-Matrix-animation-output-transform-array" count="784">

0.995240 0.097444 -0.001099 0.000000 -0.096568 0.984646 -0.145419 9.685800 -0.013089 0.144833 0.989370 -0.000000 0.000000 0.000000 0.000000 1.000000
0.996617 0.081804 -0.007920 -0.000000 -0.081565 0.972645 -0.217504 9.685800 -0.010089 0.217414 0.976027 0.000000 0.000000 0.000000 0.000000 1.000000
0.999356 0.035424 0.005649 0.000000 -0.034012 0.985770 -0.164624 9.685800 -0.011400 0.164325 0.986340 0.000000 0.000000 0.000000 0.000000 1.000000
0.999580 -0.019932 0.021058 0.000000 0.021941 0.994755 -0.099908 9.685800 -0.018956 0.100328 0.994774 -0.000000 0.000000 0.000000 0.000000 1.000000
0.997722 -0.059244 0.032273 -0.000000 0.060913 0.996711 -0.053448 9.685800 -0.029001 0.055292 0.998049 0.000000 0.000000 0.000000 0.000000 1.000000
0.994976 -0.090898 0.041953 -0.000000 0.091660 0.995652 -0.016606 9.685800 -0.040261 0.020368 0.998982 -0.000000 0.000000 0.000000 0.000000 1.000000
0.992056 -0.115205 0.050528 0.000000 0.114841 0.993333 0.010044 9.685800 -0.051349 -0.004161 0.998672 0.000000 0.000000 0.000000 0.000000 1.000000
0.989933 -0.129296 0.057583 -0.000000 0.128188 0.991494 0.022544 9.685800 -0.060008 -0.014936 0.998086 0.000000 0.000000 0.000000 0.000000 1.000000
0.990193 -0.126017 0.060316 0.000000 0.126337 0.991986 -0.001512 9.685800 -0.059642 0.009118 0.998178 0.000000 0.000000 0.000000 0.000000 1.000000
0.992972 -0.104825 0.054933 0.000000 0.106851 0.993647 -0.035326 9.685800 -0.050881 0.040947 0.997865 0.000000 0.000000 0.000000 0.000000 1.000000
0.995713 -0.082334 0.042148 0.000000 0.085186 0.993827 -0.071067 9.685800 -0.036036 0.074353 0.996581 0.000000 0.000000 0.000000 0.000000 1.000000
0.996674 -0.072365 0.037460 0.000000 0.075960 0.991498 -0.105646 9.685800 -0.029496 0.108140 0.993698 -0.000000 0.000000 0.000000 0.000000 1.000000
0.997244 -0.065829 0.034206 0.000000 0.069976 0.987810 -0.139050 9.685800 -0.024636 0.141060 0.989694 0.000000 0.000000 0.000000 0.000000 1.000000
0.997676 -0.061597 0.029120 0.000000 0.065677 0.983172 -0.170466 9.685800 -0.018129 0.171983 0.984933 0.000000 0.000000 0.000000 0.000000 1.000000
0.998678 -0.046143 0.022641 0.000000 0.049733 0.978739 -0.198990 9.685800 -0.012978 0.199853 0.979740 -0.000000 0.000000 0.000000 0.000000 1.000000
0.999593 -0.024112 0.015236 -0.000000 0.026907 0.974376 -0.223308 9.685800 -0.009461 0.223628 0.974629 0.000000 0.000000 0.000000 0.000000 1.000000
0.999973 -0.000083 0.007414 0.000000 0.001877 0.970215 -0.242237 9.685800 -0.007173 0.242244 0.970189 -0.000000 0.000000 0.000000 0.000000 1.000000
0.999685 0.025077 -0.000818 0.000000 -0.024459 0.966765 -0.254495 9.685800 -0.005591 0.254435 0.967074 0.000000 0.000000 0.000000 0.000000 1.000000
0.998682 0.050440 -0.009448 0.000000 -0.051168 0.964760 -0.258109 9.685800 -0.003904 0.258252 0.966070 -0.000000 0.000000 0.000000 0.000000 1.000000
0.997006 0.075087 -0.018454 0.000000 -0.077306 0.963103 -0.257792 9.685800 -0.001583 0.258447 0.966024 0.000000 0.000000 0.000000 0.000000 1.000000
0.994772 0.098006 -0.028697 0.000000 -0.102093 0.961039 -0.256869 9.685800 0.002404 0.258456 0.966020 0.000000 0.000000 0.000000 0.000000 1.000000
0.992357 0.115498 -0.043440 0.000000 -0.122780 0.959343 -0.254136 9.685800 0.012321 0.257527 0.966192 0.000000 0.000000 0.000000 0.000000 1.000000
0.990679 0.123849 -0.056717 -0.000000 -0.134200 0.958778 -0.250470 9.685800 0.023359 0.255747 0.966462 0.000000 0.000000 0.000000 0.000000 1.000000
0.988697 0.133846 -0.067557 0.000000 -0.146513 0.958171 -0.245851 9.685800 0.031825 0.252970 0.966950 0.000000 0.000000 0.000000 0.000000 1.000000
0.987006 0.144445 -0.070388 -0.000000 -0.157351 0.957607 -0.241307 9.685800 0.032549 0.249247 0.967893 0.000000 0.000000 0.000000 0.000000 1.000000
0.985819 0.153818 -0.067083 0.000000 -0.165485 0.957419 -0.236566 9.685800 0.027838 0.244313 0.969297 0.000000 0.000000 0.000000 0.000000 1.000000
0.985474 0.158107 -0.061993 0.000000 -0.168280 0.958271 -0.231082 9.685800 0.022871 0.238158 0.970957 -0.000000 0.000000 0.000000 0.000000 1.000000
0.985103 0.161973 -0.057764 0.000000 -0.170908 0.959342 -0.224618 9.685800 0.019033 0.231144 0.972733 0.000000 0.000000 0.000000 0.000000 1.000000
0.985173 0.163117 -0.053177 0.000000 -0.170860 0.960895 -0.217917 9.685800 0.015552 0.223772 0.974517 0.000000 0.000000 0.000000 0.000000 1.000000
0.985393 0.163399 -0.047965 -0.000000 -0.169897 0.962513 -0.211432 9.685800 0.011619 0.216492 0.976215 -0.000000 0.000000 0.000000 0.000000 1.000000
0.985641 0.163626 -0.041702 -0.000000 -0.168717 0.964379 -0.203737 9.685800 0.006880 0.207847 0.978137 0.000000 0.000000 0.000000 0.000000 1.000000
0.985764 0.164843 -0.033114 -0.000000 -0.168136 0.965902 -0.196885 9.685800 -0.000470 0.199650 0.979867 -0.000000 0.000000 0.000000 0.000000 1.000000
0.986204 0.163900 -0.023203 0.000000 -0.165302 0.967673 -0.190486 9.685800 -0.008767 0.191693 0.981416 0.000000 0.000000 0.000000 0.000000 1.000000
0.987251 0.158523 -0.014330 0.000000 -0.158413 0.969797 -0.185471 9.685800 -0.015505 0.185376 0.982545 0.000000 0.000000 0.000000 0.000000 1.000000
0.988325 0.152255 -0.005690 0.000000 -0.150769 0.971929 -0.180618 9.685800 -0.021970 0.179367 0.983537 -0.000000 0.000000 0.000000 0.000000 1.000000
0.989246 0.146226 0.003139 0.000000 -0.143402 0.973917 -0.175846 9.685800 -0.028771 0.173505 0.984413 -0.000000 0.000000 0.000000 0.000000 1.000000
0.989750 0.142185 0.013328 -0.000000 -0.137809 0.975415 -0.171973 9.685800 -0.037452 0.168373 0.985012 -0.000000 0.000000 0.000000 0.000000 1.000000
0.990403 0.136943 0.018684 0.000000 -0.131914 0.976942 -0.167879 9.685800 -0.041243 0.163803 0.985631 0.000000 0.000000 0.000000 0.000000 1.000000
0.991044 0.131328 0.024173 0.000000 -0.125679 0.978508 -0.163482 9.685800 -0.045123 0.158980 0.986250 -0.000000 0.000000 0.000000 0.000000 1.000000
0.991643 0.125731 0.028902 0.000000 -0.119613 0.979979 -0.159167 9.685800 -0.048336 0.154380 0.986828 0.000000 0.000000 0.000000 0.000000 1.000000
0.992190 0.120567 0.031995 0.000000 -0.114226 0.981233 -0.155350 9.685800 -0.050124 0.150482 0.987341 -0.000000 0.000000 0.000000 0.000000 1.000000
0.992683 0.116266 0.032586 0.000000 -0.110029 0.982165 -0.152465 9.685800 -0.049732 0.147764 0.987771 -0.000000 0.000000 0.000000 0.000000 1.000000
0.993138 0.112835 0.030746 0.000000 -0.107000 0.982798 -0.150527 9.685800 -0.047202 0.146205 0.988128 0.000000 0.000000 0.000000 0.000000 1.000000
0.993565 0.109905 0.027393 0.000000 -0.104652 0.983259 -0.149162 9.685800 -0.043328 0.145335 0.988433 -0.000000 0.000000 0.000000 0.000000 1.000000
0.993958 0.107338 0.022942 0.000000 -0.102798 0.983597 -0.148220 9.685800 -0.038475 0.144966 0.988688 0.000000 0.000000 0.000000 0.000000 1.000000
0.994313 0.104996 0.017805 0.000000 -0.101250 0.983859 -0.147549 9.685800 -0.033010 0.144907 0.988894 0.000000 0.000000 0.000000 0.000000 1.000000
0.994631 0.102743 0.012394 -0.000000 -0.099823 0.984087 -0.146995 9.685800 -0.027300 0.144969 0.989060 -0.000000 0.000000 0.000000 0.000000 1.000000
0.994917 0.100446 0.007116 0.000000 -0.098329 0.984325 -0.146407 9.685800 -0.021711 0.144963 0.989199 0.000000 0.000000 0.000000 0.000000 1.000000
0.995186 0.097974 0.002379 -0.000000 -0.096585 0.984613 -0.145634 9.685800 -0.016610 0.144703 0.989336 -0.000000 0.000000 0.000000 0.000000 1.000000</float_array>
        <technique_common>
          <accessor source="#mixamorig_Spine1-Matrix-animation-output-transform-array" count="49" stride="16">
            <param type="float4x4"/>
          </accessor>
        </technique_common>
      </source>
      <source id="mixamorig_Spine1-Interpolations">
        <Name_array id="mixamorig_Spine1-Interpolations-array" count="49">
 LINEAR LINEAR LINEAR LINEAR LINEAR LINEAR LINEAR LINEAR LINEAR LINEAR LINEAR
LINEAR LINEAR LINEAR LINEAR LINEAR LINEAR LINEAR LINEAR LINEAR LINEAR LINEAR LINEAR
LINEAR LINEAR LINEAR LINEAR LINEAR LINEAR LINEAR LINEAR LINEAR LINEAR LINEAR LINEAR
LINEAR LINEAR LINEAR LINEAR LINEAR LINEAR LINEAR LINEAR LINEAR LINEAR LINEAR LINEAR
LINEAR LINEAR</Name_array>
        <technique_common>
          <accessor source="#mixamorig_Spine1-Interpolations-array" count="49">
            <param type="name"/>
          </accessor>
        </technique_common>
      </source>
      <sampler id="mixamorig_Spine1-Matrix-animation-transform">
        <input semantic="INPUT" source="#mixamorig_Spine1-Matrix-animation-input"/>
        <input semantic="OUTPUT" source="#mixamorig_Spine1-Matrix-animation-output-transform"/>
        <input semantic="INTERPOLATION" source="#mixamorig_Spine1-Interpolations"/>
      </sampler>
      <channel source="#mixamorig_Spine1-Matrix-animation-transform" target="mixamorig_Spine1/matrix"/>
    </animation>
    <animation id="mixamorig_Spine2-anim" name="mixamorig_Spine2">
      <source id="mixamorig_Spine2-Matrix-animation-input">
        <float_array id="mixamorig_Spine2-Matrix-animation-input-array" count="49">

0.000000 0.033333 0.066667 0.100000 0.133333 0.166667 0.200000 0.233333 0.266667 0.300000 0.333333 0.366667 0.400000 0.433333 0.466667 0.500000
0.533333 0.566667 0.600000 0.633333 0.666667 0.700000 0.733333 0.766667 0.800000 0.833333 0.866667 0.900000 0.933333 0.966667 1.000000 1.033333
1.066667 1.100000 1.133333 1.166667 1.200000 1.233333 1.266667 1.300000 1.333333 1.366667 1.400000 1.433333 1.466667 1.500000 1.533333 1.566667
1.600000</float_array>
        <technique_common>
          <accessor source="#mixamorig_Spine2-Matrix-animation-input-array" count="49">
            <param name="TIME" type="float"/>
          </accessor>
        </technique_common>
      </source>
      <source id="mixamorig_Spine2-Matrix-animation-output-transform">
        <float_array id="mixamorig_Spine2-Matrix-animation-output-transform-array" count="784">

0.995241 0.097442 0.000487 0.000000 -0.096538 0.986672 -0.130994 15.875400 -0.013245 0.130324 0.991383 -0.000000 0.000000 0.000000 0.000000 1.000000
0.997234 0.074322 -0.000434 0.000000 -0.073729 0.988496 -0.132061 15.875400 -0.009386 0.131728 0.991241 0.000000 0.000000 0.000000 0.000000 1.000000
0.999690 0.023063 0.009375 0.000000 -0.022066 0.995203 -0.095315 15.875400 -0.011529 0.095079 0.995403 0.000000 0.000000 0.000000 0.000000 1.000000
0.999048 -0.038297 0.020871 0.000000 0.039289 0.998005 -0.049412 15.875400 -0.018937 0.050185 0.998560 0.000000 0.000000 0.000000 0.000000 1.000000
0.996213 -0.081459 0.030410 0.000000 0.081975 0.996504 -0.016137 15.875400 -0.028989 0.018569 0.999407 0.000000 0.000000 0.000000 0.000000 1.000000
0.992493 -0.115616 0.039884 -0.000000 0.115279 0.993276 0.010650 15.875400 -0.040848 -0.005972 0.999148 0.000000 0.000000 0.000000 0.000000 1.000000
0.988764 -0.140961 0.049751 0.000000 0.139565 0.989742 0.030524 15.875400 -0.053544 -0.023238 0.998295 0.000000 0.000000 0.000000 0.000000 1.000000
0.986233 -0.154144 0.059868 0.000000 0.151882 0.987561 0.040681 15.875400 -0.065394 -0.031028 0.997377 0.000000 0.000000 0.000000 0.000000 1.000000
0.986517 -0.150451 0.064418 0.000000 0.149648 0.988591 0.017140 15.875400 -0.066262 -0.007269 0.997776 -0.000000 0.000000 0.000000 0.000000 1.000000
0.989747 -0.129091 0.061126 0.000000 0.130352 0.991320 -0.017106 15.875400 -0.058388 0.024899 0.997983 0.000000 0.000000 0.000000 0.000000 1.000000
0.993183 -0.106648 0.047057 -0.000000 0.109145 0.992551 -0.054127 15.875400 -0.040934 0.058894 0.997425 0.000000 0.000000 0.000000 0.000000 1.000000
0.994421 -0.097043 0.041338 0.000000 0.100425 0.990898 -0.089642 15.875400 -0.032263 0.093293 0.995116 0.000000 0.000000 0.000000 0.000000 1.000000
0.995111 -0.091117 0.038101 -0.000000 0.095182 0.987729 -0.123824 15.875400 -0.026351 0.126845 0.991572 0.000000 0.000000 0.000000 0.000000 1.000000
0.995581 -0.087704 0.033550 -0.000000 0.091892 0.983492 -0.155885 15.875400 -0.019324 0.158279 0.987205 0.000000 0.000000 0.000000 0.000000 1.000000
0.996910 -0.073398 0.027979 -0.000000 0.077323 0.979685 -0.185034 15.875400 -0.013829 0.186626 0.982334 -0.000000 0.000000 0.000000 0.000000 1.000000
0.998441 -0.051523 0.021481 0.000000 0.054889 0.976210 -0.209765 15.875400 -0.010162 0.210617 0.977516 -0.000000 0.000000 0.000000 0.000000 1.000000
0.999531 -0.027205 0.014070 0.000000 0.029703 0.973060 -0.228633 15.875400 -0.007471 0.228943 0.973411 0.000000 0.000000 0.000000 0.000000 1.000000
0.999981 -0.001426 0.005997 -0.000000 0.002825 0.970698 -0.240284 15.875400 -0.005479 0.240297 0.970684 0.000000 0.000000 0.000000 0.000000 1.000000
0.999691 0.024751 -0.002484 0.000000 -0.024609 0.969448 -0.244058 15.875400 -0.003632 0.244043 0.969758 0.000000 0.000000 0.000000 0.000000 1.000000
0.998674 0.050273 -0.011116 0.000000 -0.051465 0.968366 -0.244168 15.875400 -0.001511 0.244416 0.969669 0.000000 0.000000 0.000000 0.000000 1.000000
0.997028 0.074174 -0.020822 -0.000000 -0.077014 0.966850 -0.243455 15.875400 0.002074 0.244335 0.969689 0.000000 0.000000 0.000000 0.000000 1.000000
0.995082 0.093194 -0.033557 0.000000 -0.098554 0.965447 -0.241243 15.875400 0.009915 0.243364 0.969884 -0.000000 0.000000 0.000000 0.000000 1.000000
0.993672 0.102742 -0.045385 -0.000000 -0.110645 0.964904 -0.238155 15.875400 0.019323 0.241670 0.970166 -0.000000 0.000000 0.000000 0.000000 1.000000
0.992106 0.113101 -0.054165 0.000000 -0.122729 0.964424 -0.234144 15.875400 0.025757 0.238943 0.970692 -0.000000 0.000000 0.000000 0.000000 1.000000
0.990887 0.122857 -0.055225 0.000000 -0.132359 0.964163 -0.229938 15.875400 0.024997 0.235152 0.971637 0.000000 0.000000 0.000000 0.000000 1.000000
0.989975 0.131272 -0.052135 0.000000 -0.139719 0.964246 -0.225185 15.875400 0.020711 0.230211 0.972920 0.000000 0.000000 0.000000 0.000000 1.000000
0.989349 0.137424 -0.048000 0.000000 -0.144669 0.964806 -0.219591 15.875400 0.016133 0.224197 0.974410 0.000000 0.000000 0.000000 0.000000 1.000000
0.989041 0.140931 -0.044015 0.000000 -0.147117 0.965872 -0.213187 15.875400 0.012468 0.217326 0.976019 0.000000 0.000000 0.000000 0.000000 1.000000
0.989092 0.141789 -0.039911 0.000000 -0.147001 0.967410 -0.206176 15.875400 0.009377 0.209794 0.977701 0.000000 0.000000 0.000000 0.000000 1.000000
0.989323 0.141416 -0.035223 0.000000 -0.145612 0.969165 -0.198785 15.875400 0.006026 0.201792 0.979410 0.000000 0.000000 0.000000 0.000000 1.000000
0.989571 0.140997 -0.029494 -0.000000 -0.144036 0.971243 -0.189579 15.875400 0.001916 0.191850 0.981422 0.000000 0.000000 0.000000 0.000000 1.000000
0.989682 0.141682 -0.021358 0.000000 -0.143191 0.972680 -0.182730 15.875400 -0.005115 0.183903 0.982931 -0.000000 0.000000 0.000000 0.000000 1.000000
0.990043 0.140273 -0.011753 0.000000 -0.140137 0.974315 -0.176273 15.875400 -0.013275 0.176164 0.984271 -0.000000 0.000000 0.000000 0.000000 1.000000
0.990716 0.135909 -0.003102 0.000000 -0.134429 0.976023 -0.171194 15.875400 -0.020239 0.170022 0.985232 0.000000 0.000000 0.000000 0.000000 1.000000
0.991377 0.130935 0.005342 -0.000000 -0.128233 0.977702 -0.166298 15.875400 -0.026997 0.164179 0.986061 0.000000 0.000000 0.000000 0.000000 1.000000
0.991909 0.126176 0.013976 0.000000 -0.122292 0.979268 -0.161491 15.875400 -0.034062 0.158475 0.986775 0.000000 0.000000 0.000000 0.000000 1.000000
0.992100 0.123152 0.023908 0.000000 -0.117910 0.980451 -0.157519 15.875400 -0.042839 0.153456 0.987227 -0.000000 0.000000 0.000000 0.000000 1.000000
0.992377 0.119743 0.029150 0.000000 -0.113927 0.981553 -0.153539 15.875400 -0.046998 0.149048 0.987713 0.000000 0.000000 0.000000 0.000000 1.000000
0.992633 0.116102 0.034633 0.000000 -0.109728 0.982683 -0.149309 15.875400 -0.051368 0.144409 0.988184 0.000000 0.000000 0.000000 0.000000 1.000000
0.992873 0.112498 0.039336 0.000000 -0.105712 0.983742 -0.145179 15.875400 -0.055028 0.139987 0.988623 0.000000 0.000000 0.000000 0.000000 1.000000
0.993118 0.109229 0.042246 0.000000 -0.102276 0.984637 -0.141524 15.875400 -0.057056 0.136229 0.989033 -0.000000 0.000000 0.000000 0.000000 1.000000
0.993399 0.106606 0.042362 0.000000 -0.099819 0.985287 -0.138730 15.875400 -0.056528 0.133586 0.989424 0.000000 0.000000 0.000000 0.000000 1.000000
0.993716 0.104638 0.039749 0.000000 -0.098322 0.985707 -0.136803 15.875400 -0.053496 0.132035 0.989800 0.000000 0.000000 0.000000 0.000000 1.000000
0.994043 0.103058 0.035451 0.000000 -0.097395 0.985993 -0.135394 15.875400 -0.048908 0.131135 0.990157 -0.000000 0.000000 0.000000 0.000000 1.000000
0.994359 0.101761 0.029927 0.000000 -0.096880 0.986185 -0.134363 15.875400 -0.043186 0.130706 0.990480 0.000000 0.000000 0.000000 0.000000 1.000000
0.994642 0.100638 0.023638 0.000000 -0.096622 0.986318 -0.133567 15.875400 -0.036756 0.130567 0.990758 0.000000 0.000000 0.000000 0.000000 1.000000
0.994883 0.099585 0.017042 0.000000 -0.096463 0.986429 -0.132865 15.875400 -0.030042 0.130541 0.990988 0.000000 0.000000 0.000000 0.000000 1.000000
0.995081 0.098499 0.010596 0.000000 -0.096247 0.986550 -0.132119 15.875400 -0.023467 0.130449 0.991177 0.000000 0.000000 0.000000 0.000000 1.000000
0.995245 0.097282 0.004758 0.000000 -0.095821 0.986715 -0.131195 15.875400 -0.017458 0.130115 0.991345 -0.000000 0.000000 0.000000 0.000000 1.000000</float_array>
        <technique_common>
          <accessor source="#mixamorig_Spine2-Matrix-animation-output-transform-array" count="49" stride="16">
            <param type="float4x4"/>
          </accessor>
        </technique_common>
      </source>
      <source id="mixamorig_Spine2-Interpolations">
        <Name_array id="mixamorig_Spine2-Interpolations-array" count="49">
 LINEAR LINEAR LINEAR LINEAR LINEAR LINEAR LINEAR LINEAR LINEAR LINEAR LINEAR
LINEAR LINEAR LINEAR LINEAR LINEAR LINEAR LINEAR LINEAR LINEAR LINEAR LINEAR LINEAR
LINEAR LINEAR LINEAR LINEAR LINEAR LINEAR LINEAR LINEAR LINEAR LINEAR LINEAR LINEAR
LINEAR LINEAR LINEAR LINEAR LINEAR LINEAR LINEAR LINEAR LINEAR LINEAR LINEAR LINEAR
LINEAR LINEAR</Name_array>
        <technique_common>
          <accessor source="#mixamorig_Spine2-Interpolations-array" count="49">
            <param type="name"/>
          </accessor>
        </technique_common>
      </source>
      <sampler id="mixamorig_Spine2-Matrix-animation-transform">
        <input semantic="INPUT" source="#mixamorig_Spine2-Matrix-animation-input"/>
        <input semantic="OUTPUT" source="#mixamorig_Spine2-Matrix-animation-output-transform"/>
        <input semantic="INTERPOLATION" source="#mixamorig_Spine2-Interpolations"/>
      </sampler>
      <channel source="#mixamorig_Spine2-Matrix-animation-transform" target="mixamorig_Spine2/matrix"/>
    </animation>
    <animation id="mixamorig_Neck-anim" name="mixamorig_Neck">
      <source id="mixamorig_Neck-Matrix-animation-input">
        <float_array id="mixamorig_Neck-Matrix-animation-input-array" count="49">

0.000000 0.033333 0.066667 0.100000 0.133333 0.166667 0.200000 0.233333 0.266667 0.300000 0.333333 0.366667 0.400000 0.433333 0.466667 0.500000
