<?xml version="1.0" encoding="utf-8"?>
<COLLADA xmlns="http://www.collada.org/2005/11/COLLADASchema" version="1.4.1">
  <asset>
    <contributor>
      <author>Mixamo</author>
      <authoring_tool>COLLADA Mixamo exporter</authoring_tool>
      <comments/>
    </contributor>
    <created>2025-11-14T05:17:17Z</created>
    <modified>2025-11-14T05:17:17Z</modified>
    <revision/>
    <title/>
    <unit meter="0.010000"/>
    <up_axis>Y_UP</up_axis>
  </asset>
  <library_animations>
    <animation id="mixamorig_Hips-anim" name="mixamorig_Hips">
      <source id="mixamorig_Hips-Matrix-animation-input">
        <float_array id="mixamorig_Hips-Matrix-animation-input-array" count="64">

0.000000 0.033333 0.066667 0.100000 0.133333 0.166667 0.200000 0.233333 0.266667 0.300000 0.333333 0.366667 0.400000 0.433333 0.466667 0.500000
0.533333 0.566667 0.600000 0.633333 0.666667 0.700000 0.733333 0.766667 0.800000 0.833333 0.866667 0.900000 0.933333 0.966667 1.000000 1.033333
1.066667 1.100000 1.133333 1.166667 1.200000 1.233333 1.266667 1.300000 1.333333 1.366667 1.400000 1.433333 1.466667 1.500000 1.533333 1.566667
1.600000 1.633333 1.666667 1.700000 1.733333 1.766667 1.800000 1.833333 1.866667 1.900000 1.933333 1.966667 2.000000 2.033333 2.066667 2.100000</float_array>
        <technique_common>
          <accessor source="#mixamorig_Hips-Matrix-animation-input-array" count="64">
            <param name="TIME" type="float"/>
          </accessor>
        </technique_common>
      </source>
      <source id="mixamorig_Hips-Matrix-animation-output-transform">
        <float_array id="mixamorig_Hips-Matrix-animation-output-transform-array" count="1024">

0.522569 -0.060166 -0.850471 0.204936 0.069742 0.997181 -0.027692 100.640846 0.849740 -0.044842 0.525292 -0.652182 0.000000 0.000000 0.000000 1.000000
0.506257 -0.058410 -0.860402 0.085610 0.070506 0.997167 -0.026210 100.544624 0.859496 -0.047394 0.508941 -0.457942 0.000000 0.000000 0.000000 1.000000
0.479358 -0.055156 -0.875885 -0.141190 0.071169 0.997179 -0.023845 100.407120 0.874729 -0.050905 0.481931 -0.109604 0.000000 0.000000 0.000000 1.000000
0.426087 -0.047033 -0.903459 -0.780788 0.069676 0.997388 -0.019062 100.355804 0.901995 -0.054827 0.428251 0.710818 0.000000 0.000000 0.000000 1.000000
0.390331 -0.039063 -0.919846 -1.607690 0.065628 0.997738 -0.014521 100.665695 0.918333 -0.054700 0.392012 1.519336 0.000000 0.000000 0.000000 1.000000
0.391667 -0.035665 -0.919416 -2.446141 0.058170 0.998209 -0.013941 101.274399 0.918267 -0.048022 0.393040 2.177339 0.000000 0.000000 0.000000 1.000000
0.434775 -0.042731 -0.899525 -3.248096 0.045469 0.998641 -0.025463 102.148857 0.899391 -0.029830 0.436127 2.750175 0.000000 0.000000 0.000000 1.000000
0.509092 -0.062583 -0.858434 -4.075985 0.039490 0.998001 -0.049338 103.058426 0.859805 -0.008782 0.510546 3.314802 0.000000 0.000000 0.000000 1.000000
0.604487 -0.082823 -0.792298 -4.748000 0.047846 0.996560 -0.067671 103.693954 0.795177 0.002997 0.606370 3.900891 0.000000 0.000000 0.000000 1.000000
0.703192 -0.095208 -0.704597 -5.211974 0.062478 0.995435 -0.072154 103.753922 0.708250 0.006716 0.705930 4.653478 0.000000 0.000000 0.000000 1.000000
0.800131 -0.096301 -0.592045 -5.732814 0.070774 0.995290 -0.066244 103.022102 0.595636 0.011103 0.803178 5.708118 0.000000 0.000000 0.000000 1.000000
0.898838 -0.084349 -0.430089 -6.662632 0.069264 0.996312 -0.050643 101.700455 0.432774 0.015730 0.901365 7.032923 0.000000 0.000000 0.000000 1.000000
0.973990 -0.069375 -0.215710 -7.816558 0.064802 0.997499 -0.028208 99.831924 0.217128 0.013496 0.976050 8.452275 0.000000 0.000000 0.000000 1.000000
0.998213 -0.059351 0.006974 -8.682471 0.059382 0.998226 -0.004382 97.318298 -0.006702 0.004788 0.999966 9.791850 0.000000 0.000000 0.000000 1.000000
0.979983 -0.054588 0.191450 -9.070364 0.052910 0.998503 0.013868 94.553581 -0.191920 -0.003461 0.981404 10.916758 0.000000 0.000000 0.000000 1.000000
0.941486 -0.055653 0.332424 -9.252051 0.047977 0.998359 0.031261 92.010048 -0.333619 -0.013483 0.942612 11.778687 0.000000 0.000000 0.000000 1.000000
0.900906 -0.068412 0.428588 -9.297438 0.048263 0.997166 0.057720 89.691040 -0.431322 -0.031316 0.901654 12.015850 0.000000 0.000000 0.000000 1.000000
0.875760 -0.094048 0.473497 -9.314653 0.058732 0.994311 0.088865 87.574448 -0.479160 -0.050015 0.876301 11.326786 0.000000 0.000000 0.000000 1.000000
0.851985 -0.116848 0.510361 -9.619857 0.071365 0.991598 0.107892 85.709732 -0.518680 -0.055500 0.853165 10.374578 0.000000 0.000000 0.000000 1.000000
0.811825 -0.127999 0.569699 -10.294241 0.078301 0.990729 0.111017 84.276779 -0.578627 -0.045518 0.814321 9.716406 0.000000 0.000000 0.000000 1.000000
0.762329 -0.136940 0.632535 -11.103143 0.084255 0.990040 0.112795 83.261055 -0.641681 -0.032693 0.766274 9.140861 0.000000 0.000000 0.000000 1.000000
0.712291 -0.140735 0.687631 -12.052334 0.086521 0.989825 0.112960 82.538658 -0.696531 -0.020965 0.717220 8.613035 0.000000 0.000000 0.000000 1.000000
0.659814 -0.137954 0.738657 -13.028708 0.087194 0.990419 0.107088 82.144310 -0.746353 -0.006252 0.665521 8.331541 0.000000 0.000000 0.000000 1.000000
0.602847 -0.134170 0.786495 -13.929216 0.090089 0.990902 0.099988 81.924881 -0.792754 0.010577 0.609449 8.246625 0.000000 0.000000 0.000000 1.000000
0.548800 -0.128939 0.825950 -14.705254 0.090779 0.991382 0.094447 81.827522 -0.831010 0.023146 0.555775 8.249182 0.000000 0.000000 0.000000 1.000000
0.504482 -0.121776 0.854791 -15.281540 0.089779 0.992036 0.088343 81.832069 -0.858742 0.032175 0.511398 8.260431 0.000000 0.000000 0.000000 1.000000
0.474613 -0.112050 0.873033 -15.655518 0.092376 0.992727 0.077193 81.911156 -0.875334 0.044011 0.481512 8.362844 0.000000 0.000000 0.000000 1.000000
0.460404 -0.101122 0.881931 -15.913670 0.096633 0.993296 0.063445 82.037498 -0.882434 0.056013 0.467089 8.573796 0.000000 0.000000 0.000000 1.000000
0.456867 -0.093511 0.884606 -16.080971 0.099931 0.993559 0.053418 82.197899 -0.883904 0.063994 0.463269 8.841814 0.000000 0.000000 0.000000 1.000000
0.462409 -0.087811 0.882308 -16.115765 0.101643 0.993774 0.045634 82.465485 -0.880821 0.068579 0.468455 9.152992 0.000000 0.000000 0.000000 1.000000
0.479848 -0.083263 0.873392 -16.050573 0.099311 0.994243 0.040222 82.899628 -0.871713 0.067436 0.485354 9.398300 0.000000 0.000000 0.000000 1.000000
0.512428 -0.078397 0.855144 -15.907240 0.095893 0.994820 0.033740 83.536575 -0.853359 0.064713 0.517291 9.556575 0.000000 0.000000 0.000000 1.000000
0.555937 -0.070112 0.828262 -15.687134 0.090768 0.995598 0.023352 84.448326 -0.826254 0.062198 0.559854 9.651397 0.000000 0.000000 0.000000 1.000000
0.606046 -0.059790 0.793179 -15.390018 0.084483 0.996369 0.010555 85.661766 -0.790930 0.060613 0.608897 9.654101 0.000000 0.000000 0.000000 1.000000
0.661362 -0.048812 0.748477 -14.987389 0.079955 0.996782 -0.005644 87.169952 -0.745793 0.063577 0.663137 9.554875 0.000000 0.000000 0.000000 1.000000
0.723278 -0.036318 0.689602 -14.502001 0.075204 0.996819 -0.026379 88.904861 -0.686450 0.070940 0.723708 9.392609 0.000000 0.000000 0.000000 1.000000
0.793458 -0.023055 0.608188 -13.894911 0.065850 0.996668 -0.048128 90.820450 -0.605052 0.078236 0.792332 9.154545 0.000000 0.000000 0.000000 1.000000
0.860917 -0.015027 0.508524 -13.067827 0.059891 0.995607 -0.071974 92.770660 -0.505209 0.092419 0.858034 8.967276 0.000000 0.000000 0.000000 1.000000
0.917469 -0.014641 0.397539 -12.101954 0.055020 0.994388 -0.090357 94.671814 -0.393985 0.104772 0.913126 8.991615 0.000000 0.000000 0.000000 1.000000
0.961671 -0.018152 0.273604 -11.137237 0.046212 0.994263 -0.096464 96.395050 -0.270283 0.105410 0.956993 9.025489 0.000000 0.000000 0.000000 1.000000
0.990460 -0.018978 0.136485 -10.132085 0.032504 0.994698 -0.097567 97.830093 -0.133910 0.101073 0.985826 8.899661 0.000000 0.000000 0.000000 1.000000
0.999759 -0.019743 -0.009552 -8.972650 0.018668 0.994618 -0.101917 99.014954 0.011512 0.101714 0.994747 8.771858 0.000000 0.000000 0.000000 1.000000
0.987718 -0.019248 -0.155057 -7.719689 0.003555 0.994895 -0.100854 99.991730 0.156207 0.099064 0.982744 8.698865 0.000000 0.000000 0.000000 1.000000
0.956398 -0.021307 -0.291287 -6.585433 -0.006997 0.995377 -0.095785 100.782593 0.291982 0.093647 0.951828 8.648695 0.000000 0.000000 0.000000 1.000000
0.911911 -0.030997 -0.409215 -5.706285 -0.007638 0.995689 -0.092442 101.419006 0.410316 0.087424 0.907743 8.568188 0.000000 0.000000 0.000000 1.000000
0.858014 -0.034021 -0.512499 -5.037159 -0.010564 0.996424 -0.083831 101.945953 0.513518 0.077342 0.854586 8.298806 0.000000 0.000000 0.000000 1.000000
0.797983 -0.039542 -0.601381 -4.489245 -0.009258 0.996923 -0.077834 102.431755 0.602609 0.067678 0.795162 7.819516 0.000000 0.000000 0.000000 1.000000
0.737013 -0.046476 -0.674278 -4.033805 -0.005456 0.997191 -0.074697 102.712585 0.675856 0.058732 0.734690 7.136712 0.000000 0.000000 0.000000 1.000000
0.678585 -0.046684 -0.733037 -3.628353 -0.005862 0.997602 -0.068959 102.884537 0.734499 0.051092 0.676684 6.313521 0.000000 0.000000 0.000000 1.000000
0.631975 -0.041038 -0.773901 -3.215727 -0.006862 0.998262 -0.058539 103.128090 0.774958 0.042306 0.630595 5.478343 0.000000 0.000000 0.000000 1.000000
0.599393 -0.039976 -0.799456 -2.829605 -0.005435 0.998526 -0.054006 103.275406 0.800437 0.036715 0.598292 4.677737 0.000000 0.000000 0.000000 1.000000
0.571901 -0.041172 -0.819289 -2.470370 -0.002196 0.998659 -0.051719 103.402985 0.820320 0.031378 0.571044 3.918146 0.000000 0.000000 0.000000 1.000000
0.550230 -0.046013 -0.833745 -2.166362 0.004547 0.998631 -0.052112 103.532471 0.835001 0.024883 0.549686 3.235313 0.000000 0.000000 0.000000 1.000000
0.531766 -0.051873 -0.845301 -1.886852 0.012246 0.998489 -0.053570 103.661530 0.846803 0.018135 0.531598 2.612615 0.000000 0.000000 0.000000 1.000000
0.515895 -0.055771 -0.854834 -1.620704 0.019367 0.998383 -0.053448 103.800598 0.856433 0.011018 0.516141 2.129658 0.000000 0.000000 0.000000 1.000000
0.514113 -0.056901 -0.855833 -1.434113 0.024783 0.998366 -0.051490 103.551865 0.857365 0.005262 0.514683 1.831631 0.000000 0.000000 0.000000 1.000000
0.512847 -0.057911 -0.856524 -1.250720 0.030117 0.998322 -0.049466 103.287537 0.857951 -0.000428 0.513731 1.541040 0.000000 0.000000 0.000000 1.000000
0.511987 -0.058831 -0.856976 -1.069887 0.035396 0.998249 -0.047383 103.010742 0.858264 -0.006074 0.513173 1.256399 0.000000 0.000000 0.000000 1.000000
0.511418 -0.059687 -0.857257 -0.890974 0.040640 0.998149 -0.045252 102.724579 0.858371 -0.011696 0.512896 0.976220 0.000000 0.000000 0.000000 1.000000
0.511025 -0.060503 -0.857434 -0.713340 0.045865 0.998018 -0.043088 102.432190 0.858341 -0.017307 0.512787 0.699016 0.000000 0.000000 0.000000 1.000000
0.510695 -0.061299 -0.857574 -0.536346 0.051081 0.997856 -0.040907 102.136681 0.858243 -0.022915 0.512732 0.423299 0.000000 0.000000 0.000000 1.000000
0.510312 -0.062093 -0.857745 -0.359353 0.056296 0.997663 -0.038729 101.841164 0.858145 -0.028524 0.512615 0.147583 0.000000 0.000000 0.000000 1.000000
0.509760 -0.062899 -0.858014 -0.181719 0.061510 0.997436 -0.036575 101.548759 0.858115 -0.034132 0.512322 -0.129622 0.000000 0.000000 0.000000 1.000000
0.508923 -0.063728 -0.858450 -0.002806 0.066720 0.997176 -0.034472 101.262604 0.858222 -0.039733 0.511738 -0.409801 0.000000 0.000000 0.000000 1.000000</float_array>
        <technique_common>
          <accessor source="#mixamorig_Hips-Matrix-animation-output-transform-array" count="64" stride="16">
            <param type="float4x4"/>
          </accessor>
        </technique_common>
      </source>
      <source id="mixamorig_Hips-Interpolations">
        <Name_array id="mixamorig_Hips-Interpolations-array" count="64">
 LINEAR LINEAR LINEAR LINEAR LINEAR LINEAR LINEAR LINEAR LINEAR LINEAR LINEAR
LINEAR LINEAR LINEAR LINEAR LINEAR LINEAR LINEAR LINEAR LINEAR LINEAR LINEAR LINEAR
LINEAR LINEAR LINEAR LINEAR LINEAR LINEAR LINEAR LINEAR LINEAR LINEAR LINEAR LINEAR
LINEAR LINEAR LINEAR LINEAR LINEAR LINEAR LINEAR LINEAR LINEAR LINEAR LINEAR LINEAR
LINEAR LINEAR LINEAR LINEAR LINEAR LINEAR LINEAR LINEAR LINEAR LINEAR LINEAR LINEAR
LINEAR LINEAR LINEAR LINEAR LINEAR</Name_array>
        <technique_common>
          <accessor source="#mixamorig_Hips-Interpolations-array" count="64">
            <param type="name"/>
          </accessor>
        </technique_common>
      </source>
      <sampler id="mixamorig_Hips-Matrix-animation-transform">
        <input semantic="INPUT" source="#mixamorig_Hips-Matrix-animation-input"/>
        <input semantic="OUTPUT" source="#mixamorig_Hips-Matrix-animation-output-transform"/>
        <input semantic="INTERPOLATION" source="#mixamorig_Hips-Interpolations"/>
      </sampler>
      <channel source="#mixamorig_Hips-Matrix-animation-transform" target="mixamorig_Hips/matrix"/>
    </animation>
    <animation id="mixamorig_Spine-anim" name="mixamorig_Spine">
      <source id="mixamorig_Spine-Matrix-animation-input">
        <float_array id="mixamorig_Spine-Matrix-animation-input-array" count="64">

0.000000 0.033333 0.066667 0.100000 0.133333 0.166667 0.200000 0.233333 0.266667 0.300000 0.333333 0.366667 0.400000 0.433333 0.466667 0.500000
0.533333 0.566667 0.600000 0.633333 0.666667 0.700000 0.733333 0.766667 0.800000 0.833333 0.866667 0.900000 0.933333 0.966667 1.000000 1.033333
1.066667 1.100000 1.133333 1.166667 1.200000 1.233333 1.266667 1.300000 1.333333 1.366667 1.400000 1.433333 1.466667 1.500000 1.533333 1.566667
1.600000 1.633333 1.666667 1.700000 1.733333 1.766667 1.800000 1.833333 1.866667 1.900000 1.933333 1.966667 2.000000 2.033333 2.066667 2.100000</float_array>
        <technique_common>
          <accessor source="#mixamorig_Spine-Matrix-animation-input-array" count="64">
            <param name="TIME" type="float"/>
          </accessor>
        </technique_common>
      </source>
      <source id="mixamorig_Spine-Matrix-animation-output-transform">
        <float_array id="mixamorig_Spine-Matrix-animation-output-transform-array" count="1024">

0.998816 0.048625 0.001208 0.000000 -0.047275 0.976313 -0.211137 8.536500 -0.011446 0.210830 0.977456 0.187100 0.000000 0.000000 0.000000 1.000000
0.998854 0.047858 0.000937 0.000000 -0.046597 0.976634 -0.209797 8.536500 -0.010955 0.209513 0.977745 0.187100 0.000000 0.000000 0.000000 1.000000
0.998919 0.046492 -0.000161 0.000000 -0.045497 0.976802 -0.209256 8.536500 -0.009572 0.209037 0.977861 0.187100 0.000000 0.000000 0.000000 1.000000
0.999069 0.042870 -0.004884 0.000000 -0.042953 0.977436 -0.206821 8.536500 -0.004093 0.206838 0.978367 0.187100 0.000000 0.000000 0.000000 1.000000
0.999250 0.036893 -0.011787 0.000000 -0.038525 0.978125 -0.204421 8.536500 0.003988 0.204721 0.978812 0.187100 0.000000 0.000000 0.000000 1.000000
0.999375 0.028083 -0.021464 0.000000 -0.031846 0.978855 -0.202059 8.536500 0.015336 0.202617 0.979138 0.187100 0.000000 0.000000 0.000000 1.000000
0.999346 0.016328 -0.032271 0.000000 -0.022445 0.979670 -0.199355 8.536500 0.028360 0.199949 0.979396 0.187100 0.000000 0.000000 0.000000 1.000000
0.999121 0.003998 -0.041728 -0.000000 -0.012068 0.980729 -0.195001 8.536500 0.040144 0.195334 0.979915 0.187100 0.000000 0.000000 0.000000 1.000000
0.998752 -0.004613 -0.049736 -0.000000 -0.004838 0.982111 -0.188239 8.536500 0.049714 0.188244 0.980863 0.187100 0.000000 0.000000 0.000000 1.000000
0.998623 -0.009472 -0.051599 0.000000 -0.000030 0.983463 -0.181108 8.536500 0.052461 0.180861 0.982109 0.187100 0.000000 0.000000 0.000000 1.000000
0.998764 -0.014899 -0.047422 0.000000 0.006430 0.984735 -0.173943 8.536500 0.049289 0.173423 0.983613 0.187100 0.000000 0.000000 0.000000 1.000000
0.998819 -0.023738 -0.042400 -0.000000 0.016463 0.986264 -0.164353 8.536500 0.045719 0.163461 0.985490 0.187100 0.000000 0.000000 0.000000 1.000000
0.998847 -0.031350 -0.036350 0.000000 0.025537 0.988265 -0.150600 8.536500 0.040645 0.149498 0.987926 0.187100 0.000000 0.000000 0.000000 1.000000
0.999149 -0.034341 -0.022867 -0.000000 0.030910 0.990170 -0.136409 8.536500 0.027327 0.135586 0.990389 0.187100 0.000000 0.000000 0.000000 1.000000
0.999430 -0.033671 -0.002285 -0.000000 0.033132 0.991790 -0.123507 8.536500 0.006425 0.123361 0.992341 0.187100 0.000000 0.000000 0.000000 1.000000
0.999485 -0.028309 0.015111 0.000000 0.029838 0.993146 -0.113011 8.536500 -0.011808 0.113404 0.993479 0.187100 0.000000 0.000000 0.000000 1.000000
0.999217 -0.024227 0.031281 0.000000 0.027558 0.993455 -0.110850 8.536500 -0.028391 0.111625 0.993345 0.187100 0.000000 0.000000 0.000000 1.000000
0.998230 -0.020119 0.055969 0.000000 0.026427 0.993088 -0.114354 8.536500 -0.053281 0.115631 0.991862 0.187100 0.000000 0.000000 0.000000 1.000000
0.996482 -0.012529 0.082862 0.000000 0.022152 0.992973 -0.116250 8.536500 -0.080823 0.117677 0.989757 0.187100 0.000000 0.000000 0.000000 1.000000
0.994816 -0.005527 0.101538 -0.000000 0.017535 0.992888 -0.117750 8.536500 -0.100165 0.118921 0.987838 0.187100 0.000000 0.000000 0.000000 1.000000
0.993209 -0.000350 0.116345 0.000000 0.014615 0.992449 -0.121785 8.536500 -0.115424 0.122658 0.985714 0.187100 0.000000 0.000000 0.000000 1.000000
0.991691 0.004487 0.128567 0.000000 0.011859 0.991948 -0.126093 8.536500 -0.128097 0.126570 0.983652 0.187100 0.000000 0.000000 0.000000 1.000000
0.990274 0.009762 0.138789 0.000000 0.008426 0.991496 -0.129860 8.536500 -0.138876 0.129767 0.981771 0.187100 0.000000 0.000000 0.000000 1.000000
0.989024 0.014694 0.147024 0.000000 0.005274 0.990898 -0.134513 8.536500 -0.147662 0.133812 0.979944 0.187100 0.000000 0.000000 0.000000 1.000000
0.988125 0.018049 0.152587 0.000000 0.003435 0.990234 -0.139374 8.536500 -0.153612 0.138243 0.978413 0.187100 0.000000 0.000000 0.000000 1.000000
0.987453 0.020032 0.156640 0.000000 0.002696 0.989639 -0.143554 8.536500 -0.157893 0.142175 0.977167 0.187100 0.000000 0.000000 0.000000 1.000000
0.986870 0.021766 0.160041 -0.000000 0.002043 0.989117 -0.147116 8.536500 -0.161501 0.145511 0.976086 0.187100 0.000000 0.000000 0.000000 1.000000
0.986348 0.023807 0.162947 -0.000000 0.001006 0.988605 -0.150528 8.536500 -0.164673 0.148637 0.975084 0.187100 0.000000 0.000000 0.000000 1.000000
0.985815 0.025343 0.165914 0.000000 0.000583 0.988011 -0.154381 8.536500 -0.167838 0.152288 0.973981 0.187100 0.000000 0.000000 0.000000 1.000000
0.985589 0.026009 0.167144 0.000000 0.000549 0.987612 -0.156915 8.536500 -0.169155 0.154745 0.973366 0.187100 0.000000 0.000000 0.000000 1.000000
0.985815 0.025543 0.165879 0.000000 0.001178 0.987273 -0.159029 8.536500 -0.167830 0.156968 0.973239 0.187100 0.000000 0.000000 0.000000 1.000000
0.986211 0.025615 0.163501 0.000000 0.001093 0.986920 -0.161209 8.536500 -0.165491 0.159164 0.973283 0.187100 0.000000 0.000000 0.000000 1.000000
0.986909 0.026173 0.159143 0.000000 -0.000042 0.986786 -0.162029 8.536500 -0.161281 0.159901 0.973869 0.187100 0.000000 0.000000 0.000000 1.000000
0.988100 0.025767 0.151641 0.000000 -0.000924 0.986844 -0.161670 8.536500 -0.153812 0.159606 0.975124 0.187100 0.000000 0.000000 0.000000 1.000000
0.989709 0.025372 0.140827 -0.000000 -0.002470 0.987038 -0.160469 8.536500 -0.143073 0.158470 0.976943 0.187100 0.000000 0.000000 0.000000 1.000000
0.991536 0.024908 0.127423 0.000000 -0.004408 0.987318 -0.158691 8.536500 -0.129760 0.156786 0.979071 0.187100 0.000000 0.000000 0.000000 1.000000
0.993095 0.024361 0.114752 0.000000 -0.006003 0.987472 -0.157678 8.536500 -0.117155 0.155900 0.980801 0.187100 0.000000 0.000000 0.000000 1.000000
0.994407 0.026247 0.102303 0.000000 -0.009948 0.987599 -0.156679 8.536500 -0.105147 0.154785 0.982337 0.187100 0.000000 0.000000 0.000000 1.000000
0.995709 0.028671 0.087991 0.000000 -0.014656 0.987653 -0.155970 8.536500 -0.091377 0.154011 0.983835 0.187100 0.000000 0.000000 0.000000 1.000000
0.996899 0.030767 0.072429 -0.000000 -0.019055 0.987389 -0.157165 8.536500 -0.076351 0.155297 0.984913 0.187100 0.000000 0.000000 0.000000 1.000000
0.997733 0.032547 0.058910 -0.000000 -0.022773 0.986924 -0.159568 8.536500 -0.063333 0.157864 0.985428 0.187100 0.000000 0.000000 0.000000 1.000000
0.998102 0.034470 0.051037 0.000000 -0.025839 0.986613 -0.161021 8.536500 -0.055904 0.159396 0.985631 0.187100 0.000000 0.000000 0.000000 1.000000
0.998280 0.035162 0.046902 0.000000 -0.027076 0.986242 -0.163078 8.536500 -0.051990 0.161528 0.985498 0.187100 0.000000 0.000000 0.000000 1.000000
0.998417 0.036515 0.042787 -0.000000 -0.028981 0.985854 -0.165085 8.536500 -0.048210 0.163583 0.985351 0.187100 0.000000 0.000000 0.000000 1.000000
0.998502 0.039587 0.037775 -0.000000 -0.032789 0.985558 -0.166136 8.536500 -0.043806 0.164648 0.985379 0.187100 0.000000 0.000000 0.000000 1.000000
0.998598 0.041406 0.032974 0.000000 -0.035270 0.985022 -0.168783 8.536500 -0.039469 0.167384 0.985101 0.187100 0.000000 0.000000 0.000000 1.000000
0.998685 0.042954 0.027973 -0.000000 -0.037526 0.984408 -0.171852 8.536500 -0.034919 0.170576 0.984726 0.187100 0.000000 0.000000 0.000000 1.000000
0.998760 0.044141 0.023023 0.000000 -0.039434 0.983719 -0.175331 8.536500 -0.030388 0.174206 0.984240 0.187100 0.000000 0.000000 0.000000 1.000000
0.998839 0.044290 0.018935 0.000000 -0.040167 0.982834 -0.180066 8.536500 -0.026585 0.179097 0.983472 0.187100 0.000000 0.000000 0.000000 1.000000
0.998960 0.043320 0.014193 0.000000 -0.039949 0.981891 -0.185186 8.536500 -0.021959 0.184426 0.982601 0.187100 0.000000 0.000000 0.000000 1.000000
0.999081 0.041728 0.009768 0.000000 -0.039141 0.981282 -0.188558 8.536500 -0.017453 0.188002 0.982014 0.187100 0.000000 0.000000 0.000000 1.000000
0.999167 0.040379 0.005957 0.000000 -0.038494 0.980758 -0.191396 8.536500 -0.013571 0.191007 0.981495 0.187100 0.000000 0.000000 0.000000 1.000000
0.999190 0.040076 0.003535 0.000000 -0.038631 0.980274 -0.193830 8.536500 -0.011233 0.193536 0.981029 0.187100 0.000000 0.000000 0.000000 1.000000
0.999193 0.040125 0.001765 0.000000 -0.039001 0.979832 -0.195978 8.536500 -0.009593 0.195751 0.980607 0.187100 0.000000 0.000000 0.000000 1.000000
0.999196 0.040079 0.000565 0.000000 -0.039175 0.979460 -0.197794 8.536500 -0.008481 0.197613 0.980243 0.187100 0.000000 0.000000 0.000000 1.000000
0.999162 0.040924 0.000468 0.000000 -0.040011 0.979150 -0.199160 8.536500 -0.008609 0.198974 0.979967 0.187100 0.000000 0.000000 0.000000 1.000000
0.999126 0.041806 0.000413 0.000000 -0.040874 0.978839 -0.200507 8.536500 -0.008786 0.200315 0.979692 0.187100 0.000000 0.000000 0.000000 1.000000
0.999087 0.042715 0.000390 0.000000 -0.041758 0.978528 -0.201840 8.536500 -0.009004 0.201640 0.979418 0.187100 0.000000 0.000000 0.000000 1.000000
0.999047 0.043647 0.000392 0.000000 -0.042657 0.978216 -0.203162 8.536500 -0.009251 0.202951 0.979145 0.187100 0.000000 0.000000 0.000000 1.000000
0.999005 0.044593 0.000409 0.000000 -0.043567 0.977902 -0.204476 8.536500 -0.009519 0.204255 0.978871 0.187100 0.000000 0.000000 0.000000 1.000000
0.998962 0.045547 0.000433 -0.000000 -0.044483 0.977585 -0.205787 8.536500 -0.009796 0.205554 0.978597 0.187100 0.000000 0.000000 0.000000 1.000000
0.998918 0.046500 0.000454 0.000000 -0.045398 0.977266 -0.207097 8.536500 -0.010073 0.206852 0.978320 0.187100 0.000000 0.000000 0.000000 1.000000
0.998874 0.047447 0.000463 0.000000 -0.046309 0.976944 -0.208411 8.536500 -0.010341 0.208155 0.978041 0.187100 0.000000 0.000000 0.000000 1.000000
0.998829 0.048379 0.000452 0.000000 -0.047208 0.976619 -0.209731 8.536500 -0.010588 0.209464 0.977759 0.187100 0.000000 0.000000 0.000000 1.000000</float_array>
        <technique_common>
          <accessor source="#mixamorig_Spine-Matrix-animation-output-transform-array" count="64" stride="16">
            <param type="float4x4"/>
          </accessor>
        </technique_common>
      </source>
      <source id="mixamorig_Spine-Interpolations">
        <Name_array id="mixamorig_Spine-Interpolations-array" count="64">
 LINEAR LINEAR LINEAR LINEAR LINEAR LINEAR LINEAR LINEAR LINEAR LINEAR LINEAR
LINEAR LINEAR LINEAR LINEAR LINEAR LINEAR LINEAR LINEAR LINEAR LINEAR LINEAR LINEAR
LINEAR LINEAR LINEAR LINEAR LINEAR LINEAR LINEAR LINEAR LINEAR LINEAR LINEAR LINEAR
LINEAR LINEAR LINEAR LINEAR LINEAR LINEAR LINEAR LINEAR LINEAR LINEAR LINEAR LINEAR
LINEAR LINEAR LINEAR LINEAR LINEAR LINEAR LINEAR LINEAR LINEAR LINEAR LINEAR LINEAR
LINEAR LINEAR LINEAR LINEAR LINEAR</Name_array>
        <technique_common>
          <accessor source="#mixamorig_Spine-Interpolations-array" count="64">
            <param type="name"/>
          </accessor>
        </technique_common>
      </source>
      <sampler id="mixamorig_Spine-Matrix-animation-transform">
        <input semantic="INPUT" source="#mixamorig_Spine-Matrix-animation-input"/>
        <input semantic="OUTPUT" source="#mixamorig_Spine-Matrix-animation-output-transform"/>
        <input semantic="INTERPOLATION" source="#mixamorig_Spine-Interpolations"/>
      </sampler>
      <channel source="#mixamorig_Spine-Matrix-animation-transform" target="mixamorig_Spine/matrix"/>
    </animation>
    <animation id="mixamorig_Spine1-anim" name="mixamorig_Spine1">
      <source id="mixamorig_Spine1-Matrix-animation-input">
        <float_array id="mixamorig_Spine1-Matrix-animation-input-array" count="64">

0.000000 0.033333 0.066667 0.100000 0.133333 0.166667 0.200000 0.233333 0.266667 0.300000 0.333333 0.366667 0.400000 0.433333 0.466667 0.500000
0.533333 0.566667 0.600000 0.633333 0.666667 0.700000 0.733333 0.766667 0.800000 0.833333 0.866667 0.900000 0.933333 0.966667 1.000000 1.033333
1.066667 1.100000 1.133333 1.166667 1.200000 1.233333 1.266667 1.300000 1.333333 1.366667 1.400000 1.433333 1.466667 1.500000 1.533333 1.566667
1.600000 1.633333 1.666667 1.700000 1.733333 1.766667 1.800000 1.833333 1.866667 1.900000 1.933333 1.966667 2.000000 2.033333 2.066667 2.100000</float_array>
        <technique_common>
          <accessor source="#mixamorig_Spine1-Matrix-animation-input-array" count="64">
            <param name="TIME" type="float"/>
          </accessor>
        </technique_common>
      </source>
      <source id="mixamorig_Spine1-Matrix-animation-output-transform">
        <float_array id="mixamorig_Spine1-Matrix-animation-output-transform-array" count="1024">

0.995240 0.097445 -0.001098 0.000000 -0.096568 0.984646 -0.145419 9.685800 -0.013089 0.144833 0.989370 0.000000 0.000000 0.000000 0.000000 1.000000
0.995377 0.096029 -0.001560 -0.000000 -0.095268 0.985171 -0.142696 9.685800 -0.012166 0.142185 0.989765 0.000000 0.000000 0.000000 0.000000 1.000000
0.995616 0.093467 -0.003705 0.000000 -0.093048 0.985549 -0.141549 9.685800 -0.009578 0.141273 0.989924 0.000000 0.000000 0.000000 0.000000 1.000000
0.996180 0.086366 -0.012895 0.000000 -0.087319 0.986795 -0.136419 9.685800 0.000942 0.137024 0.990567 0.000000 0.000000 0.000000 0.000000 1.000000
0.996887 0.074346 -0.026256 0.000000 -0.077167 0.988330 -0.131336 9.685800 0.016185 0.132953 0.990990 0.000000 0.000000 0.000000 0.000000 1.000000
0.997400 0.056312 -0.044959 0.000000 -0.061595 0.990066 -0.126396 9.685800 0.037395 0.128837 0.990961 -0.000000 0.000000 0.000000 0.000000 1.000000
0.997319 0.032143 -0.065732 -0.000000 -0.039943 0.991846 -0.121021 9.685800 0.061306 0.123322 0.990471 0.000000 0.000000 0.000000 0.000000 1.000000
0.996460 0.006903 -0.083788 -0.000000 -0.016351 0.993504 -0.112613 9.685800 0.082466 0.113585 0.990100 0.000000 0.000000 0.000000 0.000000 1.000000
0.995016 -0.011102 -0.099097 0.000000 0.001202 0.995046 -0.099413 9.685800 0.099710 0.098799 0.990099 0.000000 0.000000 0.000000 0.000000 1.000000
0.994502 -0.022704 -0.102231 -0.000000 0.013962 0.996246 -0.085432 9.685800 0.103787 0.083535 0.991085 0.000000 0.000000 0.000000 0.000000 1.000000
0.995005 -0.033832 -0.093914 -0.000000 0.027185 0.997094 -0.071167 9.685800 0.096049 0.068258 0.993033 0.000000 0.000000 0.000000 0.000000 1.000000
0.995166 -0.050082 -0.084476 0.000000 0.045794 0.997599 -0.051960 9.685800 0.086876 0.047840 0.995070 0.000000 0.000000 0.000000 0.000000 1.000000
0.995272 -0.062817 -0.074084 0.000000 0.061181 0.997835 -0.024148 9.685800 0.075441 0.019501 0.996960 0.000000 0.000000 0.000000 0.000000 1.000000
0.996561 -0.066463 -0.049493 0.000000 0.066791 0.997755 0.004990 9.685800 0.049050 -0.008278 0.998762 0.000000 0.000000 0.000000 0.000000 1.000000
0.997910 -0.063684 -0.010952 0.000000 0.064002 0.997446 0.031700 9.685800 0.008905 -0.032335 0.999437 0.000000 0.000000 0.000000 0.000000 1.000000
0.998360 -0.053175 0.021224 0.000000 0.051985 0.997231 0.053184 9.685800 -0.023993 -0.051994 0.998359 0.000000 0.000000 0.000000 0.000000 1.000000
0.997626 -0.046088 0.051166 -0.000000 0.043121 0.997404 0.057663 9.685800 -0.053690 -0.055320 0.997024 0.000000 0.000000 0.000000 0.000000 1.000000
0.994365 -0.038830 0.098640 0.000000 0.033962 0.998143 0.050564 9.685800 -0.100420 -0.046929 0.993838 0.000000 0.000000 0.000000 0.000000 1.000000
0.988321 -0.023959 0.150494 0.000000 0.017215 0.998795 0.045962 9.685800 -0.151414 -0.042834 0.987542 -0.000000 0.000000 0.000000 0.000000 1.000000
0.982611 -0.010372 0.185387 0.000000 0.002642 0.999118 0.041898 9.685800 -0.185658 -0.040679 0.981772 -0.000000 0.000000 0.000000 0.000000 1.000000
0.977180 -0.000542 0.212411 -0.000000 -0.006592 0.999438 0.032875 9.685800 -0.212309 -0.033525 0.976627 0.000000 0.000000 0.000000 0.000000 1.000000
0.972051 0.008439 0.234620 0.000000 -0.014317 0.999625 0.023362 9.685800 -0.234335 -0.026068 0.971806 -0.000000 0.000000 0.000000 0.000000 1.000000
0.967264 0.018094 0.253127 0.000000 -0.022603 0.999633 0.014914 9.685800 -0.252765 -0.020147 0.967318 0.000000 0.000000 0.000000 0.000000 1.000000
0.963054 0.027359 0.267914 0.000000 -0.029718 0.999547 0.004753 9.685800 -0.267663 -0.012540 0.963431 0.000000 0.000000 0.000000 0.000000 1.000000
0.960037 0.033788 0.277828 0.000000 -0.033572 0.999421 -0.005535 9.685800 -0.277854 -0.004014 0.960615 -0.000000 0.000000 0.000000 0.000000 1.000000
0.957762 0.037619 0.285092 0.000000 -0.035012 0.999285 -0.014234 9.685800 -0.285424 0.003651 0.958394 0.000000 0.000000 0.000000 0.000000 1.000000
0.955787 0.040786 0.291217 -0.000000 -0.036052 0.999116 -0.021608 9.685800 -0.291841 0.010154 0.956413 -0.000000 0.000000 0.000000 0.000000 1.000000
0.953952 0.044673 0.296613 0.000000 -0.037843 0.998871 -0.028733 9.685800 -0.297562 0.016185 0.954565 -0.000000 0.000000 0.000000 0.000000 1.000000
0.952004 0.048075 0.302287 -0.000000 -0.038753 0.998572 -0.036764 9.685800 -0.303623 0.023285 0.952508 0.000000 0.000000 0.000000 0.000000 1.000000
0.951081 0.049886 0.304887 -0.000000 -0.038899 0.998360 -0.042009 9.685800 -0.306483 0.028094 0.951462 0.000000 0.000000 0.000000 0.000000 1.000000
0.951707 0.049429 0.303002 0.000000 -0.037166 0.998245 -0.046108 9.685800 -0.304749 0.032620 0.951874 0.000000 0.000000 0.000000 0.000000 1.000000
0.952900 0.050246 0.299095 -0.000000 -0.036802 0.998050 -0.050415 9.685800 -0.301045 0.037033 0.952891 0.000000 0.000000 0.000000 0.000000 1.000000
0.955097 0.051855 0.291721 0.000000 -0.038298 0.997913 -0.051996 9.685800 -0.293808 0.038489 0.955089 0.000000 0.000000 0.000000 0.000000 1.000000
0.959018 0.051319 0.278660 0.000000 -0.038611 0.997957 -0.050904 9.685800 -0.280703 0.038058 0.959040 0.000000 0.000000 0.000000 0.000000 1.000000
0.964408 0.050683 0.259515 0.000000 -0.039545 0.998066 -0.047965 9.685800 -0.261444 0.035995 0.964547 0.000000 0.000000 0.000000 0.000000 1.000000
0.970579 0.050009 0.235534 0.000000 -0.040809 0.998208 -0.043776 9.685800 -0.237301 0.032876 0.970880 -0.000000 0.000000 0.000000 0.000000 1.000000
0.975743 0.049413 0.213271 0.000000 -0.041553 0.998287 -0.041187 9.685800 -0.214941 0.031326 0.976125 -0.000000 0.000000 0.000000 0.000000 1.000000
0.980025 0.053743 0.191477 -0.000000 -0.047134 0.998131 -0.038906 9.685800 -0.193210 0.029104 0.980726 0.000000 0.000000 0.000000 0.000000 1.000000
0.984382 0.059200 0.165792 0.000000 -0.053759 0.997864 -0.037119 9.685800 -0.167635 0.027627 0.985462 0.000000 0.000000 0.000000 0.000000 1.000000
0.988526 0.063202 0.137190 0.000000 -0.058375 0.997535 -0.038927 9.685800 -0.139312 0.030472 0.989780 0.000000 0.000000 0.000000 0.000000 1.000000
0.991548 0.065114 0.112214 0.000000 -0.060606 0.997230 -0.043128 9.685800 -0.114712 0.035962 0.992748 0.000000 0.000000 0.000000 0.000000 1.000000
0.992878 0.067511 0.098157 -0.000000 -0.063267 0.996948 -0.045733 9.685800 -0.100945 0.039198 0.994120 0.000000 0.000000 0.000000 0.000000 1.000000
0.993512 0.067897 0.091239 0.000000 -0.063554 0.996740 -0.049699 9.685800 -0.094316 0.043578 0.994588 -0.000000 0.000000 0.000000 0.000000 1.000000
0.994027 0.069779 0.083913 -0.000000 -0.065421 0.996417 -0.053609 9.685800 -0.087353 0.047799 0.995030 -0.000000 0.000000 0.000000 0.000000 1.000000
0.994360 0.075674 0.074314 0.000000 -0.071631 0.995878 -0.055649 9.685800 -0.078219 0.050012 0.995681 0.000000 0.000000 0.000000 0.000000 1.000000
0.994676 0.080174 0.064741 0.000000 -0.076253 0.995226 -0.060918 9.685800 -0.069316 0.055657 0.996041 0.000000 0.000000 0.000000 0.000000 1.000000
0.994947 0.084202 0.054687 0.000000 -0.080482 0.994502 -0.067002 9.685800 -0.060028 0.062262 0.996253 0.000000 0.000000 0.000000 0.000000 1.000000
0.995137 0.087852 0.044547 0.000000 -0.084416 0.993687 -0.073897 9.685800 -0.050758 0.069777 0.996270 0.000000 0.000000 0.000000 0.000000 1.000000
0.995387 0.088894 0.036105 0.000000 -0.085644 0.992836 -0.083321 9.685800 -0.043253 0.079844 0.995869 -0.000000 0.000000 0.000000 0.000000 1.000000
0.995845 0.087140 0.026441 0.000000 -0.084326 0.992045 -0.093462 9.685800 -0.034375 0.090844 0.995272 -0.000000 0.000000 0.000000 0.000000 1.000000
0.996311 0.084017 0.017502 0.000000 -0.081862 0.991606 -0.100077 9.685800 -0.025764 0.098275 0.994826 -0.000000 0.000000 0.000000 0.000000 1.000000
0.996641 0.081303 0.009817 0.000000 -0.079818 0.991194 -0.105659 9.685800 -0.018321 0.104521 0.994354 0.000000 0.000000 0.000000 0.000000 1.000000
0.996733 0.080614 0.004885 0.000000 -0.079583 0.990686 -0.110491 9.685800 -0.013747 0.109741 0.993865 0.000000 0.000000 0.000000 0.000000 1.000000
0.996744 0.080618 0.001250 0.000000 -0.079943 0.990170 -0.114769 9.685800 -0.010490 0.114296 0.993391 -0.000000 0.000000 0.000000 0.000000 1.000000
0.996753 0.080507 -0.001236 -0.000000 -0.080087 0.989732 -0.118396 9.685800 -0.008309 0.118111 0.992966 -0.000000 0.000000 0.000000 0.000000 1.000000
0.996616 0.082180 -0.001528 -0.000000 -0.081759 0.989261 -0.121156 9.685800 -0.008445 0.120871 0.992632 -0.000000 0.000000 0.000000 0.000000 1.000000
0.996471 0.083925 -0.001742 -0.000000 -0.083493 0.988778 -0.123880 9.685800 -0.008674 0.123588 0.992296 0.000000 0.000000 0.000000 0.000000 1.000000
0.996317 0.085727 -0.001895 0.000000 -0.085276 0.988285 -0.126575 9.685800 -0.008978 0.126270 0.991955 0.000000 0.000000 0.000000 0.000000 1.000000
0.996156 0.087572 -0.002006 0.000000 -0.087096 0.987780 -0.129249 9.685800 -0.009337 0.128926 0.991610 0.000000 0.000000 0.000000 0.000000 1.000000
0.995989 0.089446 -0.002091 0.000000 -0.088940 0.987264 -0.131908 9.685800 -0.009734 0.131565 0.991260 0.000000 0.000000 0.000000 0.000000 1.000000
0.995818 0.091335 -0.002169 0.000000 -0.090795 0.986737 -0.134559 9.685800 -0.010150 0.134193 0.990903 0.000000 0.000000 0.000000 0.000000 1.000000
0.995643 0.093224 -0.002257 0.000000 -0.092651 0.986199 -0.137210 9.685800 -0.010565 0.136821 0.990539 0.000000 0.000000 0.000000 0.000000 1.000000
0.995465 0.095097 -0.002373 0.000000 -0.094493 0.985651 -0.139866 9.685800 -0.010962 0.139456 0.990168 0.000000 0.000000 0.000000 0.000000 1.000000
0.995287 0.096941 -0.002533 0.000000 -0.096311 0.985093 -0.142535 9.685800 -0.011322 0.142107 0.989787 0.000000 0.000000 0.000000 0.000000 1.000000</float_array>
        <technique_common>
          <accessor source="#mixamorig_Spine1-Matrix-animation-output-transform-array" count="64" stride="16">
            <param type="float4x4"/>
          </accessor>
        </technique_common>
      </source>
      <source id="mixamorig_Spine1-Interpolations">
        <Name_array id="mixamorig_Spine1-Interpolations-array" count="64">
 LINEAR LINEAR LINEAR LINEAR LINEAR LINEAR LINEAR LINEAR LINEAR LINEAR LINEAR
LINEAR LINEAR LINEAR LINEAR LINEAR LINEAR LINEAR LINEAR LINEAR LINEAR LINEAR LINEAR
LINEAR LINEAR LINEAR LINEAR LINEAR LINEAR LINEAR LINEAR LINEAR LINEAR LINEAR LINEAR
LINEAR LINEAR LINEAR LINEAR LINEAR LINEAR LINEAR LINEAR LINEAR LINEAR LINEAR LINEAR
LINEAR LINEAR LINEAR LINEAR LINEAR LINEAR LINEAR LINEAR LINEAR LINEAR LINEAR LINEAR
LINEAR LINEAR LINEAR LINEAR LINEAR</Name_array>
        <technique_common>
          <accessor source="#mixamorig_Spine1-Interpolations-array" count="64">
            <param type="name"/>
          </accessor>
        </technique_common>
      </source>
      <sampler id="mixamorig_Spine1-Matrix-animation-transform">
        <input semantic="INPUT" source="#mixamorig_Spine1-Matrix-animation-input"/>
        <input semantic="OUTPUT" source="#mixamorig_Spine1-Matrix-animation-output-transform"/>
        <input semantic="INTERPOLATION" source="#mixamorig_Spine1-Interpolations"/>
      </sampler>
      <channel source="#mixamorig_Spine1-Matrix-animation-transform" target="mixamorig_Spine1/matrix"/>
    </animation>
    <animation id="mixamorig_Spine2-anim" name="mixamorig_Spine2">
      <source id="mixamorig_Spine2-Matrix-animation-input">
        <float_array id="mixamorig_Spine2-Matrix-animation-input-array" count="64">

0.000000 0.033333 0.066667 0.100000 0.133333 0.166667 0.200000 0.233333 0.266667 0.300000 0.333333 0.366667 0.400000 0.433333 0.466667 0.500000
0.533333 0.566667 0.600000 0.633333 0.666667 0.700000 0.733333 0.766667 0.800000 0.833333 0.866667 0.900000 0.933333 0.966667 1.000000 1.033333
1.066667 1.100000 1.133333 1.166667 1.200000 1.233333 1.266667 1.300000 1.333333 1.366667 1.400000 1.433333 1.466667 1.500000 1.533333 1.566667
1.600000 1.633333 1.666667 1.700000 1.733333 1.766667 1.800000 1.833333 1.866667 1.900000 1.933333 1.966667 2.000000 2.033333 2.066667 2.100000</float_array>
        <technique_common>
          <accessor source="#mixamorig_Spine2-Matrix-animation-input-array" count="64">
            <param name="TIME" type="float"/>
          </accessor>
        </technique_common>
      </source>
      <source id="mixamorig_Spine2-Matrix-animation-output-transform">
        <float_array id="mixamorig_Spine2-Matrix-animation-output-transform-array" count="1024">

0.995241 0.097442 0.000486 -0.000000 -0.096539 0.986672 -0.130994 15.875400 -0.013244 0.130324 0.991383 0.000000 0.000000 0.000000 0.000000 1.000000
0.995378 0.096033 0.000001 0.000000 -0.095240 0.987156 -0.128264 15.875400 -0.012318 0.127671 0.991740 -0.000000 0.000000 0.000000 0.000000 1.000000
0.995616 0.093506 -0.002185 -0.000000 -0.093025 0.987517 -0.127111 15.875400 -0.009728 0.126757 0.991886 0.000000 0.000000 0.000000 0.000000 1.000000
0.996181 0.086556 -0.011490 0.000000 -0.087312 0.988687 -0.121963 15.875400 0.000804 0.122500 0.992468 0.000000 0.000000 0.000000 0.000000 1.000000
0.996887 0.074755 -0.025043 0.000000 -0.077185 0.990145 -0.116856 15.875400 0.016061 0.118425 0.992833 0.000000 0.000000 0.000000 0.000000 1.000000
0.997401 0.057026 -0.044036 0.000000 -0.061647 0.991807 -0.111888 15.875400 0.037294 0.114312 0.992745 0.000000 0.000000 0.000000 0.000000 1.000000
0.997320 0.033197 -0.065198 0.000000 -0.040032 0.993508 -0.106484 15.875400 0.061240 0.108809 0.992175 0.000000 0.000000 0.000000 0.000000 1.000000
0.996460 0.008254 -0.083661 -0.000000 -0.016474 0.995045 -0.098050 15.875400 0.082438 0.099081 0.991659 0.000000 0.000000 0.000000 0.000000 1.000000
0.995016 -0.009501 -0.099262 0.000000 0.001052 0.996395 -0.084827 15.875400 0.099710 0.084300 0.991439 0.000000 0.000000 0.000000 0.000000 1.000000
0.994502 -0.021050 -0.102584 -0.000000 0.013805 0.997393 -0.070829 15.875400 0.103808 0.069023 0.992199 0.000000 0.000000 0.000000 0.000000 1.000000
0.995005 -0.032311 -0.094449 0.000000 0.027041 0.998033 -0.056555 15.875400 0.096090 0.053718 0.993922 0.000000 0.000000 0.000000 0.000000 1.000000
