<?xml version="1.0" encoding="utf-8"?>
<COLLADA xmlns="http://www.collada.org/2005/11/COLLADASchema" version="1.4.1">
  <asset>
    <contributor>
      <author>Mixamo</author>
      <authoring_tool>COLLADA Mixamo exporter</authoring_tool>
      <comments/>
    </contributor>
    <created>2025-11-14T09:20:04Z</created>
    <modified>2025-11-14T09:20:04Z</modified>
    <revision/>
    <title/>
    <unit meter="0.010000"/>
    <up_axis>Y_UP</up_axis>
  </asset>
  <library_animations>
    <animation id="mixamorig_Hips-anim" name="mixamorig_Hips">
      <source id="mixamorig_Hips-Matrix-animation-input">
        <float_array id="mixamorig_Hips-Matrix-animation-input-array" count="57">

0.000000 0.033333 0.066667 0.100000 0.133333 0.166667 0.200000 0.233333 0.266667 0.300000 0.333333 0.366667 0.400000 0.433333 0.466667 0.500000
0.533333 0.566667 0.600000 0.633333 0.666667 0.700000 0.733333 0.766667 0.800000 0.833333 0.866667 0.900000 0.933333 0.966667 1.000000 1.033333
1.066667 1.100000 1.133333 1.166667 1.200000 1.233333 1.266667 1.300000 1.333333 1.366667 1.400000 1.433333 1.466667 1.500000 1.533333 1.566667
1.600000 1.633333 1.666667 1.700000 1.733333 1.766667 1.800000 1.833333 1.866667</float_array>
        <technique_common>
          <accessor source="#mixamorig_Hips-Matrix-animation-input-array" count="57">
            <param name="TIME" type="float"/>
          </accessor>
        </technique_common>
      </source>
      <source id="mixamorig_Hips-Matrix-animation-output-transform">
        <float_array id="mixamorig_Hips-Matrix-animation-output-transform-array" count="912">

0.522569 -0.060166 -0.850471 0.204936 0.069742 0.997181 -0.027692 100.640846 0.849740 -0.044842 0.525292 -0.652182 0.000000 0.000000 0.000000 1.000000
0.523269 -0.059784 -0.850068 0.188153 0.069259 0.997220 -0.027499 100.480713 0.849348 -0.044485 0.525955 -0.762313 0.000000 0.000000 0.000000 1.000000
0.524690 -0.059142 -0.849237 0.136788 0.067631 0.997327 -0.027671 100.277733 0.848603 -0.042916 0.527287 -0.902999 0.000000 0.000000 0.000000 1.000000
0.526579 -0.058536 -0.848108 0.029898 0.064281 0.997512 -0.028936 100.047012 0.847692 -0.039280 0.529032 -1.089757 0.000000 0.000000 0.000000 1.000000
0.528532 -0.057850 -0.846940 -0.104345 0.060446 0.997708 -0.030427 99.790924 0.846759 -0.035113 0.530817 -1.298693 0.000000 0.000000 0.000000 1.000000
0.530477 -0.056704 -0.845801 -0.259881 0.056440 0.997909 -0.031503 99.512611 0.845818 -0.031026 0.532568 -1.528808 0.000000 0.000000 0.000000 1.000000
0.532533 -0.055200 -0.844607 -0.437006 0.052201 0.998113 -0.032320 99.216278 0.844798 -0.026878 0.534410 -1.773388 0.000000 0.000000 0.000000 1.000000
0.534980 -0.053209 -0.843187 -0.629972 0.047251 0.998337 -0.033019 98.907242 0.843542 -0.022177 0.536605 -2.021400 0.000000 0.000000 0.000000 1.000000
0.537738 -0.050748 -0.841584 -0.825477 0.042060 0.998559 -0.033339 98.585190 0.842062 -0.017470 0.539097 -2.266652 0.000000 0.000000 0.000000 1.000000
0.540802 -0.048278 -0.839763 -1.025351 0.037250 0.998747 -0.033429 98.252228 0.840324 -0.013202 0.541923 -2.511896 0.000000 0.000000 0.000000 1.000000
0.544317 -0.045321 -0.837654 -1.238253 0.032564 0.998928 -0.032886 97.918930 0.838247 -0.009377 0.545210 -2.765746 0.000000 0.000000 0.000000 1.000000
0.547867 -0.041545 -0.835533 -1.454054 0.027624 0.999120 -0.031565 97.588272 0.836109 -0.005788 0.548533 -3.022066 0.000000 0.000000 0.000000 1.000000
0.551007 -0.037783 -0.833645 -1.667118 0.022018 0.999285 -0.030738 97.262390 0.834210 -0.001418 0.551445 -3.261750 0.000000 0.000000 0.000000 1.000000
0.553975 -0.034076 -0.831836 -1.873119 0.016415 0.999415 -0.030009 96.944382 0.832371 0.002970 0.554210 -3.490375 0.000000 0.000000 0.000000 1.000000
0.557068 -0.029540 -0.829941 -2.065687 0.011684 0.999547 -0.027734 96.638390 0.830384 0.005753 0.557161 -3.720476 0.000000 0.000000 0.000000 1.000000
0.560269 -0.024218 -0.827957 -2.250693 0.006788 0.999673 -0.024648 96.348679 0.828283 0.008190 0.560250 -3.941799 0.000000 0.000000 0.000000 1.000000
0.563012 -0.018554 -0.826241 -2.430837 0.000633 0.999757 -0.022019 96.078926 0.826449 0.011874 0.562887 -4.142951 0.000000 0.000000 0.000000 1.000000
0.565362 -0.013509 -0.824733 -2.615318 -0.006421 0.999764 -0.020777 95.832962 0.824818 0.017043 0.565141 -4.315560 0.000000 0.000000 0.000000 1.000000
0.567932 -0.009622 -0.823019 -2.816719 -0.013572 0.999686 -0.021052 95.614784 0.822963 0.023126 0.567624 -4.455216 0.000000 0.000000 0.000000 1.000000
0.569992 -0.006063 -0.821628 -3.021281 -0.020685 0.999550 -0.021725 95.427231 0.821390 0.029378 0.569610 -4.570142 0.000000 0.000000 0.000000 1.000000
0.571330 -0.002253 -0.820717 -3.217431 -0.028330 0.999346 -0.022465 95.273254 0.820231 0.036086 0.570892 -4.657654 0.000000 0.000000 0.000000 1.000000
0.572517 0.001753 -0.819891 -3.407832 -0.036420 0.999065 -0.023295 95.157295 0.819083 0.043197 0.572046 -4.714852 0.000000 0.000000 0.000000 1.000000
0.573573 0.005430 -0.819137 -3.593214 -0.044249 0.998723 -0.024363 95.083839 0.817959 0.050220 0.573081 -4.746350 0.000000 0.000000 0.000000 1.000000
0.574643 0.008580 -0.818359 -3.763772 -0.051463 0.998345 -0.025670 95.056129 0.816785 0.056866 0.574133 -4.756403 0.000000 0.000000 0.000000 1.000000
0.576263 0.011385 -0.817185 -3.909871 -0.058020 0.997950 -0.027011 95.075645 0.815202 0.062978 0.575742 -4.742607 0.000000 0.000000 0.000000 1.000000
0.578310 0.013597 -0.815704 -4.036298 -0.063481 0.997579 -0.028378 95.148232 0.813344 0.068193 0.577773 -4.708754 0.000000 0.000000 0.000000 1.000000
0.580094 0.014661 -0.814417 -4.149388 -0.067412 0.997272 -0.030063 95.267548 0.811755 0.072341 0.579500 -4.650846 0.000000 0.000000 0.000000 1.000000
0.581208 0.014705 -0.813622 -4.241816 -0.070111 0.997024 -0.032064 95.428818 0.810729 0.075680 0.580510 -4.568761 0.000000 0.000000 0.000000 1.000000
0.581928 0.014541 -0.813110 -4.300586 -0.072093 0.996826 -0.033769 95.627251 0.810039 0.078271 0.581129 -4.466526 0.000000 0.000000 0.000000 1.000000
0.582587 0.014393 -0.812641 -4.326409 -0.073121 0.996717 -0.034768 95.859200 0.809473 0.079677 0.581727 -4.349198 0.000000 0.000000 0.000000 1.000000
0.583279 0.014098 -0.812150 -4.323579 -0.073203 0.996693 -0.035272 96.121063 0.808967 0.080025 0.582382 -4.216307 0.000000 0.000000 0.000000 1.000000
0.584041 0.013637 -0.811610 -4.290561 -0.072781 0.996711 -0.035627 96.408081 0.808455 0.079878 0.583112 -4.063879 0.000000 0.000000 0.000000 1.000000
0.584554 0.012808 -0.811254 -4.229382 -0.071696 0.996779 -0.035924 96.718742 0.808181 0.079163 0.583590 -3.895948 0.000000 0.000000 0.000000 1.000000
0.584663 0.011455 -0.811196 -4.142281 -0.069465 0.996935 -0.035989 97.044228 0.808297 0.077391 0.583667 -3.715692 0.000000 0.000000 0.000000 1.000000
0.584652 0.009696 -0.811226 -4.030143 -0.066468 0.997139 -0.035986 97.382507 0.808557 0.074960 0.583624 -3.522165 0.000000 0.000000 0.000000 1.000000
0.584567 0.007968 -0.811306 -3.889339 -0.063463 0.997337 -0.035932 97.729095 0.808859 0.072493 0.583517 -3.312180 0.000000 0.000000 0.000000 1.000000
0.584122 0.006225 -0.811642 -3.721598 -0.060137 0.997554 -0.035629 98.080193 0.809435 0.069621 0.583068 -3.092688 0.000000 0.000000 0.000000 1.000000
0.582865 0.003897 -0.812560 -3.528130 -0.055950 0.997808 -0.035349 98.431732 0.810640 0.066066 0.581805 -2.869803 0.000000 0.000000 0.000000 1.000000
0.580860 0.001001 -0.814003 -3.308527 -0.051034 0.998077 -0.035190 98.779587 0.812402 0.061982 0.579794 -2.645282 0.000000 0.000000 0.000000 1.000000
0.579134 -0.002222 -0.815230 -3.069797 -0.045528 0.998348 -0.035064 99.118950 0.813960 0.057422 0.578075 -2.415612 0.000000 0.000000 0.000000 1.000000
0.577442 -0.006131 -0.816409 -2.818522 -0.039340 0.998601 -0.035325 99.445763 0.815483 0.052515 0.576393 -2.180255 0.000000 0.000000 0.000000 1.000000
0.574459 -0.010747 -0.818463 -2.558586 -0.032385 0.998832 -0.035845 99.755981 0.817892 0.047097 0.573441 -1.952404 0.000000 0.000000 0.000000 1.000000
0.571068 -0.015567 -0.820755 -2.293729 -0.025108 0.999021 -0.036418 100.044769 0.820519 0.041405 0.570118 -1.736754 0.000000 0.000000 0.000000 1.000000
0.568089 -0.020202 -0.822719 -2.027815 -0.018391 0.999137 -0.037233 100.306671 0.822762 0.036282 0.567228 -1.525652 0.000000 0.000000 0.000000 1.000000
0.564697 -0.024639 -0.824931 -1.766570 -0.011783 0.999212 -0.037910 100.538040 0.825214 0.031128 0.563961 -1.326608 0.000000 0.000000 0.000000 1.000000
0.560374 -0.029333 -0.827720 -1.510815 -0.004144 0.999261 -0.038218 100.734901 0.828230 0.024847 0.559838 -1.152903 0.000000 0.000000 0.000000 1.000000
0.555312 -0.033911 -0.830951 -1.258025 0.004152 0.999269 -0.038006 100.892258 0.831632 0.017655 0.555046 -1.000543 0.000000 0.000000 0.000000 1.000000
0.549996 -0.037870 -0.834309 -1.015053 0.012310 0.999230 -0.037241 101.007156 0.835077 0.010212 0.550038 -0.861676 0.000000 0.000000 0.000000 1.000000
0.544802 -0.041548 -0.837535 -0.791191 0.020499 0.999133 -0.036231 101.086845 0.838314 0.002570 0.545181 -0.741681 0.000000 0.000000 0.000000 1.000000
0.539995 -0.045070 -0.840461 -0.587456 0.028962 0.998969 -0.034962 101.133331 0.841170 -0.005462 0.540743 -0.650034 0.000000 0.000000 0.000000 1.000000
0.535878 -0.048153 -0.842921 -0.403628 0.037365 0.998747 -0.033300 101.148254 0.843468 -0.013651 0.537006 -0.586901 0.000000 0.000000 0.000000 1.000000
0.532077 -0.051037 -0.845156 -0.238253 0.045387 0.998466 -0.031721 101.132339 0.845478 -0.021481 0.533577 -0.544719 0.000000 0.000000 0.000000 1.000000
0.528387 -0.053882 -0.847292 -0.092014 0.053048 0.998129 -0.030393 101.086220 0.847345 -0.028888 0.530257 -0.521861 0.000000 0.000000 0.000000 1.000000
0.525465 -0.056649 -0.848927 0.029623 0.060116 0.997759 -0.029370 101.012985 0.848689 -0.035601 0.527693 -0.518314 0.000000 0.000000 0.000000 1.000000
0.523577 -0.059038 -0.849931 0.128250 0.065902 0.997414 -0.028685 100.914566 0.849426 -0.040993 0.526113 -0.530977 0.000000 0.000000 0.000000 1.000000
0.522609 -0.060027 -0.850457 0.185260 0.068708 0.997239 -0.028166 100.793800 0.849800 -0.043713 0.525290 -0.579205 0.000000 0.000000 0.000000 1.000000
0.522569 -0.060166 -0.850471 0.204936 0.069742 0.997181 -0.027692 100.640846 0.849740 -0.044842 0.525292 -0.652182 0.000000 0.000000 0.000000 1.000000</float_array>
        <technique_common>
          <accessor source="#mixamorig_Hips-Matrix-animation-output-transform-array" count="57" stride="16">
            <param type="float4x4"/>
          </accessor>
        </technique_common>
      </source>
      <source id="mixamorig_Hips-Interpolations">
        <Name_array id="mixamorig_Hips-Interpolations-array" count="57">
 LINEAR LINEAR LINEAR LINEAR LINEAR LINEAR LINEAR LINEAR LINEAR LINEAR LINEAR
LINEAR LINEAR LINEAR LINEAR LINEAR LINEAR LINEAR LINEAR LINEAR LINEAR LINEAR LINEAR
LINEAR LINEAR LINEAR LINEAR LINEAR LINEAR LINEAR LINEAR LINEAR LINEAR LINEAR LINEAR
LINEAR LINEAR LINEAR LINEAR LINEAR LINEAR LINEAR LINEAR LINEAR LINEAR LINEAR LINEAR
LINEAR LINEAR LINEAR LINEAR LINEAR LINEAR LINEAR LINEAR LINEAR LINEAR</Name_array>
        <technique_common>
          <accessor source="#mixamorig_Hips-Interpolations-array" count="57">
            <param type="name"/>
          </accessor>
        </technique_common>
      </source>
      <sampler id="mixamorig_Hips-Matrix-animation-transform">
        <input semantic="INPUT" source="#mixamorig_Hips-Matrix-animation-input"/>
        <input semantic="OUTPUT" source="#mixamorig_Hips-Matrix-animation-output-transform"/>
        <input semantic="INTERPOLATION" source="#mixamorig_Hips-Interpolations"/>
      </sampler>
      <channel source="#mixamorig_Hips-Matrix-animation-transform" target="mixamorig_Hips/matrix"/>
    </animation>
    <animation id="mixamorig_Spine-anim" name="mixamorig_Spine">
      <source id="mixamorig_Spine-Matrix-animation-input">
        <float_array id="mixamorig_Spine-Matrix-animation-input-array" count="57">

0.000000 0.033333 0.066667 0.100000 0.133333 0.166667 0.200000 0.233333 0.266667 0.300000 0.333333 0.366667 0.400000 0.433333 0.466667 0.500000
0.533333 0.566667 0.600000 0.633333 0.666667 0.700000 0.733333 0.766667 0.800000 0.833333 0.866667 0.900000 0.933333 0.966667 1.000000 1.033333
1.066667 1.100000 1.133333 1.166667 1.200000 1.233333 1.266667 1.300000 1.333333 1.366667 1.400000 1.433333 1.466667 1.500000 1.533333 1.566667
1.600000 1.633333 1.666667 1.700000 1.733333 1.766667 1.800000 1.833333 1.866667</float_array>
        <technique_common>
          <accessor source="#mixamorig_Spine-Matrix-animation-input-array" count="57">
            <param name="TIME" type="float"/>
          </accessor>
        </technique_common>
      </source>
      <source id="mixamorig_Spine-Matrix-animation-output-transform">
        <float_array id="mixamorig_Spine-Matrix-animation-output-transform-array" count="912">

0.998816 0.048625 0.001208 0.000000 -0.047275 0.976313 -0.211137 8.536500 -0.011446 0.210830 0.977456 0.187100 0.000000 0.000000 0.000000 1.000000
0.998789 0.049196 0.000970 0.000000 -0.047888 0.976396 -0.210614 8.536500 -0.011308 0.210312 0.977569 0.187100 0.000000 0.000000 0.000000 1.000000
0.998749 0.049999 0.000731 0.000000 -0.048721 0.976301 -0.210862 8.536500 -0.011256 0.210563 0.977516 0.187100 0.000000 0.000000 0.000000 1.000000
0.998721 0.050545 0.000844 0.000000 -0.049235 0.976359 -0.210473 8.536500 -0.011463 0.210162 0.977599 0.187100 0.000000 0.000000 0.000000 1.000000
0.998696 0.051044 0.000719 0.000000 -0.049757 0.976471 -0.209831 8.536500 -0.011413 0.209522 0.977737 0.187100 0.000000 0.000000 0.000000 1.000000
0.998671 0.051540 0.000328 0.000000 -0.050333 0.976602 -0.209080 8.536500 -0.011096 0.208786 0.977898 0.187100 0.000000 0.000000 0.000000 1.000000
0.998656 0.051837 0.000038 -0.000000 -0.050692 0.976756 -0.208276 8.536500 -0.010834 0.207994 0.978070 0.187100 0.000000 0.000000 0.000000 1.000000
0.998669 0.051581 -0.000212 0.000000 -0.050503 0.976932 -0.207492 8.536500 -0.010496 0.207227 0.978237 0.187100 0.000000 0.000000 0.000000 1.000000
0.998690 0.051169 -0.000785 0.000000 -0.050225 0.977083 -0.206848 8.536500 -0.009817 0.206616 0.978373 0.187100 0.000000 0.000000 0.000000 1.000000
0.998695 0.051041 -0.001459 0.000000 -0.050246 0.977238 -0.206110 8.536500 -0.009094 0.205915 0.978528 0.187100 0.000000 0.000000 0.000000 1.000000
0.998696 0.051011 -0.002112 0.000000 -0.050356 0.977350 -0.205552 8.536500 -0.008421 0.205390 0.978644 0.187100 0.000000 0.000000 0.000000 1.000000
0.998710 0.050689 -0.002854 -0.000000 -0.050195 0.977410 -0.205305 8.536500 -0.007617 0.205183 0.978694 0.187100 0.000000 0.000000 0.000000 1.000000
0.998746 0.049948 -0.003412 0.000000 -0.049588 0.977578 -0.204650 8.536500 -0.006886 0.204563 0.978829 0.187100 0.000000 0.000000 0.000000 1.000000
0.998788 0.049086 -0.003749 0.000000 -0.048820 0.977816 -0.203697 8.536500 -0.006333 0.203633 0.979027 0.187100 0.000000 0.000000 0.000000 1.000000
0.998812 0.048528 -0.004325 -0.000000 -0.048396 0.978029 -0.202776 8.536500 -0.005610 0.202744 0.979216 0.187100 0.000000 0.000000 0.000000 1.000000
0.998844 0.047814 -0.005007 0.000000 -0.047839 0.978220 -0.201985 8.536500 -0.004760 0.201991 0.979376 0.187100 0.000000 0.000000 0.000000 1.000000
0.998908 0.046449 -0.005079 0.000000 -0.046519 0.978385 -0.201493 8.536500 -0.004390 0.201510 0.979477 0.187100 0.000000 0.000000 0.000000 1.000000
0.998993 0.044636 -0.004599 0.000000 -0.044649 0.978555 -0.201088 8.536500 -0.004475 0.201091 0.979562 0.187100 0.000000 0.000000 0.000000 1.000000
0.999079 0.042676 -0.004478 -0.000000 -0.042707 0.978756 -0.200530 8.536500 -0.004175 0.200536 0.979677 0.187100 0.000000 0.000000 0.000000 1.000000
0.999160 0.040715 -0.004580 0.000000 -0.040808 0.978960 -0.199930 8.536500 -0.003656 0.199949 0.979799 0.187100 0.000000 0.000000 0.000000 1.000000
0.999246 0.038568 -0.004408 0.000000 -0.038671 0.979099 -0.199673 8.536500 -0.003385 0.199693 0.979853 0.187100 0.000000 0.000000 0.000000 1.000000
0.999339 0.036127 -0.004057 0.000000 -0.036210 0.979222 -0.199534 8.536500 -0.003236 0.199549 0.979883 0.187100 0.000000 0.000000 0.000000 1.000000
0.999419 0.033859 -0.003848 0.000000 -0.033947 0.979383 -0.199142 8.536500 -0.002974 0.199157 0.979963 0.187100 0.000000 0.000000 0.000000 1.000000
0.999485 0.031882 -0.003672 0.000000 -0.031976 0.979530 -0.198741 8.536500 -0.002739 0.198756 0.980045 0.187100 0.000000 0.000000 0.000000 1.000000
0.999549 0.029844 -0.003264 -0.000000 -0.029898 0.979631 -0.198569 8.536500 -0.002728 0.198577 0.980081 0.187100 0.000000 0.000000 0.000000 1.000000
0.999605 0.027946 -0.002935 -0.000000 -0.027973 0.979744 -0.198292 8.536500 -0.002666 0.198296 0.980139 0.187100 0.000000 0.000000 0.000000 1.000000
0.999643 0.026577 -0.002735 0.000000 -0.026594 0.979975 -0.197338 8.536500 -0.002565 0.197340 0.980332 0.187100 0.000000 0.000000 0.000000 1.000000
0.999670 0.025541 -0.002631 0.000000 -0.025561 0.980289 -0.195910 8.536500 -0.002425 0.195912 0.980618 0.187100 0.000000 0.000000 0.000000 1.000000
0.999697 0.024479 -0.002554 -0.000000 -0.024507 0.980559 -0.194686 8.536500 -0.002261 0.194690 0.980862 0.187100 0.000000 0.000000 0.000000 1.000000
0.999718 0.023622 -0.002576 0.000000 -0.023673 0.980735 -0.193903 8.536500 -0.002054 0.193909 0.981017 0.187100 0.000000 0.000000 0.000000 1.000000
0.999732 0.022969 -0.002714 -0.000000 -0.023060 0.980834 -0.193474 8.536500 -0.001782 0.193484 0.981102 0.187100 0.000000 0.000000 0.000000 1.000000
0.999750 0.022180 -0.002905 0.000000 -0.022324 0.980914 -0.193155 8.536500 -0.001434 0.193171 0.981164 0.187100 0.000000 0.000000 0.000000 1.000000
0.999765 0.021466 -0.002895 0.000000 -0.021622 0.981022 -0.192689 8.536500 -0.001296 0.192707 0.981256 0.187100 0.000000 0.000000 0.000000 1.000000
0.999774 0.021117 -0.002613 0.000000 -0.021226 0.981163 -0.192014 8.536500 -0.001491 0.192026 0.981389 0.187100 0.000000 0.000000 0.000000 1.000000
0.999779 0.020896 -0.002345 0.000000 -0.020959 0.981290 -0.191393 8.536500 -0.001698 0.191400 0.981511 0.187100 0.000000 0.000000 0.000000 1.000000
0.999788 0.020465 -0.002126 0.000000 -0.020494 0.981346 -0.191153 8.536500 -0.001825 0.191156 0.981558 0.187100 0.000000 0.000000 0.000000 1.000000
0.999798 0.020033 -0.001806 0.000000 -0.020009 0.981345 -0.191209 8.536500 -0.002058 0.191207 0.981548 0.187100 0.000000 0.000000 0.000000 1.000000
0.999800 0.019952 -0.001456 0.000000 -0.019863 0.981351 -0.191197 8.536500 -0.002386 0.191187 0.981551 0.187100 0.000000 0.000000 0.000000 1.000000
0.999794 0.020271 -0.001148 0.000000 -0.020116 0.981315 -0.191354 8.536500 -0.002752 0.191338 0.981520 0.187100 0.000000 0.000000 0.000000 1.000000
0.999788 0.020564 -0.000990 0.000000 -0.020372 0.981249 -0.191666 8.536500 -0.002970 0.191646 0.981460 0.187100 0.000000 0.000000 0.000000 1.000000
0.999781 0.020918 -0.000831 0.000000 -0.020689 0.981217 -0.191795 8.536500 -0.003197 0.191771 0.981435 0.187100 0.000000 0.000000 0.000000 1.000000
0.999759 0.021949 -0.000344 0.000000 -0.021607 0.981198 -0.191790 8.536500 -0.003872 0.191751 0.981436 0.187100 0.000000 0.000000 0.000000 1.000000
0.999728 0.023323 0.000050 0.000000 -0.022880 0.981145 -0.191912 8.536500 -0.004525 0.191859 0.981412 0.187100 0.000000 0.000000 0.000000 1.000000
0.999705 0.024292 0.000049 0.000000 -0.023830 0.981087 -0.192093 8.536500 -0.004715 0.192035 0.981377 0.187100 0.000000 0.000000 0.000000 1.000000
0.999676 0.025440 0.000121 0.000000 -0.024940 0.980952 -0.192641 8.536500 -0.005020 0.192576 0.981269 0.187100 0.000000 0.000000 0.000000 1.000000
0.999624 0.027404 0.000649 0.000000 -0.026760 0.980711 -0.193624 8.536500 -0.005943 0.193534 0.981076 0.187100 0.000000 0.000000 0.000000 1.000000
0.999558 0.029677 0.001498 -0.000000 -0.028815 0.980358 -0.195110 8.536500 -0.007259 0.194981 0.980780 0.187100 0.000000 0.000000 0.000000 1.000000
0.999493 0.031753 0.002187 0.000000 -0.030701 0.979938 -0.196922 8.536500 -0.008396 0.196755 0.980417 0.187100 0.000000 0.000000 0.000000 1.000000
0.999424 0.033849 0.002611 0.000000 -0.032655 0.979495 -0.198806 8.536500 -0.009287 0.198606 0.980035 0.187100 0.000000 0.000000 0.000000 1.000000
0.999340 0.036235 0.002716 0.000000 -0.034954 0.979034 -0.200676 8.536500 -0.009930 0.200449 0.979654 0.187100 0.000000 0.000000 0.000000 1.000000
0.999246 0.038761 0.002350 -0.000000 -0.037482 0.978560 -0.202520 8.536500 -0.010149 0.202280 0.979275 0.187100 0.000000 0.000000 0.000000 1.000000
0.999154 0.041076 0.002069 0.000000 -0.039788 0.978105 -0.204272 8.536500 -0.010414 0.204016 0.978912 0.187100 0.000000 0.000000 0.000000 1.000000
0.999057 0.043375 0.001974 0.000000 -0.042040 0.977680 -0.205852 8.536500 -0.010858 0.205575 0.978581 0.187100 0.000000 0.000000 0.000000 1.000000
0.998966 0.045418 0.001782 -0.000000 -0.044064 0.977318 -0.207142 8.536500 -0.011149 0.206849 0.978309 0.187100 0.000000 0.000000 0.000000 1.000000
0.998914 0.046563 0.001606 0.000000 -0.045210 0.977074 -0.208044 8.536500 -0.011256 0.207746 0.978118 0.187100 0.000000 0.000000 0.000000 1.000000
0.998871 0.047481 0.001498 0.000000 -0.046120 0.976819 -0.209042 8.536500 -0.011389 0.208737 0.977906 0.187100 0.000000 0.000000 0.000000 1.000000
0.998816 0.048625 0.001208 0.000000 -0.047275 0.976313 -0.211137 8.536500 -0.011446 0.210830 0.977456 0.187100 0.000000 0.000000 0.000000 1.000000</float_array>
        <technique_common>
          <accessor source="#mixamorig_Spine-Matrix-animation-output-transform-array" count="57" stride="16">
            <param type="float4x4"/>
          </accessor>
        </technique_common>
      </source>
      <source id="mixamorig_Spine-Interpolations">
        <Name_array id="mixamorig_Spine-Interpolations-array" count="57">
 LINEAR LINEAR LINEAR LINEAR LINEAR LINEAR LINEAR LINEAR LINEAR LINEAR LINEAR
LINEAR LINEAR LINEAR LINEAR LINEAR LINEAR LINEAR LINEAR LINEAR LINEAR LINEAR LINEAR
LINEAR LINEAR LINEAR LINEAR LINEAR LINEAR LINEAR LINEAR LINEAR LINEAR LINEAR LINEAR
LINEAR LINEAR LINEAR LINEAR LINEAR LINEAR LINEAR LINEAR LINEAR LINEAR LINEAR LINEAR
LINEAR LINEAR LINEAR LINEAR LINEAR LINEAR LINEAR LINEAR LINEAR LINEAR</Name_array>
        <technique_common>
          <accessor source="#mixamorig_Spine-Interpolations-array" count="57">
            <param type="name"/>
          </accessor>
        </technique_common>
      </source>
      <sampler id="mixamorig_Spine-Matrix-animation-transform">
        <input semantic="INPUT" source="#mixamorig_Spine-Matrix-animation-input"/>
        <input semantic="OUTPUT" source="#mixamorig_Spine-Matrix-animation-output-transform"/>
        <input semantic="INTERPOLATION" source="#mixamorig_Spine-Interpolations"/>
      </sampler>
      <channel source="#mixamorig_Spine-Matrix-animation-transform" target="mixamorig_Spine/matrix"/>
    </animation>
    <animation id="mixamorig_Spine1-anim" name="mixamorig_Spine1">
      <source id="mixamorig_Spine1-Matrix-animation-input">
        <float_array id="mixamorig_Spine1-Matrix-animation-input-array" count="57">

0.000000 0.033333 0.066667 0.100000 0.133333 0.166667 0.200000 0.233333 0.266667 0.300000 0.333333 0.366667 0.400000 0.433333 0.466667 0.500000
0.533333 0.566667 0.600000 0.633333 0.666667 0.700000 0.733333 0.766667 0.800000 0.833333 0.866667 0.900000 0.933333 0.966667 1.000000 1.033333
1.066667 1.100000 1.133333 1.166667 1.200000 1.233333 1.266667 1.300000 1.333333 1.366667 1.400000 1.433333 1.466667 1.500000 1.533333 1.566667
1.600000 1.633333 1.666667 1.700000 1.733333 1.766667 1.800000 1.833333 1.866667</float_array>
        <technique_common>
          <accessor source="#mixamorig_Spine1-Matrix-animation-input-array" count="57">
            <param name="TIME" type="float"/>
          </accessor>
        </technique_common>
      </source>
      <source id="mixamorig_Spine1-Matrix-animation-output-transform">
        <float_array id="mixamorig_Spine1-Matrix-animation-output-transform-array" count="912">

0.995240 0.097445 -0.001098 0.000000 -0.096568 0.984646 -0.145419 9.685800 -0.013089 0.144833 0.989370 0.000000 0.000000 0.000000 0.000000 1.000000
0.995128 0.098582 -0.001645 0.000000 -0.097779 0.984610 -0.144855 9.685800 -0.012661 0.144310 0.989451 0.000000 0.000000 0.000000 0.000000 1.000000
0.994972 0.100128 -0.002331 0.000000 -0.099384 0.984163 -0.146782 9.685800 -0.012403 0.146276 0.989166 0.000000 0.000000 0.000000 0.000000 1.000000
0.994866 0.101170 -0.002348 -0.000000 -0.100399 0.983839 -0.148260 9.685800 -0.012690 0.147735 0.988946 0.000000 0.000000 0.000000 0.000000 1.000000
0.994769 0.102111 -0.002899 0.000000 -0.101390 0.983486 -0.149919 9.685800 -0.012457 0.149429 0.988694 0.000000 0.000000 0.000000 0.000000 1.000000
0.994669 0.103043 -0.004053 0.000000 -0.102460 0.983065 -0.151941 9.685800 -0.011672 0.151546 0.988381 0.000000 0.000000 0.000000 0.000000 1.000000
0.994617 0.103495 -0.005011 -0.000000 -0.103025 0.982635 -0.154316 9.685800 -0.011047 0.154001 0.988009 0.000000 0.000000 0.000000 0.000000 1.000000
0.994683 0.102819 -0.005897 0.000000 -0.102465 0.982251 -0.157114 9.685800 -0.010362 0.156882 0.987563 0.000000 0.000000 0.000000 0.000000 1.000000
0.994774 0.101829 -0.007433 0.000000 -0.101700 0.981798 -0.160407 9.685800 -0.009036 0.160325 0.987023 0.000000 0.000000 0.000000 0.000000 1.000000
0.994795 0.101479 -0.009246 0.000000 -0.101621 0.981272 -0.163643 9.685800 -0.007533 0.163731 0.986476 0.000000 0.000000 0.000000 0.000000 1.000000
0.994799 0.101254 -0.011042 0.000000 -0.101671 0.980658 -0.167252 9.685800 -0.006106 0.167505 0.985852 0.000000 0.000000 0.000000 0.000000 1.000000
0.994860 0.100420 -0.012980 0.000000 -0.101156 0.979997 -0.171385 9.685800 -0.004490 0.171817 0.985119 0.000000 0.000000 0.000000 0.000000 1.000000
0.995008 0.098749 -0.014445 0.000000 -0.099752 0.979592 -0.174499 9.685800 -0.003081 0.175069 0.984551 0.000000 0.000000 0.000000 0.000000 1.000000
0.995177 0.096881 -0.015414 0.000000 -0.098079 0.979367 -0.176695 9.685800 -0.002023 0.177355 0.984145 0.000000 0.000000 0.000000 0.000000 1.000000
0.995276 0.095606 -0.016871 0.000000 -0.097082 0.979139 -0.178502 9.685800 -0.000547 0.179296 0.983795 0.000000 0.000000 0.000000 0.000000 1.000000
0.995404 0.093965 -0.018469 0.000000 -0.095755 0.978993 -0.180009 9.685800 0.001167 0.180950 0.983492 0.000000 0.000000 0.000000 0.000000 1.000000
0.995670 0.091060 -0.018679 0.000000 -0.092939 0.978992 -0.181488 9.685800 0.001760 0.182438 0.983216 -0.000000 0.000000 0.000000 0.000000 1.000000
0.996025 0.087311 -0.017639 0.000000 -0.089064 0.979185 -0.182383 9.685800 0.001348 0.183229 0.983069 0.000000 0.000000 0.000000 0.000000 1.000000
0.996385 0.083195 -0.017192 0.000000 -0.084935 0.979604 -0.182102 9.685800 0.001691 0.182904 0.983129 0.000000 0.000000 0.000000 0.000000 1.000000
0.996726 0.079018 -0.017103 -0.000000 -0.080810 0.980148 -0.181050 9.685800 0.002457 0.181840 0.983325 0.000000 0.000000 0.000000 0.000000 1.000000
0.997088 0.074476 -0.016372 0.000000 -0.076208 0.980694 -0.180090 9.685800 0.002643 0.180814 0.983514 0.000000 0.000000 0.000000 0.000000 1.000000
0.997478 0.069335 -0.015165 0.000000 -0.070930 0.981319 -0.178835 9.685800 0.002482 0.179460 0.983762 0.000000 0.000000 0.000000 0.000000 1.000000
0.997817 0.064487 -0.014220 0.000000 -0.065986 0.982075 -0.176565 9.685800 0.002579 0.177118 0.984186 0.000000 0.000000 0.000000 0.000000 1.000000
0.998095 0.060225 -0.013358 -0.000000 -0.061631 0.982846 -0.173825 9.685800 0.002660 0.174317 0.984686 0.000000 0.000000 0.000000 0.000000 1.000000
0.998360 0.055967 -0.012039 0.000000 -0.057203 0.983583 -0.171148 9.685800 0.002263 0.171556 0.985172 0.000000 0.000000 0.000000 0.000000 1.000000
0.998594 0.051890 -0.010857 -0.000000 -0.052977 0.984378 -0.167911 9.685800 0.001975 0.168250 0.985742 0.000000 0.000000 0.000000 0.000000 1.000000
0.998755 0.048876 -0.009987 0.000000 -0.049851 0.985364 -0.163012 9.685800 0.001873 0.163306 0.986574 0.000000 0.000000 0.000000 0.000000 1.000000
0.998872 0.046554 -0.009344 -0.000000 -0.047444 0.986474 -0.156902 9.685800 0.001914 0.157169 0.987570 -0.000000 0.000000 0.000000 0.000000 1.000000
0.998984 0.044195 -0.008760 0.000000 -0.045012 0.987506 -0.151015 9.685800 0.001977 0.151256 0.988493 0.000000 0.000000 0.000000 0.000000 1.000000
0.999072 0.042253 -0.008413 -0.000000 -0.043029 0.988367 -0.145872 9.685800 0.002152 0.146098 0.989268 0.000000 0.000000 0.000000 0.000000 1.000000
0.999136 0.040723 -0.008331 0.000000 -0.041492 0.989090 -0.141347 9.685800 0.002484 0.141571 0.989925 0.000000 0.000000 0.000000 0.000000 1.000000
0.999207 0.038935 -0.008350 0.000000 -0.039712 0.989772 -0.137017 9.685800 0.002930 0.137240 0.990534 0.000000 0.000000 0.000000 0.000000 1.000000
0.999273 0.037272 -0.007967 0.000000 -0.037999 0.990466 -0.132409 9.685800 0.002956 0.132616 0.991163 0.000000 0.000000 0.000000 0.000000 1.000000
0.999308 0.036500 -0.007100 -0.000000 -0.037108 0.991151 -0.127445 9.685800 0.002385 0.127620 0.991820 0.000000 0.000000 0.000000 0.000000 1.000000
0.999331 0.036023 -0.006305 0.000000 -0.036525 0.991770 -0.122715 9.685800 0.001832 0.122864 0.992422 0.000000 0.000000 0.000000 0.000000 1.000000
0.999367 0.035135 -0.005599 0.000000 -0.035552 0.992265 -0.118937 9.685800 0.001377 0.119060 0.992886 0.000000 0.000000 0.000000 0.000000 1.000000
0.999401 0.034280 -0.004735 0.000000 -0.034597 0.992649 -0.115981 9.685800 0.000724 0.116075 0.993240 -0.000000 0.000000 0.000000 0.000000 1.000000
0.999408 0.034195 -0.003848 0.000000 -0.034411 0.992980 -0.113166 9.685800 -0.000049 0.113232 0.993569 0.000000 0.000000 0.000000 0.000000 1.000000
0.999384 0.034967 -0.003099 0.000000 -0.035095 0.993197 -0.111028 9.685800 -0.000804 0.111069 0.993812 -0.000000 0.000000 0.000000 0.000000 1.000000
0.999357 0.035742 -0.002685 0.000000 -0.035821 0.993331 -0.109588 9.685800 -0.001249 0.109613 0.993974 0.000000 0.000000 0.000000 0.000000 1.000000
0.999323 0.036714 -0.002318 0.000000 -0.036749 0.993448 -0.108218 9.685800 -0.001671 0.108230 0.994124 -0.000000 0.000000 0.000000 0.000000 1.000000
0.999234 0.039116 -0.001365 0.000000 -0.039037 0.993485 -0.107070 9.685800 -0.002832 0.107041 0.994251 0.000000 0.000000 0.000000 0.000000 1.000000
0.999107 0.042257 -0.000656 0.000000 -0.042085 0.993398 -0.106723 9.685800 -0.003858 0.106655 0.994289 -0.000000 0.000000 0.000000 0.000000 1.000000
0.999005 0.044598 -0.000772 -0.000000 -0.044425 0.993265 -0.107007 9.685800 -0.004005 0.106935 0.994258 -0.000000 0.000000 0.000000 0.000000 1.000000
0.998880 0.047305 -0.000770 -0.000000 -0.047111 0.993022 -0.108108 9.685800 -0.004349 0.108023 0.994139 -0.000000 0.000000 0.000000 0.000000 1.000000
0.998663 0.051699 0.000136 -0.000000 -0.051370 0.992592 -0.110098 9.685800 -0.005827 0.109943 0.993921 0.000000 0.000000 0.000000 0.000000 1.000000
0.998387 0.056748 0.001631 0.000000 -0.056200 0.991992 -0.113112 9.685800 -0.008037 0.112838 0.993581 -0.000000 0.000000 0.000000 0.000000 1.000000
0.998110 0.061396 0.002791 0.000000 -0.060651 0.991303 -0.116787 9.685800 -0.009937 0.116397 0.993153 -0.000000 0.000000 0.000000 0.000000 1.000000
0.997809 0.066072 0.003410 0.000000 -0.065179 0.990559 -0.120600 9.685800 -0.011346 0.120114 0.992695 -0.000000 0.000000 0.000000 0.000000 1.000000
0.997449 0.071308 0.003369 -0.000000 -0.070336 0.989739 -0.124376 9.685800 -0.012204 0.123822 0.992229 0.000000 0.000000 0.000000 0.000000 1.000000
0.997046 0.076766 0.002366 -0.000000 -0.075832 0.988860 -0.128081 9.685800 -0.012172 0.127524 0.991761 0.000000 0.000000 0.000000 0.000000 1.000000
0.996654 0.081722 0.001535 -0.000000 -0.080810 0.988003 -0.131602 9.685800 -0.012271 0.131038 0.991301 0.000000 0.000000 0.000000 0.000000 1.000000
0.996245 0.086577 0.001094 0.000000 -0.085640 0.987166 -0.134792 9.685800 -0.012750 0.134192 0.990873 0.000000 0.000000 0.000000 0.000000 1.000000
0.995862 0.090879 0.000482 0.000000 -0.089951 0.986426 -0.137378 9.685800 -0.012960 0.136766 0.990519 0.000000 0.000000 0.000000 0.000000 1.000000
0.995635 0.093333 -0.000019 0.000000 -0.092427 0.985943 -0.139187 9.685800 -0.012972 0.138581 0.990266 0.000000 0.000000 0.000000 0.000000 1.000000
0.995455 0.095230 -0.000372 0.000000 -0.094329 0.985478 -0.141194 9.685800 -0.013079 0.140588 0.989982 0.000000 0.000000 0.000000 0.000000 1.000000
0.995240 0.097445 -0.001098 0.000000 -0.096568 0.984646 -0.145419 9.685800 -0.013089 0.144833 0.989370 0.000000 0.000000 0.000000 0.000000 1.000000</float_array>
        <technique_common>
          <accessor source="#mixamorig_Spine1-Matrix-animation-output-transform-array" count="57" stride="16">
            <param type="float4x4"/>
          </accessor>
        </technique_common>
      </source>
      <source id="mixamorig_Spine1-Interpolations">
        <Name_array id="mixamorig_Spine1-Interpolations-array" count="57">
 LINEAR LINEAR LINEAR LINEAR LINEAR LINEAR LINEAR LINEAR LINEAR LINEAR LINEAR
LINEAR LINEAR LINEAR LINEAR LINEAR LINEAR LINEAR LINEAR LINEAR LINEAR LINEAR LINEAR
LINEAR LINEAR LINEAR LINEAR LINEAR LINEAR LINEAR LINEAR LINEAR LINEAR LINEAR LINEAR
LINEAR LINEAR LINEAR LINEAR LINEAR LINEAR LINEAR LINEAR LINEAR LINEAR LINEAR LINEAR
LINEAR LINEAR LINEAR LINEAR LINEAR LINEAR LINEAR LINEAR LINEAR LINEAR</Name_array>
        <technique_common>
          <accessor source="#mixamorig_Spine1-Interpolations-array" count="57">
            <param type="name"/>
          </accessor>
        </technique_common>
      </source>
      <sampler id="mixamorig_Spine1-Matrix-animation-transform">
        <input semantic="INPUT" source="#mixamorig_Spine1-Matrix-animation-input"/>
        <input semantic="OUTPUT" source="#mixamorig_Spine1-Matrix-animation-output-transform"/>
        <input semantic="INTERPOLATION" source="#mixamorig_Spine1-Interpolations"/>
      </sampler>
      <channel source="#mixamorig_Spine1-Matrix-animation-transform" target="mixamorig_Spine1/matrix"/>
    </animation>
    <animation id="mixamorig_Spine2-anim" name="mixamorig_Spine2">
      <source id="mixamorig_Spine2-Matrix-animation-input">
        <float_array id="mixamorig_Spine2-Matrix-animation-input-array" count="57">

0.000000 0.033333 0.066667 0.100000 0.133333 0.166667 0.200000 0.233333 0.266667 0.300000 0.333333 0.366667 0.400000 0.433333 0.466667 0.500000
0.533333 0.566667 0.600000 0.633333 0.666667 0.700000 0.733333 0.766667 0.800000 0.833333 0.866667 0.900000 0.933333 0.966667 1.000000 1.033333
1.066667 1.100000 1.133333 1.166667 1.200000 1.233333 1.266667 1.300000 1.333333 1.366667 1.400000 1.433333 1.466667 1.500000 1.533333 1.566667
1.600000 1.633333 1.666667 1.700000 1.733333 1.766667 1.800000 1.833333 1.866667</float_array>
        <technique_common>
          <accessor source="#mixamorig_Spine2-Matrix-animation-input-array" count="57">
            <param name="TIME" type="float"/>
          </accessor>
        </technique_common>
      </source>
      <source id="mixamorig_Spine2-Matrix-animation-output-transform">
        <float_array id="mixamorig_Spine2-Matrix-animation-output-transform-array" count="912">

0.995241 0.097442 0.000486 -0.000000 -0.096539 0.986672 -0.130994 15.875400 -0.013244 0.130324 0.991383 0.000000 0.000000 0.000000 0.000000 1.000000
0.995128 0.098588 -0.000025 -0.000000 -0.097749 0.986627 -0.130433 15.875400 -0.012834 0.129800 0.991457 0.000000 0.000000 0.000000 0.000000 1.000000
0.994972 0.100147 -0.000638 0.000000 -0.099350 0.986209 -0.132372 15.875400 -0.012628 0.131770 0.991200 0.000000 0.000000 0.000000 0.000000 1.000000
0.994867 0.101194 -0.000560 0.000000 -0.100357 0.985905 -0.133863 15.875400 -0.012994 0.133232 0.991000 0.000000 0.000000 0.000000 0.000000 1.000000
0.994769 0.102148 -0.000992 -0.000000 -0.101339 0.985576 -0.135538 15.875400 -0.012867 0.134930 0.990772 -0.000000 0.000000 0.000000 0.000000 1.000000
0.994668 0.103105 -0.002003 -0.000000 -0.102399 0.985184 -0.137579 15.875400 -0.012211 0.137051 0.990489 0.000000 0.000000 0.000000 0.000000 1.000000
0.994617 0.103580 -0.002805 -0.000000 -0.102951 0.984788 -0.139976 15.875400 -0.011737 0.139512 0.990151 0.000000 0.000000 0.000000 0.000000 1.000000
0.994683 0.102927 -0.003536 0.000000 -0.102375 0.984443 -0.142797 15.875400 -0.011216 0.142399 0.989746 0.000000 0.000000 0.000000 0.000000 1.000000
0.994775 0.101973 -0.004909 0.000000 -0.101594 0.984037 -0.146115 15.875400 -0.010069 0.145850 0.989255 0.000000 0.000000 0.000000 0.000000 1.000000
0.994797 0.101664 -0.006536 0.000000 -0.101496 0.983557 -0.149378 15.875400 -0.008758 0.149264 0.988759 -0.000000 0.000000 0.000000 0.000000 1.000000
0.994804 0.101481 -0.008133 0.000000 -0.101527 0.982995 -0.153016 15.875400 -0.007534 0.153046 0.988190 0.000000 0.000000 0.000000 0.000000 1.000000
0.994869 0.100692 -0.009877 0.000000 -0.100990 0.982393 -0.157179 15.875400 -0.006124 0.157370 0.987521 -0.000000 0.000000 0.000000 0.000000 1.000000
0.995019 0.099059 -0.011159 -0.000000 -0.099564 0.982031 -0.160318 15.875400 -0.004923 0.160631 0.987002 0.000000 0.000000 0.000000 0.000000 1.000000
0.995191 0.097223 -0.011946 0.000000 -0.097870 0.981837 -0.162535 15.875400 -0.004073 0.162923 0.986630 0.000000 0.000000 0.000000 0.000000 1.000000
0.995295 0.095989 -0.013216 -0.000000 -0.096854 0.981633 -0.164363 15.875400 -0.002804 0.164870 0.986311 0.000000 0.000000 0.000000 0.000000 1.000000
0.995428 0.094392 -0.014637 -0.000000 -0.095511 0.981508 -0.165889 15.875400 -0.001293 0.166529 0.986036 -0.000000 0.000000 0.000000 0.000000 1.000000
0.995696 0.091510 -0.014698 0.000000 -0.092678 0.981527 -0.167379 15.875400 -0.000891 0.168021 0.985783 0.000000 0.000000 0.000000 0.000000 1.000000
0.996049 0.087764 -0.013534 0.000000 -0.088789 0.981733 -0.168279 15.875400 -0.001482 0.168815 0.985647 0.000000 0.000000 0.000000 0.000000 1.000000
0.996410 0.083661 -0.012988 0.000000 -0.084653 0.982147 -0.167993 15.875400 -0.001298 0.168490 0.985703 0.000000 0.000000 0.000000 0.000000 1.000000
0.996752 0.079495 -0.012854 -0.000000 -0.080525 0.982674 -0.166934 15.875400 -0.000639 0.167427 0.985884 0.000000 0.000000 0.000000 0.000000 1.000000
0.997114 0.074943 -0.012139 0.000000 -0.075918 0.983206 -0.165960 15.875400 -0.000502 0.166402 0.986058 -0.000000 0.000000 0.000000 0.000000 1.000000
0.997502 0.069777 -0.011010 0.000000 -0.070637 0.983813 -0.164686 15.875400 -0.000660 0.165053 0.986285 0.000000 0.000000 0.000000 0.000000 1.000000
0.997840 0.064902 -0.010179 0.000000 -0.065694 0.984536 -0.162396 15.875400 -0.000518 0.162714 0.986673 0.000000 0.000000 0.000000 0.000000 1.000000
0.998117 0.060606 -0.009468 0.000000 -0.061341 0.985268 -0.159636 15.875400 -0.000346 0.159917 0.987130 0.000000 0.000000 0.000000 0.000000 1.000000
0.998379 0.056302 -0.008335 -0.000000 -0.056913 0.985967 -0.156940 15.875400 -0.000618 0.157160 0.987573 -0.000000 0.000000 0.000000 0.000000 1.000000
0.998611 0.052176 -0.007370 0.000000 -0.052689 0.986714 -0.153684 15.875400 -0.000747 0.153859 0.988093 0.000000 0.000000 0.000000 0.000000 1.000000
0.998771 0.049113 -0.006728 0.000000 -0.049567 0.987629 -0.148767 15.875400 -0.000661 0.148918 0.988849 0.000000 0.000000 0.000000 0.000000 1.000000
0.998887 0.046741 -0.006328 0.000000 -0.047165 0.988650 -0.142641 15.875400 -0.000411 0.142781 0.989754 0.000000 0.000000 0.000000 0.000000 1.000000
0.998999 0.044331 -0.006006 0.000000 -0.044736 0.989597 -0.136738 15.875400 -0.000118 0.136870 0.990589 -0.000000 0.000000 0.000000 0.000000 1.000000
0.999086 0.042339 -0.005928 -0.000000 -0.042751 0.990383 -0.131583 15.875400 0.000300 0.131717 0.991287 -0.000000 0.000000 0.000000 0.000000 1.000000
0.999150 0.040762 -0.006123 0.000000 -0.041209 0.991040 -0.127052 15.875400 0.000889 0.127196 0.991877 0.000000 0.000000 0.000000 0.000000 1.000000
0.999221 0.038927 -0.006429 0.000000 -0.039422 0.991659 -0.122715 15.875400 0.001599 0.122872 0.992421 0.000000 0.000000 0.000000 0.000000 1.000000
0.999287 0.037211 -0.006332 -0.000000 -0.037698 0.992286 -0.118101 15.875400 0.001889 0.118256 0.992981 0.000000 0.000000 0.000000 0.000000 1.000000
0.999322 0.036379 -0.005736 -0.000000 -0.036795 0.992899 -0.113131 15.875400 0.001579 0.113266 0.993563 -0.000000 0.000000 0.000000 0.000000 1.000000
