<?xml version="1.0" encoding="utf-8"?>
<COLLADA xmlns="http://www.collada.org/2005/11/COLLADASchema" version="1.4.1">
  <asset>
    <contributor>
      <author>Mixamo</author>
      <authoring_tool>COLLADA Mixamo exporter</authoring_tool>
      <comments/>
    </contributor>
    <created>2025-11-14T05:17:18Z</created>
    <modified>2025-11-14T05:17:18Z</modified>
    <revision/>
    <title/>
    <unit meter="0.010000"/>
    <up_axis>Y_UP</up_axis>
  </asset>
  <library_animations>
    <animation id="mixamorig_Hips-anim" name="mixamorig_Hips">
      <source id="mixamorig_Hips-Matrix-animation-input">
        <float_array id="mixamorig_Hips-Matrix-animation-input-array" count="70">

0.000000 0.033333 0.066667 0.100000 0.133333 0.166667 0.200000 0.233333 0.266667 0.300000 0.333333 0.366667 0.400000 0.433333 0.466667 0.500000
0.533333 0.566667 0.600000 0.633333 0.666667 0.700000 0.733333 0.766667 0.800000 0.833333 0.866667 0.900000 0.933333 0.966667 1.000000 1.033333
1.066667 1.100000 1.133333 1.166667 1.200000 1.233333 1.266667 1.300000 1.333333 1.366667 1.400000 1.433333 1.466667 1.500000 1.533333 1.566667
1.600000 1.633333 1.666667 1.700000 1.733333 1.766667 1.800000 1.833333 1.866667 1.900000 1.933333 1.966667 2.000000 2.033333 2.066667 2.100000
2.133333 2.166667 2.200000 2.233333 2.266667 2.300000</float_array>
        <technique_common>
          <accessor source="#mixamorig_Hips-Matrix-animation-input-array" count="70">
            <param name="TIME" type="float"/>
          </accessor>
        </technique_common>
      </source>
      <source id="mixamorig_Hips-Matrix-animation-output-transform">
        <float_array id="mixamorig_Hips-Matrix-animation-output-transform-array" count="1120">

0.522569 -0.060166 -0.850471 0.204936 0.069742 0.997181 -0.027692 100.640846 0.849740 -0.044842 0.525292 -0.652182 0.000000 0.000000 0.000000 1.000000
0.524891 -0.059250 -0.849105 0.178444 0.064413 0.997479 -0.029785 100.862358 0.848728 -0.039060 0.527384 -0.594083 0.000000 0.000000 0.000000 1.000000
0.528559 -0.058086 -0.846907 0.154261 0.058236 0.997787 -0.032089 101.088486 0.846896 -0.032360 0.530772 -0.531050 0.000000 0.000000 0.000000 1.000000
0.538863 -0.055407 -0.840569 0.128412 0.048541 0.998219 -0.034681 101.311142 0.840994 -0.022114 0.540592 -0.402643 0.000000 0.000000 0.000000 1.000000
0.558952 -0.049941 -0.827695 -0.139404 0.040767 0.998633 -0.032725 100.957031 0.828197 -0.015451 0.560224 -0.265141 0.000000 0.000000 0.000000 1.000000
0.595228 -0.069884 -0.800513 -0.800625 0.050012 0.997502 -0.049894 100.133606 0.801999 -0.010337 0.597235 -0.076976 0.000000 0.000000 0.000000 1.000000
0.625181 -0.102381 -0.773735 -1.323225 0.073567 0.994675 -0.072173 98.374420 0.777005 -0.011800 0.629384 0.022847 0.000000 0.000000 0.000000 1.000000
0.656730 -0.114274 -0.745418 -1.713529 0.091649 0.993220 -0.071517 95.519547 0.748536 -0.021350 0.662750 -0.029083 0.000000 0.000000 0.000000 1.000000
0.691001 -0.124215 -0.712101 -2.151460 0.106218 0.991880 -0.069947 91.906464 0.715007 -0.027305 0.698584 -0.072191 0.000000 0.000000 0.000000 1.000000
0.733216 -0.136601 -0.666134 -2.914720 0.114000 0.990444 -0.077625 87.983360 0.670372 -0.019023 0.741781 -0.163845 0.000000 0.000000 0.000000 1.000000
0.785707 -0.152902 -0.599405 -4.191301 0.116660 0.988209 -0.099162 84.134033 0.607499 0.007985 0.794280 -0.198417 0.000000 0.000000 0.000000 1.000000
0.835611 -0.169293 -0.522584 -5.504553 0.130172 0.985255 -0.111032 80.619331 0.533676 0.024754 0.845327 -0.340995 0.000000 0.000000 0.000000 1.000000
0.869344 -0.183633 -0.458824 -6.430218 0.147879 0.982524 -0.113040 77.597382 0.471564 0.030420 0.881307 -0.589552 0.000000 0.000000 0.000000 1.000000
0.885482 -0.192151 -0.423084 -6.797285 0.153910 0.980382 -0.123136 75.086075 0.438444 0.043918 0.897685 -0.718027 0.000000 0.000000 0.000000 1.000000
0.897134 -0.196772 -0.395514 -6.995191 0.155028 0.978612 -0.135221 72.931915 0.413663 0.059995 0.908451 -0.812949 0.000000 0.000000 0.000000 1.000000
0.909034 -0.203730 -0.363526 -7.263283 0.161408 0.976388 -0.143578 71.264359 0.384193 0.071841 0.920453 -1.098898 0.000000 0.000000 0.000000 1.000000
0.923943 -0.206744 -0.321849 -7.724771 0.168881 0.975391 -0.141743 70.147232 0.343233 0.076609 0.936121 -1.537841 0.000000 0.000000 0.000000 1.000000
0.940817 -0.204794 -0.270044 -8.513063 0.174179 0.975678 -0.133095 69.700531 0.290733 0.078182 0.953605 -1.927133 0.000000 0.000000 0.000000 1.000000
0.958669 -0.202282 -0.200088 -9.788507 0.180080 0.975839 -0.123733 69.880630 0.220283 0.082587 0.971934 -2.043183 0.000000 0.000000 0.000000 1.000000
0.974688 -0.197730 -0.104338 -11.662489 0.187223 0.976960 -0.102455 70.672668 0.122192 0.080327 0.989251 -1.794499 0.000000 0.000000 0.000000 1.000000
0.982782 -0.183625 0.020511 -14.060972 0.184606 0.980491 -0.067515 72.003883 -0.007714 0.070139 0.997507 -1.093287 0.000000 0.000000 0.000000 1.000000
0.971503 -0.162864 0.172212 -16.850056 0.166974 0.985915 -0.009558 73.860939 -0.168230 0.038040 0.985014 0.041626 0.000000 0.000000 0.000000 1.000000
0.926567 -0.153750 0.343271 -19.892057 0.139956 0.988037 0.064766 75.877373 -0.349122 -0.011968 0.937001 1.927276 0.000000 0.000000 0.000000 1.000000
0.848583 -0.165928 0.502370 -22.724300 0.107699 0.983841 0.143033 77.838242 -0.517985 -0.067270 0.852741 4.510848 0.000000 0.000000 0.000000 1.000000
0.759701 -0.190204 0.621833 -24.575211 0.079364 0.976237 0.201648 80.426941 -0.645411 -0.103841 0.756744 7.435419 0.000000 0.000000 0.000000 1.000000
0.691141 -0.197311 0.695264 -25.156799 0.057596 0.973988 0.219157 83.514671 -0.720421 -0.111424 0.684528 10.101581 0.000000 0.000000 0.000000 1.000000
0.672229 -0.189392 0.715708 -24.839958 0.044286 0.975281 0.216485 86.698273 -0.739017 -0.113831 0.664000 11.410957 0.000000 0.000000 0.000000 1.000000
0.683265 -0.175463 0.708774 -24.043167 0.045598 0.979056 0.198417 89.649155 -0.728745 -0.103253 0.676956 11.956724 0.000000 0.000000 0.000000 1.000000
0.678593 -0.151334 0.718755 -23.543530 0.049159 0.985708 0.161129 92.423904 -0.732867 -0.074008 0.676335 12.898217 0.000000 0.000000 0.000000 1.000000
0.651988 -0.134045 0.746287 -23.714502 0.047793 0.989557 0.135986 94.824524 -0.756722 -0.052994 0.651586 14.128734 0.000000 0.000000 0.000000 1.000000
0.624424 -0.123349 0.771284 -24.135103 0.033861 0.990798 0.131042 96.714081 -0.780351 -0.055710 0.622855 15.097839 0.000000 0.000000 0.000000 1.000000
0.594310 -0.113344 0.796209 -24.630020 0.002519 0.990276 0.139090 97.983765 -0.804232 -0.080657 0.588817 15.761808 0.000000 0.000000 0.000000 1.000000
0.571083 -0.109660 0.813535 -25.090841 -0.029162 0.987702 0.153608 98.744080 -0.820374 -0.111447 0.560861 16.007721 0.000000 0.000000 0.000000 1.000000
0.563018 -0.108388 0.819306 -25.373806 -0.044750 0.985910 0.161180 99.106979 -0.825232 -0.127411 0.550234 15.914745 0.000000 0.000000 0.000000 1.000000
0.560763 -0.104211 0.821392 -25.618996 -0.050355 0.985919 0.159462 99.355316 -0.826444 -0.130782 0.547619 15.703149 0.000000 0.000000 0.000000 1.000000
0.560384 -0.099600 0.822222 -25.887564 -0.052073 0.986542 0.154995 99.440109 -0.826594 -0.129672 0.547656 15.334455 0.000000 0.000000 0.000000 1.000000
0.558739 -0.094355 0.823958 -26.144981 -0.047549 0.988228 0.145410 99.446976 -0.827979 -0.120425 0.547675 15.010942 0.000000 0.000000 0.000000 1.000000
0.564188 -0.094138 0.820262 -26.331226 -0.032779 0.990142 0.136180 99.406967 -0.824995 -0.103719 0.555541 14.553352 0.000000 0.000000 0.000000 1.000000
0.581450 -0.098492 0.807598 -26.334698 -0.014569 0.991226 0.131375 99.309357 -0.813451 -0.088154 0.574914 13.798429 0.000000 0.000000 0.000000 1.000000
0.613763 -0.099334 0.783216 -26.007460 -0.006232 0.991413 0.130623 99.111366 -0.789466 -0.085052 0.607874 12.590950 0.000000 0.000000 0.000000 1.000000
0.661460 -0.098533 0.743479 -25.375778 -0.005282 0.990695 0.135996 98.792244 -0.749962 -0.093883 0.654785 11.090285 0.000000 0.000000 0.000000 1.000000
0.719664 -0.096972 0.687518 -24.476694 -0.001594 0.989966 0.141300 98.483101 -0.694321 -0.102784 0.712288 9.552464 0.000000 0.000000 0.000000 1.000000
0.781944 -0.091537 0.616592 -23.322672 0.004518 0.989965 0.141237 98.158073 -0.623333 -0.107654 0.774511 8.093726 0.000000 0.000000 0.000000 1.000000
0.838744 -0.085623 0.537752 -22.113495 0.011949 0.990216 0.139029 97.835487 -0.544395 -0.110184 0.831561 6.652526 0.000000 0.000000 0.000000 1.000000
0.889242 -0.080368 0.450322 -20.786646 0.021043 0.990590 0.135236 97.599609 -0.456953 -0.110782 0.882565 5.254647 0.000000 0.000000 0.000000 1.000000
0.933693 -0.076499 0.349807 -19.190014 0.032708 0.991049 0.129428 97.565758 -0.356577 -0.109405 0.927838 3.945709 0.000000 0.000000 0.000000 1.000000
0.967547 -0.074662 0.241407 -17.444084 0.046480 0.991636 0.120404 97.660942 -0.248378 -0.105277 0.962925 2.714346 0.000000 0.000000 0.000000 1.000000
0.987809 -0.077165 0.135199 -15.671270 0.062868 0.992269 0.107005 97.880562 -0.142411 -0.097200 0.985023 1.617225 0.000000 0.000000 0.000000 1.000000
0.995737 -0.086926 0.030842 -14.003954 0.084025 0.992801 0.085356 98.119858 -0.038040 -0.082401 0.995873 0.724057 0.000000 0.000000 0.000000 1.000000
0.993301 -0.092265 -0.069566 -12.424597 0.096794 0.993192 0.064818 98.422592 0.063112 -0.071117 0.995469 0.030094 0.000000 0.000000 0.000000 1.000000
0.982493 -0.090472 -0.162855 -10.956979 0.098525 0.994245 0.042060 98.857803 0.158112 -0.057369 0.985753 -0.319327 0.000000 0.000000 0.000000 1.000000
0.964801 -0.088872 -0.247509 -9.772040 0.097476 0.994979 0.022701 99.165703 0.244248 -0.046028 0.968620 -0.381654 0.000000 0.000000 0.000000 1.000000
0.940172 -0.088628 -0.328971 -8.642822 0.095316 0.995438 0.004224 99.449112 0.327096 -0.035327 0.944331 -0.388652 0.000000 0.000000 0.000000 1.000000
0.908829 -0.089420 -0.407472 -7.557064 0.092291 0.995652 -0.012651 99.722702 0.406832 -0.026109 0.913130 -0.371667 0.000000 0.000000 0.000000 1.000000
0.872511 -0.087697 -0.480660 -6.684523 0.088023 0.995877 -0.021918 99.952118 0.480601 -0.023185 0.876633 -0.245218 0.000000 0.000000 0.000000 1.000000
0.829234 -0.082884 -0.552722 -5.738738 0.078528 0.996411 -0.031604 100.272339 0.553358 -0.017198 0.832766 -0.033038 0.000000 0.000000 0.000000 1.000000
0.780951 -0.080352 -0.619402 -4.825378 0.070570 0.996692 -0.040321 100.616867 0.620593 -0.012222 0.784038 0.179937 0.000000 0.000000 0.000000 1.000000
0.734611 -0.088262 -0.672723 -4.147388 0.074018 0.996010 -0.049850 100.992172 0.674439 -0.013173 0.738213 0.311154 0.000000 0.000000 0.000000 1.000000
0.716665 -0.087361 -0.691924 -3.764314 0.074513 0.996036 -0.048581 100.989052 0.693426 -0.016741 0.720334 0.244546 0.000000 0.000000 0.000000 1.000000
0.699009 -0.086067 -0.709915 -3.388315 0.074804 0.996085 -0.047107 100.976845 0.711190 -0.020176 0.702711 0.173193 0.000000 0.000000 0.000000 1.000000
0.681599 -0.084422 -0.726840 -3.018379 0.074915 0.996154 -0.045451 100.956863 0.727881 -0.023472 0.685302 0.097773 0.000000 0.000000 0.000000 1.000000
0.664375 -0.082468 -0.742836 -2.653496 0.074865 0.996238 -0.043642 100.930389 0.743640 -0.026618 0.668050 0.018964 0.000000 0.000000 0.000000 1.000000
0.647266 -0.080243 -0.758029 -2.292655 0.074671 0.996336 -0.041710 100.898735 0.758598 -0.029605 0.650886 -0.062557 0.000000 0.000000 0.000000 1.000000
0.630189 -0.077787 -0.772536 -1.934846 0.074342 0.996443 -0.039688 100.863190 0.772875 -0.032421 0.633730 -0.146111 0.000000 0.000000 0.000000 1.000000
0.613049 -0.075135 -0.786464 -1.579058 0.073888 0.996557 -0.037611 100.825050 0.786582 -0.035053 0.616490 -0.231021 0.000000 0.000000 0.000000 1.000000
0.595746 -0.072324 -0.799910 -1.224280 0.073312 0.996676 -0.035515 100.785622 0.799820 -0.037485 0.599069 -0.316609 0.000000 0.000000 0.000000 1.000000
0.578168 -0.069388 -0.812962 -0.869503 0.072615 0.996799 -0.033436 100.746185 0.812680 -0.039702 0.581356 -0.402197 0.000000 0.000000 0.000000 1.000000
0.560197 -0.066361 -0.825697 -0.513715 0.071793 0.996925 -0.031414 100.708054 0.825242 -0.041682 0.563239 -0.487107 0.000000 0.000000 0.000000 1.000000
0.541708 -0.063275 -0.838181 -0.155905 0.070839 0.997052 -0.029486 100.672501 0.837576 -0.043403 0.544594 -0.570661 0.000000 0.000000 0.000000 1.000000
0.522569 -0.060166 -0.850471 0.204936 0.069742 0.997181 -0.027692 100.640846 0.849740 -0.044842 0.525292 -0.652182 0.000000 0.000000 0.000000 1.000000</float_array>
        <technique_common>
          <accessor source="#mixamorig_Hips-Matrix-animation-output-transform-array" count="70" stride="16">
            <param type="float4x4"/>
          </accessor>
        </technique_common>
      </source>
      <source id="mixamorig_Hips-Interpolations">
        <Name_array id="mixamorig_Hips-Interpolations-array" count="70">
 LINEAR LINEAR LINEAR LINEAR LINEAR LINEAR LINEAR LINEAR LINEAR LINEAR LINEAR
LINEAR LINEAR LINEAR LINEAR LINEAR LINEAR LINEAR LINEAR LINEAR LINEAR LINEAR LINEAR
LINEAR LINEAR LINEAR LINEAR LINEAR LINEAR LINEAR LINEAR LINEAR LINEAR LINEAR LINEAR
LINEAR LINEAR LINEAR LINEAR LINEAR LINEAR LINEAR LINEAR LINEAR LINEAR LINEAR LINEAR
LINEAR LINEAR LINEAR LINEAR LINEAR LINEAR LINEAR LINEAR LINEAR LINEAR LINEAR LINEAR
LINEAR LINEAR LINEAR LINEAR LINEAR LINEAR LINEAR LINEAR LINEAR LINEAR LINEAR</Name_array>
        <technique_common>
          <accessor source="#mixamorig_Hips-Interpolations-array" count="70">
            <param type="name"/>
          </accessor>
        </technique_common>
      </source>
      <sampler id="mixamorig_Hips-Matrix-animation-transform">
        <input semantic="INPUT" source="#mixamorig_Hips-Matrix-animation-input"/>
        <input semantic="OUTPUT" source="#mixamorig_Hips-Matrix-animation-output-transform"/>
        <input semantic="INTERPOLATION" source="#mixamorig_Hips-Interpolations"/>
      </sampler>
      <channel source="#mixamorig_Hips-Matrix-animation-transform" target="mixamorig_Hips/matrix"/>
    </animation>
    <animation id="mixamorig_Spine-anim" name="mixamorig_Spine">
      <source id="mixamorig_Spine-Matrix-animation-input">
        <float_array id="mixamorig_Spine-Matrix-animation-input-array" count="70">

0.000000 0.033333 0.066667 0.100000 0.133333 0.166667 0.200000 0.233333 0.266667 0.300000 0.333333 0.366667 0.400000 0.433333 0.466667 0.500000
0.533333 0.566667 0.600000 0.633333 0.666667 0.700000 0.733333 0.766667 0.800000 0.833333 0.866667 0.900000 0.933333 0.966667 1.000000 1.033333
1.066667 1.100000 1.133333 1.166667 1.200000 1.233333 1.266667 1.300000 1.333333 1.366667 1.400000 1.433333 1.466667 1.500000 1.533333 1.566667
1.600000 1.633333 1.666667 1.700000 1.733333 1.766667 1.800000 1.833333 1.866667 1.900000 1.933333 1.966667 2.000000 2.033333 2.066667 2.100000
2.133333 2.166667 2.200000 2.233333 2.266667 2.300000</float_array>
        <technique_common>
          <accessor source="#mixamorig_Spine-Matrix-animation-input-array" count="70">
            <param name="TIME" type="float"/>
          </accessor>
        </technique_common>
      </source>
      <source id="mixamorig_Spine-Matrix-animation-output-transform">
        <float_array id="mixamorig_Spine-Matrix-animation-output-transform-array" count="1120">

0.998816 0.048625 0.001208 0.000000 -0.047275 0.976313 -0.211137 8.536500 -0.011446 0.210830 0.977456 0.187100 0.000000 0.000000 0.000000 1.000000
0.998933 0.046169 0.000698 0.000000 -0.044978 0.976379 -0.211332 8.536500 -0.010439 0.211076 0.977414 0.187100 0.000000 0.000000 0.000000 1.000000
0.999074 0.043035 -0.000037 -0.000000 -0.042066 0.976391 -0.211875 8.536500 -0.009082 0.211680 0.977297 0.187100 0.000000 0.000000 0.000000 1.000000
0.999322 0.036755 -0.002142 0.000000 -0.036361 0.976110 -0.214214 8.536500 -0.005783 0.214147 0.976784 0.187100 0.000000 0.000000 0.000000 1.000000
0.999539 0.029556 -0.006956 -0.000000 -0.030362 0.975246 -0.219027 8.536500 0.000310 0.219138 0.975694 0.187100 0.000000 0.000000 0.000000 1.000000
0.999594 0.024331 -0.014852 0.000000 -0.026976 0.975798 -0.217004 8.536500 0.009212 0.217317 0.976058 0.187100 0.000000 0.000000 0.000000 1.000000
0.999517 0.023209 -0.020659 -0.000000 -0.027067 0.976880 -0.212069 8.536500 0.015259 0.212526 0.977036 0.187100 0.000000 0.000000 0.000000 1.000000
0.999445 0.021427 -0.025513 0.000000 -0.026450 0.975916 -0.216538 8.536500 0.020259 0.217092 0.975941 0.187100 0.000000 0.000000 0.000000 1.000000
0.999383 0.019192 -0.029412 -0.000000 -0.025252 0.974723 -0.221985 8.536500 0.024408 0.222591 0.974606 0.187100 0.000000 0.000000 0.000000 1.000000
0.999312 0.014917 -0.033968 0.000000 -0.022162 0.974310 -0.224118 8.536500 0.029752 0.224716 0.973970 0.187100 0.000000 0.000000 0.000000 1.000000
0.999125 0.007726 -0.041110 0.000000 -0.016594 0.975364 -0.219977 8.536500 0.038398 0.220467 0.974638 0.187100 0.000000 0.000000 0.000000 1.000000
0.998825 0.002783 -0.048377 0.000000 -0.013246 0.976005 -0.217343 8.536500 0.046611 0.217729 0.974896 0.187100 0.000000 0.000000 0.000000 1.000000
0.998660 0.001093 -0.051741 0.000000 -0.012395 0.975731 -0.218619 8.536500 0.050246 0.218968 0.974438 0.187100 0.000000 0.000000 0.000000 1.000000
0.998768 -0.002242 -0.049578 0.000000 -0.008694 0.975628 -0.219258 8.536500 0.048861 0.219419 0.974406 0.187100 0.000000 0.000000 0.000000 1.000000
0.998978 -0.006461 -0.044730 -0.000000 -0.003487 0.975761 -0.218812 8.536500 0.045060 0.218744 0.974741 0.187100 0.000000 0.000000 0.000000 1.000000
0.999217 -0.008962 -0.038536 -0.000000 0.000338 0.975901 -0.218214 8.536500 0.039563 0.218030 0.975140 0.187100 0.000000 0.000000 0.000000 1.000000
0.999434 -0.010329 -0.032012 0.000000 0.003053 0.975609 -0.219492 8.536500 0.033499 0.219270 0.975089 0.187100 0.000000 0.000000 0.000000 1.000000
0.999702 -0.010575 -0.022018 0.000000 0.005459 0.975354 -0.220577 8.536500 0.023808 0.220391 0.975121 0.187100 0.000000 0.000000 0.000000 1.000000
0.999900 -0.011845 -0.007764 -0.000000 0.009865 0.975840 -0.218264 8.536500 0.010162 0.218165 0.975859 0.187100 0.000000 0.000000 0.000000 1.000000
0.999856 -0.014218 0.009217 -0.000000 0.015863 0.976649 -0.214256 8.536500 -0.005956 0.214371 0.976734 0.187100 0.000000 0.000000 0.000000 1.000000
0.999492 -0.019123 0.025497 0.000000 0.024080 0.977181 -0.211038 8.536500 -0.020880 0.211544 0.977145 0.187100 0.000000 0.000000 0.000000 1.000000
0.998810 -0.026134 0.041171 -0.000000 0.034332 0.976428 -0.213095 8.536500 -0.034631 0.214255 0.976164 0.187100 0.000000 0.000000 0.000000 1.000000
0.997965 -0.031880 0.055229 0.000000 0.043022 0.975866 -0.214092 8.536500 -0.047071 0.216032 0.975251 0.187100 0.000000 0.000000 0.000000 1.000000
0.997211 -0.029981 0.068352 0.000000 0.043849 0.976403 -0.211456 8.536500 -0.060399 0.213864 0.974995 0.187100 0.000000 0.000000 0.000000 1.000000
0.996387 -0.022977 0.081761 0.000000 0.039092 0.978741 -0.201341 8.536500 -0.075396 0.203809 0.976103 0.187100 0.000000 0.000000 0.000000 1.000000
0.995564 -0.019476 0.092053 0.000000 0.036104 0.982525 -0.182598 8.536500 -0.086888 0.185111 0.978869 0.187100 0.000000 0.000000 0.000000 1.000000
0.994499 -0.024360 0.101879 0.000000 0.041223 0.985121 -0.166846 8.536500 -0.096299 0.170127 0.980705 0.187100 0.000000 0.000000 0.000000 1.000000
0.992793 -0.033288 0.115126 0.000000 0.050875 0.986858 -0.153373 8.536500 -0.108507 0.158125 0.981439 0.187100 0.000000 0.000000 0.000000 1.000000
0.992084 -0.034186 0.120830 0.000000 0.050814 0.989220 -0.137339 8.536500 -0.114832 0.142391 0.983127 0.187100 0.000000 0.000000 0.000000 1.000000
0.991992 -0.028429 0.123058 -0.000000 0.044310 0.990744 -0.128311 8.536500 -0.118271 0.132736 0.984070 0.187100 0.000000 0.000000 0.000000 1.000000
0.991724 -0.024550 0.126021 0.000000 0.040467 0.991288 -0.125340 8.536500 -0.121846 0.129403 0.984077 0.187100 0.000000 0.000000 0.000000 1.000000
0.992057 -0.023105 0.123647 0.000000 0.038768 0.991297 -0.125809 8.536500 -0.119664 0.129603 0.984319 0.187100 0.000000 0.000000 0.000000 1.000000
0.992385 -0.022294 0.121139 0.000000 0.038044 0.990876 -0.129299 8.536500 -0.117151 0.132923 0.984178 0.187100 0.000000 0.000000 0.000000 1.000000
0.992368 -0.019247 0.121800 0.000000 0.035348 0.990693 -0.131447 8.536500 -0.118136 0.134749 0.983812 0.187100 0.000000 0.000000 0.000000 1.000000
0.992308 -0.016090 0.122746 0.000000 0.032356 0.990761 -0.131700 8.536500 -0.119493 0.134659 0.983661 0.187100 0.000000 0.000000 0.000000 1.000000
0.992166 -0.015407 0.123972 0.000000 0.031995 0.990606 -0.132950 8.536500 -0.120759 0.135875 0.983339 0.187100 0.000000 0.000000 0.000000 1.000000
0.992202 -0.014844 0.123755 0.000000 0.031569 0.990438 -0.134298 8.536500 -0.120578 0.137157 0.983183 0.187100 0.000000 0.000000 0.000000 1.000000
0.992767 -0.011775 0.119482 0.000000 0.028192 0.990216 -0.136663 8.536500 -0.116704 0.139043 0.983386 0.187100 0.000000 0.000000 0.000000 1.000000
0.993432 -0.008436 0.114108 0.000000 0.024554 0.989763 -0.140590 8.536500 -0.111754 0.142469 0.983470 0.187100 0.000000 0.000000 0.000000 1.000000
0.993772 -0.010487 0.110940 -0.000000 0.026614 0.989087 -0.144906 8.536500 -0.108210 0.146956 0.983206 0.187100 0.000000 0.000000 0.000000 1.000000
0.994092 -0.015096 0.107481 0.000000 0.031358 0.987996 -0.151266 8.536500 -0.103908 0.153742 0.982632 0.187100 0.000000 0.000000 0.000000 1.000000
0.994549 -0.016784 0.102908 0.000000 0.033008 0.986879 -0.158051 8.536500 -0.098905 0.160586 0.982054 0.187100 0.000000 0.000000 0.000000 1.000000
0.995067 -0.015657 0.097965 0.000000 0.031681 0.985914 -0.164224 8.536500 -0.094014 0.166518 0.981546 0.187100 0.000000 0.000000 0.000000 1.000000
0.995570 -0.014051 0.092963 0.000000 0.029802 0.984943 -0.170293 8.536500 -0.089171 0.172309 0.980999 0.187100 0.000000 0.000000 0.000000 1.000000
0.996005 -0.012525 0.088416 0.000000 0.028073 0.983833 -0.176875 8.536500 -0.084772 0.178650 0.980254 0.187100 0.000000 0.000000 0.000000 1.000000
0.996296 -0.011402 0.085236 -0.000000 0.027053 0.982405 -0.184793 8.536500 -0.081629 0.186414 0.979074 0.187100 0.000000 0.000000 0.000000 1.000000
0.996562 -0.010121 0.082227 0.000000 0.025914 0.980789 -0.193344 8.536500 -0.078690 0.194810 0.977679 0.187100 0.000000 0.000000 0.000000 1.000000
0.997002 -0.007641 0.077002 -0.000000 0.023092 0.979150 -0.201823 8.536500 -0.073854 0.202996 0.976390 0.187100 0.000000 0.000000 0.000000 1.000000
0.997433 -0.001285 0.071595 0.000000 0.016162 0.978079 -0.207606 8.536500 -0.069759 0.208230 0.975589 0.187100 0.000000 0.000000 0.000000 1.000000
0.997805 0.004178 0.066095 0.000000 0.010059 0.976870 -0.213599 8.536500 -0.065459 0.213795 0.974683 0.187100 0.000000 0.000000 0.000000 1.000000
0.998066 0.006874 0.061775 -0.000000 0.006726 0.976084 -0.217289 8.536500 -0.061792 0.217284 0.974151 0.187100 0.000000 0.000000 0.000000 1.000000
0.998332 0.010144 0.056844 -0.000000 0.002511 0.975887 -0.218261 8.536500 -0.057688 0.218040 0.974233 0.187100 0.000000 0.000000 0.000000 1.000000
0.998567 0.013557 0.051761 0.000000 -0.001912 0.975792 -0.218691 8.536500 -0.053473 0.218279 0.974420 0.187100 0.000000 0.000000 0.000000 1.000000
0.998784 0.017508 0.046090 -0.000000 -0.006993 0.975679 -0.219091 8.536500 -0.048805 0.218502 0.974615 0.187100 0.000000 0.000000 0.000000 1.000000
0.999007 0.024292 0.037338 -0.000000 -0.015511 0.975463 -0.219618 8.536500 -0.041757 0.218821 0.974871 0.187100 0.000000 0.000000 0.000000 1.000000
0.999083 0.028446 0.031986 0.000000 -0.020719 0.975244 -0.220157 8.536500 -0.037456 0.219292 0.974940 0.187100 0.000000 0.000000 0.000000 1.000000
0.999091 0.032616 0.027440 -0.000000 -0.025779 0.975076 -0.220371 8.536500 -0.033943 0.219463 0.975030 0.187100 0.000000 0.000000 0.000000 1.000000
0.998941 0.039516 0.023549 0.000000 -0.033412 0.975152 -0.219002 8.536500 -0.031618 0.217983 0.975440 0.187100 0.000000 0.000000 0.000000 1.000000
0.998941 0.040661 0.021552 0.000000 -0.034986 0.975250 -0.218319 8.536500 -0.029896 0.217334 0.975639 0.187100 0.000000 0.000000 0.000000 1.000000
0.998939 0.041670 0.019602 -0.000000 -0.036415 0.975348 -0.217648 8.536500 -0.028188 0.216703 0.975831 0.187100 0.000000 0.000000 0.000000 1.000000
0.998937 0.042563 0.017691 0.000000 -0.037720 0.975446 -0.216987 8.536500 -0.026492 0.216089 0.976014 0.187100 0.000000 0.000000 0.000000 1.000000
0.998934 0.043360 0.015814 0.000000 -0.038920 0.975543 -0.216334 8.536500 -0.024807 0.215488 0.976191 0.187100 0.000000 0.000000 0.000000 1.000000
0.998930 0.044080 0.013963 0.000000 -0.040037 0.975641 -0.215688 8.536500 -0.023130 0.214898 0.976362 0.187100 0.000000 0.000000 0.000000 1.000000
0.998925 0.044742 0.012131 0.000000 -0.041092 0.975739 -0.215046 8.536500 -0.021459 0.214316 0.976529 0.187100 0.000000 0.000000 0.000000 1.000000
0.998917 0.045368 0.010314 0.000000 -0.042106 0.975837 -0.214406 8.536500 -0.019792 0.213739 0.976690 0.187100 0.000000 0.000000 0.000000 1.000000
0.998906 0.045975 0.008504 -0.000000 -0.043098 0.975934 -0.213765 8.536500 -0.018127 0.213165 0.976848 0.187100 0.000000 0.000000 0.000000 1.000000
0.998892 0.046585 0.006694 0.000000 -0.044091 0.976031 -0.213120 8.536500 -0.016462 0.212589 0.977003 0.187100 0.000000 0.000000 0.000000 1.000000
0.998873 0.047217 0.004879 0.000000 -0.045104 0.976126 -0.212470 8.536500 -0.014795 0.212010 0.977155 0.187100 0.000000 0.000000 0.000000 1.000000
0.998848 0.047890 0.003052 0.000000 -0.046158 0.976220 -0.211810 8.536500 -0.013124 0.211425 0.977306 0.187100 0.000000 0.000000 0.000000 1.000000
0.998816 0.048625 0.001208 0.000000 -0.047275 0.976313 -0.211137 8.536500 -0.011446 0.210830 0.977456 0.187100 0.000000 0.000000 0.000000 1.000000</float_array>
        <technique_common>
          <accessor source="#mixamorig_Spine-Matrix-animation-output-transform-array" count="70" stride="16">
            <param type="float4x4"/>
          </accessor>
        </technique_common>
      </source>
      <source id="mixamorig_Spine-Interpolations">
        <Name_array id="mixamorig_Spine-Interpolations-array" count="70">
 LINEAR LINEAR LINEAR LINEAR LINEAR LINEAR LINEAR LINEAR LINEAR LINEAR LINEAR
LINEAR LINEAR LINEAR LINEAR LINEAR LINEAR LINEAR LINEAR LINEAR LINEAR LINEAR LINEAR
LINEAR LINEAR LINEAR LINEAR LINEAR LINEAR LINEAR LINEAR LINEAR LINEAR LINEAR LINEAR
LINEAR LINEAR LINEAR LINEAR LINEAR LINEAR LINEAR LINEAR LINEAR LINEAR LINEAR LINEAR
LINEAR LINEAR LINEAR LINEAR LINEAR LINEAR LINEAR LINEAR LINEAR LINEAR LINEAR LINEAR
LINEAR LINEAR LINEAR LINEAR LINEAR LINEAR LINEAR LINEAR LINEAR LINEAR LINEAR</Name_array>
        <technique_common>
          <accessor source="#mixamorig_Spine-Interpolations-array" count="70">
            <param type="name"/>
          </accessor>
        </technique_common>
      </source>
      <sampler id="mixamorig_Spine-Matrix-animation-transform">
        <input semantic="INPUT" source="#mixamorig_Spine-Matrix-animation-input"/>
        <input semantic="OUTPUT" source="#mixamorig_Spine-Matrix-animation-output-transform"/>
        <input semantic="INTERPOLATION" source="#mixamorig_Spine-Interpolations"/>
      </sampler>
      <channel source="#mixamorig_Spine-Matrix-animation-transform" target="mixamorig_Spine/matrix"/>
    </animation>
    <animation id="mixamorig_Spine1-anim" name="mixamorig_Spine1">
      <source id="mixamorig_Spine1-Matrix-animation-input">
        <float_array id="mixamorig_Spine1-Matrix-animation-input-array" count="70">

0.000000 0.033333 0.066667 0.100000 0.133333 0.166667 0.200000 0.233333 0.266667 0.300000 0.333333 0.366667 0.400000 0.433333 0.466667 0.500000
0.533333 0.566667 0.600000 0.633333 0.666667 0.700000 0.733333 0.766667 0.800000 0.833333 0.866667 0.900000 0.933333 0.966667 1.000000 1.033333
1.066667 1.100000 1.133333 1.166667 1.200000 1.233333 1.266667 1.300000 1.333333 1.366667 1.400000 1.433333 1.466667 1.500000 1.533333 1.566667
1.600000 1.633333 1.666667 1.700000 1.733333 1.766667 1.800000 1.833333 1.866667 1.900000 1.933333 1.966667 2.000000 2.033333 2.066667 2.100000
2.133333 2.166667 2.200000 2.233333 2.266667 2.300000</float_array>
        <technique_common>
          <accessor source="#mixamorig_Spine1-Matrix-animation-input-array" count="70">
            <param name="TIME" type="float"/>
          </accessor>
        </technique_common>
      </source>
      <source id="mixamorig_Spine1-Matrix-animation-output-transform">
        <float_array id="mixamorig_Spine1-Matrix-animation-output-transform-array" count="1120">

0.995240 0.097445 -0.001098 0.000000 -0.096568 0.984646 -0.145419 9.685800 -0.013089 0.144833 0.989370 0.000000 0.000000 0.000000 0.000000 1.000000
0.995722 0.092378 -0.001908 -0.000000 -0.091668 0.985059 -0.145796 9.685800 -0.011589 0.145347 0.989313 0.000000 0.000000 0.000000 0.000000 1.000000
0.996297 0.085923 -0.003118 -0.000000 -0.085448 0.985458 -0.146872 9.685800 -0.009547 0.146594 0.989151 -0.000000 0.000000 0.000000 0.000000 1.000000
0.997309 0.072988 -0.006877 -0.000000 -0.073186 0.985737 -0.151547 9.685800 -0.004283 0.151643 0.988426 0.000000 0.000000 0.000000 0.000000 1.000000
0.998195 0.057881 -0.015989 -0.000000 -0.059704 0.985117 -0.161185 9.685800 0.006421 0.161848 0.986795 -0.000000 0.000000 0.000000 0.000000 1.000000
0.998416 0.046768 -0.031276 0.000000 -0.051116 0.986282 -0.156955 9.685800 0.023506 0.158305 0.987110 0.000000 0.000000 0.000000 0.000000 1.000000
0.998093 0.044489 -0.042800 0.000000 -0.050331 0.987877 -0.146854 9.685800 0.035748 0.148728 0.988232 0.000000 0.000000 0.000000 0.000000 1.000000
0.997757 0.041173 -0.052780 0.000000 -0.048954 0.986574 -0.155803 9.685800 0.045657 0.158037 0.986377 0.000000 0.000000 0.000000 0.000000 1.000000
0.997443 0.037260 -0.060980 -0.000000 -0.046985 0.984880 -0.166748 9.685800 0.053845 0.169186 0.984112 -0.000000 0.000000 0.000000 0.000000 1.000000
0.997109 0.029085 -0.070201 -0.000000 -0.040758 0.984417 -0.171064 9.685800 0.064132 0.173431 0.982756 0.000000 0.000000 0.000000 0.000000 1.000000
0.996329 0.014883 -0.084307 -0.000000 -0.028512 0.986241 -0.162839 9.685800 0.080724 0.164645 0.983044 0.000000 0.000000 0.000000 0.000000 1.000000
0.995061 0.005353 -0.099120 0.000000 -0.021012 0.987276 -0.157622 9.685800 0.097015 0.158926 0.982512 -0.000000 0.000000 0.000000 0.000000 1.000000
0.994322 0.002317 -0.106391 0.000000 -0.019441 0.986893 -0.160202 9.685800 0.104625 0.161360 0.981334 -0.000000 0.000000 0.000000 0.000000 1.000000
0.994758 -0.003879 -0.102187 0.000000 -0.012757 0.986766 -0.161647 9.685800 0.101462 0.162103 0.981544 -0.000000 0.000000 0.000000 0.000000 1.000000
0.995648 -0.011636 -0.092469 0.000000 -0.003413 0.986958 -0.160941 9.685800 0.093136 0.160556 0.982623 0.000000 0.000000 0.000000 0.000000 1.000000
0.996641 -0.015854 -0.080343 -0.000000 0.002819 0.987143 -0.159816 9.685800 0.081844 0.159053 0.983872 0.000000 0.000000 0.000000 0.000000 1.000000
0.997543 -0.017873 -0.067746 0.000000 0.006648 0.986700 -0.162418 9.685800 0.069748 0.161568 0.984394 0.000000 0.000000 0.000000 0.000000 1.000000
0.998675 -0.017473 -0.048410 0.000000 0.009279 0.986319 -0.164586 9.685800 0.050623 0.163919 0.985174 -0.000000 0.000000 0.000000 0.000000 1.000000
0.999608 -0.018792 -0.020741 -0.000000 0.015237 0.987016 -0.159898 9.685800 0.023477 0.159520 0.986916 0.000000 0.000000 0.000000 0.000000 1.000000
0.999671 -0.022561 0.012188 0.000000 0.024151 0.988126 -0.151735 9.685800 -0.008620 0.151979 0.988346 -0.000000 0.000000 0.000000 0.000000 1.000000
0.998527 -0.032780 0.043233 -0.000000 0.038736 0.988669 -0.145025 9.685800 -0.037989 0.146486 0.988483 0.000000 0.000000 0.000000 0.000000 1.000000
0.996200 -0.048052 0.072646 -0.000000 0.058457 0.987158 -0.148665 9.685800 -0.064570 0.152346 0.986216 0.000000 0.000000 0.000000 0.000000 1.000000
0.993312 -0.060989 0.098034 -0.000000 0.075332 0.985813 -0.149996 9.685800 -0.087495 0.156378 0.983814 0.000000 0.000000 0.000000 0.000000 1.000000
0.991027 -0.057917 0.120461 0.000000 0.075212 0.986658 -0.144391 9.685800 -0.110491 0.152155 0.982161 0.000000 0.000000 0.000000 0.000000 1.000000
0.988529 -0.043541 0.144619 0.000000 0.061794 0.990328 -0.124224 9.685800 -0.137811 0.131736 0.981659 -0.000000 0.000000 0.000000 0.000000 1.000000
0.985608 -0.036737 0.165006 0.000000 0.051585 0.994905 -0.086623 9.685800 -0.160983 0.093888 0.982481 0.000000 0.000000 0.000000 0.000000 1.000000
0.981426 -0.046198 0.186198 0.000000 0.057268 0.996870 -0.054512 9.685800 -0.183097 0.064163 0.980999 0.000000 0.000000 0.000000 0.000000 1.000000
0.974748 -0.063332 0.214139 0.000000 0.070644 0.997145 -0.026657 9.685800 -0.211839 0.041112 0.976439 -0.000000 0.000000 0.000000 0.000000 1.000000
0.971838 -0.065163 0.226463 0.000000 0.065663 0.997828 0.005331 9.685800 -0.226318 0.009689 0.974005 0.000000 0.000000 0.000000 0.000000 1.000000
0.971306 -0.053402 0.231761 -0.000000 0.049541 0.998520 0.022454 9.685800 -0.232617 -0.010328 0.972514 0.000000 0.000000 0.000000 0.000000 1.000000
0.970083 -0.045163 0.238536 0.000000 0.039688 0.998828 0.027706 9.685800 -0.239507 -0.017410 0.970738 0.000000 0.000000 0.000000 0.000000 1.000000
0.971163 -0.041976 0.234694 0.000000 0.036747 0.998970 0.026608 9.685800 -0.235569 -0.017216 0.971705 0.000000 0.000000 0.000000 0.000000 1.000000
0.972283 -0.040419 0.230288 0.000000 0.036872 0.999126 0.019688 9.685800 -0.230883 -0.010651 0.972923 -0.000000 0.000000 0.000000 0.000000 1.000000
0.972162 -0.034707 0.231726 -0.000000 0.032072 0.999371 0.015128 9.685800 -0.232105 -0.007275 0.972664 -0.000000 0.000000 0.000000 0.000000 1.000000
0.971902 -0.028598 0.233643 0.000000 0.025984 0.999561 0.014257 9.685800 -0.233948 -0.007785 0.972218 0.000000 0.000000 0.000000 0.000000 1.000000
0.971370 -0.027114 0.236020 0.000000 0.025072 0.999618 0.011649 9.685800 -0.236245 -0.005398 0.971678 0.000000 0.000000 0.000000 0.000000 1.000000
0.971519 -0.025487 0.235587 0.000000 0.024085 0.999671 0.008830 9.685800 -0.235734 -0.002905 0.971813 0.000000 0.000000 0.000000 0.000000 1.000000
0.973658 -0.018626 0.227251 0.000000 0.018246 0.999826 0.003774 9.685800 -0.227282 0.000472 0.973829 0.000000 0.000000 0.000000 0.000000 1.000000
0.976183 -0.011361 0.216653 0.000000 0.012601 0.999911 -0.004342 9.685800 -0.216584 0.006969 0.976239 0.000000 0.000000 0.000000 0.000000 1.000000
0.977492 -0.015336 0.210416 0.000000 0.018403 0.999751 -0.012624 9.685800 -0.210170 0.016212 0.977530 0.000000 0.000000 0.000000 0.000000 1.000000
0.978682 -0.024702 0.203889 0.000000 0.030364 0.999234 -0.024693 9.685800 -0.203122 0.030357 0.978683 -0.000000 0.000000 0.000000 0.000000 1.000000
0.980336 -0.028351 0.195287 0.000000 0.036440 0.998615 -0.037951 9.685800 -0.193941 0.044321 0.980012 0.000000 0.000000 0.000000 0.000000 1.000000
0.982178 -0.026647 0.186055 0.000000 0.036602 0.998064 -0.050275 9.685800 -0.184355 0.056189 0.981252 0.000000 0.000000 0.000000 0.000000 1.000000
0.983968 -0.024110 0.176706 0.000000 0.035656 0.997411 -0.062457 9.685800 -0.174742 0.067756 0.982280 0.000000 0.000000 0.000000 0.000000 1.000000
0.985487 -0.021669 0.168362 0.000000 0.034844 0.996522 -0.075696 9.685800 -0.166136 0.080464 0.982814 -0.000000 0.000000 0.000000 0.000000 1.000000
0.986427 -0.019789 0.163005 0.000000 0.035105 0.995175 -0.091625 9.685800 -0.160405 0.096104 0.982362 -0.000000 0.000000 0.000000 0.000000 1.000000
0.987266 -0.017271 0.158137 0.000000 0.034821 0.993444 -0.108888 9.685800 -0.155220 0.113008 0.981395 0.000000 0.000000 0.000000 0.000000 1.000000
0.988793 -0.011535 0.148850 0.000000 0.030568 0.991531 -0.126221 9.685800 -0.146133 0.129356 0.980771 0.000000 0.000000 0.000000 0.000000 1.000000
0.990331 0.002098 0.138708 0.000000 0.017290 0.990222 -0.138426 9.685800 -0.137642 0.139486 0.980611 0.000000 0.000000 0.000000 0.000000 1.000000
0.991667 0.013474 0.128119 0.000000 0.006063 0.988532 -0.150889 9.685800 -0.128683 0.150408 0.980213 -0.000000 0.000000 0.000000 0.000000 1.000000
0.992608 0.018653 0.119922 -0.000000 0.000588 0.987368 -0.158442 9.685800 -0.121362 0.157341 0.980059 0.000000 0.000000 0.000000 0.000000 1.000000
0.993591 0.024652 0.110313 -0.000000 -0.006665 0.987008 -0.160536 9.685800 -0.112838 0.158772 0.980846 0.000000 0.000000 0.000000 0.000000 1.000000
0.994472 0.030876 0.100357 -0.000000 -0.014340 0.986770 -0.161491 9.685800 -0.104016 0.159159 0.981758 0.000000 0.000000 0.000000 0.000000 1.000000
0.995286 0.038136 0.089168 -0.000000 -0.023253 0.986458 -0.162355 9.685800 -0.094152 0.159516 0.982695 -0.000000 0.000000 0.000000 0.000000 1.000000
0.996139 0.050861 0.071561 0.000000 -0.038589 0.985791 -0.163484 9.685800 -0.078860 0.160092 0.983947 0.000000 0.000000 0.000000 0.000000 1.000000
0.996428 0.058388 0.061008 -0.000000 -0.047656 0.985217 -0.164547 9.685800 -0.069714 0.161052 0.984481 0.000000 0.000000 0.000000 0.000000 1.000000
0.996460 0.066028 0.052032 0.000000 -0.056634 0.984676 -0.164942 9.685800 -0.062126 0.161412 0.984930 0.000000 0.000000 0.000000 0.000000 1.000000
0.995862 0.079526 0.043984 -0.000000 -0.071428 0.984169 -0.162203 9.685800 -0.056187 0.158390 0.985777 0.000000 0.000000 0.000000 0.000000 1.000000
0.995852 0.081753 0.039933 0.000000 -0.074347 0.984185 -0.160786 9.685800 -0.052446 0.157150 0.986181 0.000000 0.000000 0.000000 0.000000 1.000000
0.995840 0.083718 0.035982 0.000000 -0.076982 0.984211 -0.159384 9.685800 -0.048757 0.155951 0.986561 -0.000000 0.000000 0.000000 0.000000 1.000000
0.995824 0.085461 0.032117 -0.000000 -0.079371 0.984245 -0.157994 9.685800 -0.045113 0.154785 0.986918 0.000000 0.000000 0.000000 0.000000 1.000000
0.995804 0.087018 0.028323 0.000000 -0.081557 0.984287 -0.156615 9.685800 -0.041506 0.153648 0.987253 0.000000 0.000000 0.000000 0.000000 1.000000
0.995779 0.088429 0.024586 0.000000 -0.083579 0.984334 -0.155243 9.685800 -0.037929 0.152533 0.987570 -0.000000 0.000000 0.000000 0.000000 1.000000
0.995747 0.089731 0.020893 0.000000 -0.085479 0.984386 -0.153874 9.685800 -0.034374 0.151434 0.987870 -0.000000 0.000000 0.000000 0.000000 1.000000
0.995705 0.090964 0.017230 0.000000 -0.087296 0.984440 -0.152503 9.685800 -0.030834 0.150344 0.988153 0.000000 0.000000 0.000000 0.000000 1.000000
0.995651 0.092165 0.013583 0.000000 -0.089071 0.984493 -0.151126 9.685800 -0.027301 0.149259 0.988421 0.000000 0.000000 0.000000 0.000000 1.000000
0.995581 0.093375 0.009939 -0.000000 -0.090845 0.984544 -0.149736 9.685800 -0.023767 0.148171 0.988676 0.000000 0.000000 0.000000 0.000000 1.000000
0.995492 0.094632 0.006286 0.000000 -0.092659 0.984588 -0.148326 9.685800 -0.020226 0.147075 0.988919 -0.000000 0.000000 0.000000 0.000000 1.000000
0.995380 0.095976 0.002611 0.000000 -0.094553 0.984623 -0.146890 9.685800 -0.016669 0.145965 0.989149 -0.000000 0.000000 0.000000 0.000000 1.000000
0.995240 0.097445 -0.001098 0.000000 -0.096568 0.984646 -0.145419 9.685800 -0.013089 0.144833 0.989370 0.000000 0.000000 0.000000 0.000000 1.000000</float_array>
        <technique_common>
          <accessor source="#mixamorig_Spine1-Matrix-animation-output-transform-array" count="70" stride="16">
            <param type="float4x4"/>
          </accessor>
        </technique_common>
      </source>
      <source id="mixamorig_Spine1-Interpolations">
        <Name_array id="mixamorig_Spine1-Interpolations-array" count="70">
 LINEAR LINEAR LINEAR LINEAR LINEAR LINEAR LINEAR LINEAR LINEAR LINEAR LINEAR
LINEAR LINEAR LINEAR LINEAR LINEAR LINEAR LINEAR LINEAR LINEAR LINEAR LINEAR LINEAR
LINEAR LINEAR LINEAR LINEAR LINEAR LINEAR LINEAR LINEAR LINEAR LINEAR LINEAR LINEAR
LINEAR LINEAR LINEAR LINEAR LINEAR LINEAR LINEAR LINEAR LINEAR LINEAR LINEAR LINEAR
LINEAR LINEAR LINEAR LINEAR LINEAR LINEAR LINEAR LINEAR LINEAR LINEAR LINEAR LINEAR
LINEAR LINEAR LINEAR LINEAR LINEAR LINEAR LINEAR LINEAR LINEAR LINEAR LINEAR</Name_array>
        <technique_common>
          <accessor source="#mixamorig_Spine1-Interpolations-array" count="70">
            <param type="name"/>
          </accessor>
        </technique_common>
      </source>
      <sampler id="mixamorig_Spine1-Matrix-animation-transform">
        <input semantic="INPUT" source="#mixamorig_Spine1-Matrix-animation-input"/>
        <input semantic="OUTPUT" source="#mixamorig_Spine1-Matrix-animation-output-transform"/>
        <input semantic="INTERPOLATION" source="#mixamorig_Spine1-Interpolations"/>
      </sampler>
