<?xml version="1.0" encoding="utf-8"?>
<COLLADA xmlns="http://www.collada.org/2005/11/COLLADASchema" version="1.4.1">
  <asset>
    <contributor>
      <author>Mixamo</author>
      <authoring_tool>COLLADA Mixamo exporter</authoring_tool>
      <comments/>
    </contributor>
    <created>2025-11-14T05:17:30Z</created>
    <modified>2025-11-14T05:17:30Z</modified>
    <revision/>
    <title/>
    <unit meter="0.010000"/>
    <up_axis>Y_UP</up_axis>
  </asset>
  <library_animations>
    <animation id="mixamorig_Hips-anim" name="mixamorig_Hips">
      <source id="mixamorig_Hips-Matrix-animation-input">
        <float_array id="mixamorig_Hips-Matrix-animation-input-array" count="338">

0.000000 0.033333 0.066667 0.100000 0.133333 0.166667 0.200000 0.233333 0.266667 0.300000 0.333333 0.366667 0.400000 0.433333 0.466667 0.500000
0.533333 0.566667 0.600000 0.633333 0.666667 0.700000 0.733333 0.766667 0.800000 0.833333 0.866667 0.900000 0.933333 0.966667 1.000000 1.033333
1.066667 1.100000 1.133333 1.166667 1.200000 1.233333 1.266667 1.300000 1.333333 1.366667 1.400000 1.433333 1.466667 1.500000 1.533333 1.566667
1.600000 1.633333 1.666667 1.700000 1.733333 1.766667 1.800000 1.833333 1.866667 1.900000 1.933333 1.966667 2.000000 2.033333 2.066667 2.100000
2.133333 2.166667 2.200000 2.233333 2.266667 2.300000 2.333333 2.366667 2.400000 2.433333 2.466667 2.500000 2.533333 2.566667 2.600000 2.633333
2.666667 2.700000 2.733333 2.766667 2.800000 2.833333 2.866667 2.900000 2.933333 2.966667 3.000000 3.033333 3.066667 3.100000 3.133333 3.166667
3.200000 3.233333 3.266667 3.300000 3.333333 3.366667 3.400000 3.433333 3.466667 3.500000 3.533333 3.566667 3.600000 3.633333 3.666667 3.700000
3.733333 3.766667 3.800000 3.833333 3.866667 3.900000 3.933333 3.966667 4.000000 4.033333 4.066667 4.100000 4.133333 4.166667 4.200000 4.233333
4.266667 4.300000 4.333333 4.366667 4.400000 4.433333 4.466667 4.500000 4.533333 4.566667 4.600000 4.633333 4.666667 4.700000 4.733333 4.766667
4.800000 4.833333 4.866667 4.900000 4.933333 4.966667 5.000000 5.033333 5.066667 5.100000 5.133333 5.166667 5.200000 5.233333 5.266667 5.300000
5.333333 5.366667 5.400000 5.433333 5.466667 5.500000 5.533333 5.566667 5.600000 5.633333 5.666667 5.700000 5.733333 5.766667 5.800000 5.833333
5.866667 5.900000 5.933333 5.966667 6.000000 6.033333 6.066667 6.100000 6.133333 6.166667 6.200000 6.233333 6.266667 6.300000 6.333333 6.366667
6.400000 6.433333 6.466667 6.500000 6.533333 6.566667 6.600000 6.633333 6.666667 6.700000 6.733333 6.766667 6.800000 6.833333 6.866667 6.900000
6.933333 6.966667 7.000000 7.033333 7.066667 7.100000 7.133333 7.166667 7.200000 7.233333 7.266667 7.300000 7.333333 7.366667 7.400000 7.433333
7.466667 7.500000 7.533333 7.566667 7.600000 7.633333 7.666667 7.700000 7.733333 7.766667 7.800000 7.833333 7.866667 7.900000 7.933333 7.966667
8.000000 8.033333 8.066667 8.100000 8.133333 8.166667 8.200000 8.233333 8.266667 8.300000 8.333333 8.366667 8.400000 8.433333 8.466667 8.500000
8.533333 8.566667 8.600000 8.633333 8.666667 8.700000 8.733333 8.766667 8.800000 8.833333 8.866667 8.900000 8.933333 8.966667 9.000000 9.033333
9.066667 9.100000 9.133333 9.166667 9.200000 9.233333 9.266667 9.300000 9.333333 9.366667 9.400000 9.433333 9.466667 9.500000 9.533333 9.566667
9.600000 9.633333 9.666667 9.700000 9.733333 9.766667 9.800000 9.833333 9.866667 9.900000 9.933333 9.966667 10.000000 10.033333 10.066667 10.100000
10.133333 10.166667 10.200000 10.233333 10.266667 10.300000 10.333333 10.366667 10.400000 10.433333 10.466667 10.500000 10.533333 10.566667 10.600000 10.633333
10.666667 10.700000 10.733333 10.766667 10.800000 10.833333 10.866667 10.900000 10.933333 10.966667 11.000000 11.033333 11.066667 11.100000 11.133333 11.166667
11.200000 11.233333</float_array>
        <technique_common>
          <accessor source="#mixamorig_Hips-Matrix-animation-input-array" count="338">
            <param name="TIME" type="float"/>
          </accessor>
        </technique_common>
      </source>
      <source id="mixamorig_Hips-Matrix-animation-output-transform">
        <float_array id="mixamorig_Hips-Matrix-animation-output-transform-array" count="5408">

0.522569 -0.060166 -0.850471 0.204838 0.069742 0.997181 -0.027692 100.640137 0.849739 -0.044842 0.525292 -0.652101 0.000000 0.000000 0.000000 1.000000
0.522730 -0.060138 -0.850375 0.487844 0.069539 0.997192 -0.027775 100.645996 0.849658 -0.044616 0.525444 -0.239787 0.000000 0.000000 0.000000 1.000000
0.523621 -0.060097 -0.849829 0.775922 0.068758 0.997236 -0.028156 100.646271 0.849172 -0.043689 0.526306 0.177946 0.000000 0.000000 0.000000 1.000000
0.524599 -0.060051 -0.849229 1.064652 0.067914 0.997282 -0.028568 100.645645 0.848636 -0.042688 0.527251 0.596102 0.000000 0.000000 0.000000 1.000000
0.525655 -0.060005 -0.848579 1.353830 0.066976 0.997332 -0.029035 100.644981 0.848057 -0.041572 0.528271 1.015461 0.000000 0.000000 0.000000 1.000000
0.526781 -0.059962 -0.847884 1.643249 0.065913 0.997387 -0.029583 100.645058 0.847442 -0.040303 0.529356 1.436802 0.000000 0.000000 0.000000 1.000000
0.528203 -0.059930 -0.847000 1.933741 0.064465 0.997458 -0.030375 100.646782 0.846667 -0.038558 0.530724 1.863927 0.000000 0.000000 0.000000 1.000000
0.529682 -0.059904 -0.846078 2.224669 0.062737 0.997538 -0.031352 100.650391 0.845873 -0.036474 0.532136 2.295770 0.000000 0.000000 0.000000 1.000000
0.530605 -0.059887 -0.845501 2.514270 0.060844 0.997619 -0.032478 100.658585 0.845433 -0.034210 0.532985 2.732895 0.000000 0.000000 0.000000 1.000000
0.530799 -0.059881 -0.845380 2.802256 0.058733 0.997702 -0.033793 100.670830 0.845460 -0.031715 0.533096 3.176805 0.000000 0.000000 0.000000 1.000000
0.530556 -0.059880 -0.845532 3.088373 0.056492 0.997782 -0.035214 100.684341 0.845766 -0.029082 0.532761 3.625819 0.000000 0.000000 0.000000 1.000000
0.529618 -0.059890 -0.846119 3.370896 0.054044 0.997860 -0.036802 100.699066 0.846513 -0.026237 0.531722 4.083751 0.000000 0.000000 0.000000 1.000000
0.528276 -0.059913 -0.846956 3.650925 0.051488 0.997932 -0.038478 100.714066 0.847510 -0.023281 0.530268 4.547133 0.000000 0.000000 0.000000 1.000000
0.526404 -0.059951 -0.848119 3.925902 0.048789 0.997997 -0.040264 100.727570 0.848834 -0.020184 0.528274 5.019197 0.000000 0.000000 0.000000 1.000000
0.524263 -0.059999 -0.849440 4.200691 0.045970 0.998054 -0.042124 100.737717 0.850315 -0.016965 0.526001 5.519369 0.000000 0.000000 0.000000 1.000000
0.522204 -0.060063 -0.850703 4.459702 0.043098 0.998101 -0.044015 100.732521 0.851731 -0.013679 0.523800 6.020219 0.000000 0.000000 0.000000 1.000000
0.520315 -0.060140 -0.851854 4.691641 0.040144 0.998137 -0.045948 100.698143 0.853030 -0.010289 0.521760 6.523237 0.000000 0.000000 0.000000 1.000000
0.518526 -0.060233 -0.852938 4.910750 0.037169 0.998161 -0.047892 100.651772 0.854254 -0.006870 0.519811 7.022645 0.000000 0.000000 0.000000 1.000000
0.517096 -0.060354 -0.853797 5.116077 0.034251 0.998171 -0.049815 100.604950 0.855242 -0.003485 0.518218 7.481122 0.000000 0.000000 0.000000 1.000000
0.516490 -0.060502 -0.854153 5.305348 0.031418 0.998168 -0.051706 100.556198 0.855717 -0.000131 0.517444 7.865548 0.000000 0.000000 0.000000 1.000000
0.516448 -0.060695 -0.854165 5.450288 0.028695 0.998151 -0.053577 100.516602 0.855838 0.003159 0.517235 8.148090 0.000000 0.000000 0.000000 1.000000
0.516459 -0.060919 -0.854142 5.564591 0.025788 0.998120 -0.055595 100.494141 0.855924 0.006686 0.517059 8.385861 0.000000 0.000000 0.000000 1.000000
0.516591 -0.061166 -0.854045 5.653270 0.022938 0.998076 -0.057607 100.480255 0.855925 0.010169 0.517000 8.573998 0.000000 0.000000 0.000000 1.000000
0.516907 -0.061483 -0.853831 5.663348 0.021035 0.998029 -0.059132 100.480576 0.855783 0.012606 0.517182 8.590164 0.000000 0.000000 0.000000 1.000000
0.517355 -0.061856 -0.853533 5.609012 0.019966 0.997985 -0.060222 100.491707 0.855538 0.014114 0.517547 8.463970 0.000000 0.000000 0.000000 1.000000
0.517829 -0.062238 -0.853217 5.541315 0.019021 0.997941 -0.061251 100.505989 0.855273 0.015488 0.517946 8.309605 0.000000 0.000000 0.000000 1.000000
0.518326 -0.062628 -0.852887 5.462571 0.018191 0.997897 -0.062221 100.522629 0.854989 0.016736 0.518375 8.131601 0.000000 0.000000 0.000000 1.000000
0.518846 -0.063025 -0.852542 5.375093 0.017464 0.997852 -0.063139 100.540848 0.854690 0.017871 0.518832 7.934491 0.000000 0.000000 0.000000 1.000000
0.519383 -0.063426 -0.852184 5.281195 0.016830 0.997808 -0.064007 100.559860 0.854376 0.018902 0.519312 7.722803 0.000000 0.000000 0.000000 1.000000
0.519937 -0.063832 -0.851816 5.183191 0.016281 0.997763 -0.064831 100.578896 0.854049 0.019840 0.519813 7.501068 0.000000 0.000000 0.000000 1.000000
0.520504 -0.064239 -0.851439 5.083395 0.015805 0.997720 -0.065614 100.597145 0.853713 0.020696 0.520332 7.273819 0.000000 0.000000 0.000000 1.000000
0.521081 -0.064647 -0.851056 4.984123 0.015392 0.997677 -0.066361 100.613838 0.853369 0.021480 0.520865 7.045585 0.000000 0.000000 0.000000 1.000000
0.521665 -0.065055 -0.850667 4.887686 0.015033 0.997635 -0.067076 100.628189 0.853018 0.022203 0.521409 6.820899 0.000000 0.000000 0.000000 1.000000
0.522807 -0.065606 -0.849923 4.720870 0.017737 0.997655 -0.066100 100.609802 0.852267 0.019482 0.522745 6.376136 0.000000 0.000000 0.000000 1.000000
0.524366 -0.066192 -0.848916 4.533767 0.020905 0.997674 -0.064878 100.582565 0.851236 0.016273 0.524530 5.883280 0.000000 0.000000 0.000000 1.000000
0.526446 -0.066838 -0.847577 4.322934 0.024484 0.997684 -0.063468 100.548172 0.849856 0.012661 0.526863 5.344079 0.000000 0.000000 0.000000 1.000000
0.529208 -0.067485 -0.845804 4.046241 0.028672 0.997685 -0.061664 100.505569 0.848007 0.008382 0.529918 4.738427 0.000000 0.000000 0.000000 1.000000
0.532909 -0.068128 -0.843425 3.679973 0.033636 0.997671 -0.059335 100.453400 0.845504 0.003251 0.533960 4.044990 0.000000 0.000000 0.000000 1.000000
0.536860 -0.068819 -0.840860 3.297083 0.038804 0.997627 -0.056874 100.399467 0.842779 -0.002095 0.538256 3.329270 0.000000 0.000000 0.000000 1.000000
0.540866 -0.069560 -0.838227 2.901656 0.044156 0.997548 -0.054290 100.344116 0.839949 -0.007649 0.542612 2.601730 0.000000 0.000000 0.000000 1.000000
0.544740 -0.070351 -0.835649 2.497777 0.049662 0.997432 -0.051598 100.287735 0.837133 -0.013392 0.546835 1.872832 0.000000 0.000000 0.000000 1.000000
0.548293 -0.071183 -0.833251 2.089533 0.055285 0.997277 -0.048817 100.230682 0.834457 -0.019300 0.550736 1.153042 0.000000 0.000000 0.000000 1.000000
0.551345 -0.072045 -0.831161 1.681007 0.060982 0.997080 -0.045974 100.173325 0.832046 -0.025338 0.554128 0.452820 0.000000 0.000000 0.000000 1.000000
0.553679 -0.072900 -0.829533 1.222653 0.066972 0.996832 -0.042901 100.106506 0.830033 -0.031802 0.556807 -0.290278 0.000000 0.000000 0.000000 1.000000
0.555319 -0.073741 -0.828361 0.723718 0.073229 0.996528 -0.039620 100.032394 0.828407 -0.038659 0.558791 -1.057149 0.000000 0.000000 0.000000 1.000000
0.556453 -0.074591 -0.827524 0.276475 0.079336 0.996181 -0.036446 99.968361 0.827083 -0.045372 0.560246 -1.715006 0.000000 0.000000 0.000000 1.000000
0.557285 -0.075475 -0.826884 -0.026800 0.084876 0.995822 -0.033692 99.931770 0.825972 -0.051407 0.561362 -2.131061 0.000000 0.000000 0.000000 1.000000
0.557974 -0.076401 -0.826334 -0.215584 0.089995 0.995451 -0.031268 99.917564 0.824964 -0.056919 0.562312 -2.359670 0.000000 0.000000 0.000000 1.000000
0.558544 -0.077353 -0.825860 -0.382070 0.095100 0.995049 -0.028882 99.908585 0.824005 -0.062407 0.563135 -2.546595 0.000000 0.000000 0.000000 1.000000
0.559006 -0.078324 -0.825456 -0.528050 0.100170 0.994616 -0.026539 99.904076 0.823090 -0.067851 0.563843 -2.696153 0.000000 0.000000 0.000000 1.000000
0.559373 -0.079304 -0.825114 -0.655319 0.105185 0.994157 -0.024242 99.903282 0.822215 -0.073229 0.564446 -2.812666 0.000000 0.000000 0.000000 1.000000
0.559656 -0.080284 -0.824827 -0.765670 0.110124 0.993674 -0.021998 99.905457 0.821375 -0.078521 0.564957 -2.900451 0.000000 0.000000 0.000000 1.000000
0.559871 -0.081256 -0.824586 -0.860897 0.114967 0.993172 -0.019810 99.909843 0.820565 -0.083709 0.565390 -2.963830 0.000000 0.000000 0.000000 1.000000
0.560029 -0.082213 -0.824383 -0.942793 0.119694 0.992653 -0.017682 99.915657 0.819781 -0.088771 0.565756 -3.007122 0.000000 0.000000 0.000000 1.000000
0.560147 -0.083146 -0.824210 -1.013153 0.124286 0.992123 -0.015618 99.922165 0.819016 -0.093690 0.566069 -3.034646 0.000000 0.000000 0.000000 1.000000
0.560240 -0.084048 -0.824055 -1.073769 0.128725 0.991587 -0.013621 99.928604 0.818267 -0.098446 0.566345 -3.050721 0.000000 0.000000 0.000000 1.000000
0.560322 -0.084913 -0.823911 -1.126437 0.132990 0.991048 -0.011695 99.934219 0.817529 -0.103020 0.566598 -3.059668 0.000000 0.000000 0.000000 1.000000
0.560525 -0.085504 -0.823711 -0.957783 0.134929 0.990794 -0.011029 99.955078 0.817071 -0.104961 0.566902 -2.759553 0.000000 0.000000 0.000000 1.000000
0.560409 -0.085333 -0.823808 -0.618284 0.134380 0.990866 -0.011224 99.991165 0.817242 -0.104413 0.566757 -2.212929 0.000000 0.000000 0.000000 1.000000
0.559418 -0.084082 -0.824610 -0.299900 0.132579 0.991110 -0.011117 100.031143 0.818214 -0.103107 0.565593 -1.684799 0.000000 0.000000 0.000000 1.000000
0.558032 -0.082207 -0.825737 0.043164 0.129798 0.991480 -0.010991 100.075821 0.819605 -0.101046 0.563948 -1.114893 0.000000 0.000000 0.000000 1.000000
0.556353 -0.079551 -0.827129 0.406999 0.126076 0.991964 -0.010602 100.125549 0.821326 -0.098383 0.561912 -0.503691 0.000000 0.000000 0.000000 1.000000
0.554866 -0.076669 -0.828400 0.783425 0.122011 0.992477 -0.010131 100.178688 0.822944 -0.095453 0.560046 0.144994 0.000000 0.000000 0.000000 1.000000
0.553495 -0.073813 -0.829575 1.163196 0.117815 0.992988 -0.009746 100.233177 0.824477 -0.092342 0.558310 0.807312 0.000000 0.000000 0.000000 1.000000
0.552623 -0.071278 -0.830377 1.547097 0.113230 0.993519 -0.009926 100.291000 0.825703 -0.088539 0.557113 1.500316 0.000000 0.000000 0.000000 1.000000
0.552064 -0.069059 -0.830937 1.940404 0.108155 0.994076 -0.010761 100.349457 0.826757 -0.083929 0.556263 2.199006 0.000000 0.000000 0.000000 1.000000
0.551743 -0.067020 -0.831317 2.326396 0.102580 0.994651 -0.012106 100.409637 0.827682 -0.078597 0.555666 2.901547 0.000000 0.000000 0.000000 1.000000
0.551611 -0.065248 -0.831546 2.707455 0.096853 0.995202 -0.013842 100.476898 0.828459 -0.072902 0.555284 3.629346 0.000000 0.000000 0.000000 1.000000
0.551652 -0.063319 -0.831667 3.082989 0.091040 0.995728 -0.015422 100.554092 0.829091 -0.067207 0.555060 4.376436 0.000000 0.000000 0.000000 1.000000
0.551626 -0.061250 -0.831840 3.456897 0.085135 0.996226 -0.016898 100.634895 0.829735 -0.061497 0.554759 5.127972 0.000000 0.000000 0.000000 1.000000
0.551273 -0.058639 -0.832262 3.828206 0.078837 0.996725 -0.018006 100.723831 0.830592 -0.055687 0.554090 5.882444 0.000000 0.000000 0.000000 1.000000
0.550290 -0.055495 -0.833128 4.201945 0.072080 0.997221 -0.018816 100.814171 0.831857 -0.049698 0.552761 6.616789 0.000000 0.000000 0.000000 1.000000
0.548761 -0.051886 -0.834367 4.578355 0.064578 0.997721 -0.019572 100.903000 0.833481 -0.043142 0.550861 7.329548 0.000000 0.000000 0.000000 1.000000
0.547088 -0.048395 -0.835675 4.953812 0.056947 0.998166 -0.020524 100.990234 0.835136 -0.036361 0.548840 8.020152 0.000000 0.000000 0.000000 1.000000
0.545444 -0.045370 -0.836919 5.326053 0.049264 0.998543 -0.022025 101.073990 0.836698 -0.029216 0.546884 8.667212 0.000000 0.000000 0.000000 1.000000
0.543788 -0.042704 -0.838135 5.695124 0.041718 0.998845 -0.023826 101.156654 0.838185 -0.022009 0.544942 9.289821 0.000000 0.000000 0.000000 1.000000
0.542332 -0.040901 -0.839168 6.054684 0.034908 0.999049 -0.026133 101.240578 0.839439 -0.015121 0.543244 9.878232 0.000000 0.000000 0.000000 1.000000
0.540759 -0.039728 -0.840239 6.400611 0.028905 0.999172 -0.028640 101.332207 0.840681 -0.008800 0.541459 10.424432 0.000000 0.000000 0.000000 1.000000
0.539177 -0.038775 -0.841299 6.727672 0.023366 0.999244 -0.031079 101.424721 0.841868 -0.002900 0.539676 10.942472 0.000000 0.000000 0.000000 1.000000
0.537674 -0.038023 -0.842295 7.016729 0.018483 0.999274 -0.033311 101.516418 0.842950 0.002343 0.537987 11.414846 0.000000 0.000000 0.000000 1.000000
0.536289 -0.037342 -0.843208 7.280487 0.014045 0.999277 -0.035321 101.605003 0.843918 0.007099 0.536426 11.856505 0.000000 0.000000 0.000000 1.000000
0.535388 -0.036510 -0.843816 7.495228 0.010363 0.999274 -0.036661 101.679329 0.844542 0.010883 0.535378 12.241879 0.000000 0.000000 0.000000 1.000000
0.535019 -0.035628 -0.844088 7.671456 0.007425 0.999270 -0.037472 101.732994 0.844807 0.013781 0.534893 12.573371 0.000000 0.000000 0.000000 1.000000
0.535190 -0.034574 -0.844024 7.796371 0.005311 0.999280 -0.037566 101.756630 0.844715 0.015622 0.534988 12.819686 0.000000 0.000000 0.000000 1.000000
0.535536 -0.033470 -0.843849 7.900888 0.003511 0.999294 -0.037407 101.767929 0.844505 0.017070 0.535276 13.030279 0.000000 0.000000 0.000000 1.000000
0.536242 -0.032298 -0.843446 7.954733 0.002460 0.999323 -0.036703 101.747635 0.844061 0.017607 0.535958 13.147443 0.000000 0.000000 0.000000 1.000000
0.537181 -0.031115 -0.842893 7.966493 0.001854 0.999360 -0.035709 101.709770 0.843465 0.017619 0.536895 13.188751 0.000000 0.000000 0.000000 1.000000
0.538385 -0.029880 -0.842169 7.938970 0.001748 0.999409 -0.034341 101.660004 0.842697 0.017017 0.538119 13.146850 0.000000 0.000000 0.000000 1.000000
0.539781 -0.028788 -0.841313 7.838301 0.002424 0.999464 -0.032644 101.606842 0.841802 0.015581 0.539561 12.956196 0.000000 0.000000 0.000000 1.000000
0.541206 -0.027729 -0.840433 7.723178 0.003256 0.999518 -0.030882 101.553040 0.840884 0.013977 0.541035 12.735696 0.000000 0.000000 0.000000 1.000000
0.542577 -0.026718 -0.839581 7.596241 0.004182 0.999568 -0.029107 101.498955 0.839996 0.012282 0.542454 12.483896 0.000000 0.000000 0.000000 1.000000
0.543660 -0.025927 -0.838905 7.411111 0.005544 0.999612 -0.027301 101.443672 0.839287 0.010192 0.543592 12.075127 0.000000 0.000000 0.000000 1.000000
0.544618 -0.025161 -0.838306 7.192153 0.007040 0.999652 -0.025431 101.385422 0.838654 0.007949 0.544606 11.562909 0.000000 0.000000 0.000000 1.000000
0.545731 -0.023972 -0.837618 6.900722 0.008918 0.999700 -0.022800 101.321587 0.837913 0.004973 0.545781 10.909042 0.000000 0.000000 0.000000 1.000000
0.546895 -0.022735 -0.836892 6.602385 0.010827 0.999740 -0.020084 101.256805 0.837131 0.001923 0.546999 10.240652 0.000000 0.000000 0.000000 1.000000
0.547962 -0.021468 -0.836228 6.291241 0.012845 0.999769 -0.017250 101.192101 0.836405 -0.001289 0.548111 9.549936 0.000000 0.000000 0.000000 1.000000
0.548779 -0.020185 -0.835724 5.961387 0.015047 0.999785 -0.014267 101.128471 0.835832 -0.004745 0.548965 8.829092 0.000000 0.000000 0.000000 1.000000
0.549052 -0.018806 -0.835577 5.564513 0.017804 0.999783 -0.010803 101.063438 0.835599 -0.008945 0.549268 7.998431 0.000000 0.000000 0.000000 1.000000
0.548510 -0.017373 -0.835963 5.145098 0.020891 0.999757 -0.007069 101.008873 0.835883 -0.013586 0.548740 7.131846 0.000000 0.000000 0.000000 1.000000
0.547374 -0.015953 -0.836736 4.754565 0.023884 0.999709 -0.003435 100.967506 0.836547 -0.018104 0.547595 6.313811 0.000000 0.000000 0.000000 1.000000
0.546003 -0.014496 -0.837658 4.358928 0.026893 0.999638 0.000230 100.927216 0.837352 -0.022653 0.546195 5.486579 0.000000 0.000000 0.000000 1.000000
0.544508 -0.013017 -0.838654 3.963355 0.029896 0.999545 0.003896 100.888306 0.838222 -0.027194 0.544650 4.659391 0.000000 0.000000 0.000000 1.000000
0.543003 -0.011535 -0.839652 3.573014 0.032876 0.999431 0.007530 100.851044 0.839087 -0.031693 0.543073 3.841487 0.000000 0.000000 0.000000 1.000000
0.541598 -0.010071 -0.840577 3.193072 0.035816 0.999297 0.011105 100.815750 0.839874 -0.036121 0.541578 3.042107 0.000000 0.000000 0.000000 1.000000
0.540408 -0.008647 -0.841359 2.828699 0.038705 0.999144 0.014592 100.782692 0.840513 -0.040450 0.540280 2.270491 0.000000 0.000000 0.000000 1.000000
0.539546 -0.007290 -0.841925 2.485062 0.041532 0.998976 0.017966 100.752167 0.840931 -0.044660 0.539296 1.535879 0.000000 0.000000 0.000000 1.000000
0.539514 -0.006111 -0.841955 2.197595 0.044150 0.998803 0.021042 100.733894 0.840818 -0.048525 0.539138 0.900023 0.000000 0.000000 0.000000 1.000000
0.540527 -0.005211 -0.841310 1.985508 0.046610 0.998631 0.023761 100.727310 0.840035 -0.052057 0.540030 0.398559 0.000000 0.000000 0.000000 1.000000
0.542266 -0.004594 -0.840194 1.829632 0.049191 0.998443 0.026289 100.717308 0.838766 -0.055586 0.541648 0.001551 0.000000 0.000000 0.000000 1.000000
0.544826 -0.004353 -0.838538 1.726429 0.052063 0.998233 0.028645 100.698868 0.836932 -0.059264 0.544090 -0.293397 0.000000 0.000000 0.000000 1.000000
0.548097 -0.004414 -0.836403 1.679438 0.055079 0.998006 0.030827 100.676987 0.834599 -0.062964 0.547248 -0.483887 0.000000 0.000000 0.000000 1.000000
0.551460 -0.004524 -0.834189 1.680106 0.058032 0.997771 0.032953 100.651596 0.832180 -0.066582 0.550493 -0.592665 0.000000 0.000000 0.000000 1.000000
0.554905 -0.004651 -0.831901 1.766705 0.060855 0.997532 0.035015 100.619217 0.829685 -0.070056 0.553819 -0.554623 0.000000 0.000000 0.000000 1.000000
0.558351 -0.004768 -0.829591 1.937859 0.063364 0.997308 0.036915 100.581444 0.827181 -0.073178 0.557150 -0.375966 0.000000 0.000000 0.000000 1.000000
0.561651 -0.004861 -0.827360 2.159041 0.065492 0.997106 0.038601 100.541504 0.824778 -0.075866 0.560344 -0.128510 0.000000 0.000000 0.000000 1.000000
0.564320 -0.004607 -0.825543 2.443123 0.066885 0.996952 0.040157 100.499863 0.822842 -0.077878 0.562908 0.230245 0.000000 0.000000 0.000000 1.000000
0.566022 -0.003773 -0.824382 2.780663 0.067485 0.996845 0.041772 100.456184 0.821623 -0.079277 0.564491 0.691503 0.000000 0.000000 0.000000 1.000000
0.567270 -0.002674 -0.823528 3.146611 0.067627 0.996769 0.043348 100.412262 0.820751 -0.080283 0.565618 1.208414 0.000000 0.000000 0.000000 1.000000
0.568134 -0.001402 -0.822935 3.520619 0.067069 0.996751 0.044605 100.374725 0.820199 -0.080535 0.566382 1.765658 0.000000 0.000000 0.000000 1.000000
0.568167 0.000225 -0.822913 3.905790 0.064979 0.996865 0.045137 100.350952 0.820344 -0.079117 0.566371 2.402466 0.000000 0.000000 0.000000 1.000000
0.567774 0.002033 -0.823182 4.299402 0.061944 0.997056 0.045187 100.339172 0.820851 -0.076648 0.565976 3.091763 0.000000 0.000000 0.000000 1.000000
0.567683 0.003667 -0.823239 4.685039 0.058415 0.997290 0.044723 100.350266 0.821172 -0.073478 0.565930 3.797503 0.000000 0.000000 0.000000 1.000000
0.568576 0.005257 -0.822614 5.083540 0.054768 0.997519 0.044230 100.380730 0.820805 -0.070201 0.566878 4.557789 0.000000 0.000000 0.000000 1.000000
0.568698 0.006701 -0.822519 5.409436 0.050659 0.997783 0.043155 100.426193 0.820985 -0.066210 0.567098 5.225464 0.000000 0.000000 0.000000 1.000000
0.567453 0.008001 -0.823367 5.642387 0.045797 0.998098 0.041261 100.487495 0.822132 -0.061121 0.566007 5.765462 0.000000 0.000000 0.000000 1.000000
0.566139 0.009367 -0.824257 5.885870 0.040644 0.998402 0.039262 100.552528 0.823307 -0.055729 0.564853 6.324119 0.000000 0.000000 0.000000 1.000000
0.564719 0.010749 -0.825213 6.131225 0.035344 0.998683 0.037195 100.619934 0.824526 -0.050172 0.563595 6.887465 0.000000 0.000000 0.000000 1.000000
0.563161 0.012096 -0.826259 6.369795 0.030038 0.998932 0.035097 100.688393 0.825801 -0.044584 0.562196 7.441528 0.000000 0.000000 0.000000 1.000000
0.561437 0.013358 -0.827411 6.592922 0.024866 0.999146 0.033004 100.756531 0.827146 -0.039104 0.560626 7.972338 0.000000 0.000000 0.000000 1.000000
0.559526 0.014485 -0.828686 6.791947 0.019969 0.999321 0.030951 100.823029 0.828572 -0.033866 0.558857 8.465923 0.000000 0.000000 0.000000 1.000000
0.557408 0.015428 -0.830095 6.958213 0.015485 0.999460 0.028974 100.886528 0.830094 -0.029005 0.556868 8.908314 0.000000 0.000000 0.000000 1.000000
0.555070 0.016140 -0.831647 7.083062 0.011550 0.999566 0.027107 100.945694 0.831724 -0.024651 0.554642 9.285538 0.000000 0.000000 0.000000 1.000000
0.552499 0.016573 -0.833349 7.157836 0.008296 0.999643 0.025381 100.999176 0.833473 -0.020937 0.552164 9.583625 0.000000 0.000000 0.000000 1.000000
0.549522 0.016597 -0.835315 7.158787 0.005945 0.999700 0.023775 101.045639 0.835458 -0.018031 0.549258 9.766971 0.000000 0.000000 0.000000 1.000000
0.546077 0.016188 -0.837578 7.080487 0.004493 0.999742 0.022251 101.085472 0.837723 -0.015914 0.545864 9.828089 0.000000 0.000000 0.000000 1.000000
0.542317 0.015464 -0.840032 6.941761 0.003736 0.999776 0.020816 101.119942 0.840166 -0.014427 0.542138 9.795175 0.000000 0.000000 0.000000 1.000000
0.538388 0.014545 -0.842571 6.761429 0.003471 0.999804 0.019477 101.150307 0.842690 -0.013411 0.538232 9.696434 0.000000 0.000000 0.000000 1.000000
0.534440 0.013549 -0.845098 6.558316 0.003500 0.999827 0.018243 101.177803 0.845199 -0.012708 0.534300 9.560065 0.000000 0.000000 0.000000 1.000000
0.530620 0.012591 -0.847516 6.351242 0.003629 0.999847 0.017127 101.203720 0.847602 -0.012163 0.530493 9.414269 0.000000 0.000000 0.000000 1.000000
0.527080 0.011785 -0.849734 6.159031 0.003671 0.999863 0.016145 101.229301 0.849808 -0.011629 0.526965 9.287248 0.000000 0.000000 0.000000 1.000000
0.524437 0.011131 -0.851376 5.894001 0.005025 0.999857 0.016167 101.239563 0.851434 -0.012757 0.524306 9.019341 0.000000 0.000000 0.000000 1.000000
0.522594 0.010622 -0.852516 5.551285 0.007494 0.999827 0.017051 101.231667 0.852549 -0.015300 0.522423 8.609502 0.000000 0.000000 0.000000 1.000000
0.521178 0.010367 -0.853385 5.196702 0.009827 0.999787 0.018147 101.213127 0.853392 -0.017845 0.520965 8.181084 0.000000 0.000000 0.000000 1.000000
0.520087 0.010154 -0.854053 4.823525 0.012376 0.999735 0.019422 101.187408 0.854024 -0.020671 0.519824 7.718843 0.000000 0.000000 0.000000 1.000000
0.519322 0.009642 -0.854524 4.438099 0.015323 0.999671 0.020592 101.157181 0.854441 -0.023788 0.519003 7.230256 0.000000 0.000000 0.000000 1.000000
0.518476 0.009062 -0.855044 4.036644 0.018472 0.999592 0.021795 101.126549 0.854892 -0.027095 0.518097 6.717659 0.000000 0.000000 0.000000 1.000000
0.517255 0.008827 -0.855786 3.640640 0.021609 0.999493 0.023370 101.113197 0.855559 -0.030581 0.516802 6.215218 0.000000 0.000000 0.000000 1.000000
0.515994 0.008644 -0.856548 3.242801 0.024731 0.999382 0.024984 101.101089 0.856235 -0.034075 0.515461 5.710296 0.000000 0.000000 0.000000 1.000000
0.514611 0.008508 -0.857382 2.852148 0.027835 0.999258 0.026623 101.093109 0.856972 -0.037566 0.513992 5.216285 0.000000 0.000000 0.000000 1.000000
0.513020 0.008415 -0.858335 2.477700 0.030913 0.999122 0.028272 101.092133 0.857820 -0.041038 0.512310 4.746576 0.000000 0.000000 0.000000 1.000000
0.510856 0.008475 -0.859625 2.148446 0.033939 0.998973 0.030019 101.112747 0.858996 -0.044510 0.510044 4.348095 0.000000 0.000000 0.000000 1.000000
0.508256 0.008576 -0.861163 1.856615 0.036917 0.998814 0.031735 101.147469 0.860415 -0.047921 0.507337 3.999103 0.000000 0.000000 0.000000 1.000000
0.505270 0.008405 -0.862920 1.612218 0.039852 0.998658 0.033061 101.187256 0.862040 -0.051094 0.504257 3.684225 0.000000 0.000000 0.000000 1.000000
0.502360 0.007751 -0.864624 1.403792 0.042842 0.998509 0.033843 101.235115 0.863597 -0.054043 0.501278 3.425219 0.000000 0.000000 0.000000 1.000000
0.499828 0.006323 -0.866101 1.248432 0.046128 0.998360 0.033910 101.294518 0.864895 -0.056901 0.498717 3.238754 0.000000 0.000000 0.000000 1.000000
0.497347 0.004759 -0.867539 1.103694 0.049447 0.998204 0.033823 101.356148 0.866141 -0.059719 0.496219 3.066944 0.000000 0.000000 0.000000 1.000000
0.494835 0.003131 -0.868981 0.969713 0.052787 0.998039 0.033655 101.418854 0.867382 -0.062524 0.493699 2.911983 0.000000 0.000000 0.000000 1.000000
0.492242 0.001137 -0.870458 0.889560 0.056358 0.997859 0.033173 101.486504 0.868632 -0.065387 0.491124 2.842004 0.000000 0.000000 0.000000 1.000000
0.489598 -0.000972 -0.871948 0.840227 0.059978 0.997668 0.032565 101.552948 0.869883 -0.068241 0.488514 2.814673 0.000000 0.000000 0.000000 1.000000
0.487188 -0.003239 -0.873291 0.832551 0.063253 0.997498 0.031587 101.610687 0.871003 -0.070627 0.486174 2.857951 0.000000 0.000000 0.000000 1.000000
0.484864 -0.005532 -0.874572 0.842005 0.066333 0.997332 0.030466 101.665276 0.872070 -0.072785 0.483937 2.929908 0.000000 0.000000 0.000000 1.000000
0.482803 -0.007840 -0.875694 0.895455 0.068876 0.997202 0.029047 101.712784 0.873016 -0.074338 0.481992 3.074650 0.000000 0.000000 0.000000 1.000000
0.480768 -0.009703 -0.876794 0.998639 0.070686 0.997113 0.027724 101.759689 0.873994 -0.075306 0.480066 3.323598 0.000000 0.000000 0.000000 1.000000
0.478734 -0.011472 -0.877885 1.111723 0.072333 0.997031 0.026416 101.806320 0.874975 -0.076146 0.478143 3.593092 0.000000 0.000000 0.000000 1.000000
0.476720 -0.013111 -0.878958 1.233991 0.073763 0.996959 0.025135 101.850357 0.875955 -0.076816 0.476237 3.878692 0.000000 0.000000 0.000000 1.000000
0.474837 -0.014115 -0.879961 1.401938 0.074155 0.996957 0.024023 101.880669 0.876944 -0.076660 0.474439 4.243341 0.000000 0.000000 0.000000 1.000000
0.473205 -0.014813 -0.880828 1.591518 0.073979 0.996995 0.022977 101.901085 0.877841 -0.076036 0.472878 4.642026 0.000000 0.000000 0.000000 1.000000
0.471996 -0.015008 -0.881473 1.803735 0.073073 0.997081 0.022152 101.907295 0.878567 -0.074868 0.471715 5.071159 0.000000 0.000000 0.000000 1.000000
0.470994 -0.014990 -0.882009 2.022740 0.071966 0.997176 0.021483 101.906509 0.879196 -0.073593 0.470742 5.511575 0.000000 0.000000 0.000000 1.000000
0.470605 -0.014400 -0.882226 2.253038 0.070565 0.997278 0.021363 101.884995 0.879517 -0.072308 0.470341 5.977962 0.000000 0.000000 0.000000 1.000000
0.470816 -0.013418 -0.882129 2.490722 0.069094 0.997374 0.021706 101.853882 0.879522 -0.071169 0.470507 6.449754 0.000000 0.000000 0.000000 1.000000
0.471178 -0.012369 -0.881952 2.722452 0.067660 0.997462 0.022158 101.818573 0.879439 -0.070113 0.470819 6.914248 0.000000 0.000000 0.000000 1.000000
0.471568 -0.011269 -0.881758 2.957659 0.066171 0.997551 0.022639 101.785400 0.879344 -0.069023 0.471159 7.380301 0.000000 0.000000 0.000000 1.000000
0.471973 -0.010142 -0.881555 3.195878 0.064655 0.997639 0.023138 101.754814 0.879239 -0.067917 0.471515 7.830503 0.000000 0.000000 0.000000 1.000000
0.472406 -0.008973 -0.881335 3.439014 0.063103 0.997726 0.023665 101.729111 0.879119 -0.066794 0.471898 8.242116 0.000000 0.000000 0.000000 1.000000
0.472853 -0.007782 -0.881107 3.686756 0.061531 0.997812 0.024208 101.707161 0.878990 -0.065662 0.472297 8.628437 0.000000 0.000000 0.000000 1.000000
0.473322 -0.006567 -0.880865 3.946740 0.059947 0.997894 0.024772 101.693764 0.878847 -0.064530 0.472719 8.964396 0.000000 0.000000 0.000000 1.000000
0.473808 -0.005336 -0.880612 4.198157 0.058359 0.997974 0.025352 101.686783 0.878692 -0.063404 0.473160 9.253242 0.000000 0.000000 0.000000 1.000000
0.474314 -0.004093 -0.880346 4.446047 0.056778 0.998050 0.025950 101.687080 0.878523 -0.062293 0.473621 9.484484 0.000000 0.000000 0.000000 1.000000
0.474830 -0.002849 -0.880073 4.682709 0.055210 0.998122 0.026557 101.689430 0.878344 -0.061199 0.474095 9.676178 0.000000 0.000000 0.000000 1.000000
0.475366 -0.001608 -0.879787 4.894625 0.053676 0.998189 0.027177 101.692894 0.878149 -0.060143 0.474591 9.799304 0.000000 0.000000 0.000000 1.000000
0.475911 -0.000371 -0.879493 5.089635 0.052162 0.998251 0.027805 101.697479 0.877945 -0.059109 0.475098 9.885885 0.000000 0.000000 0.000000 1.000000
0.476473 0.000853 -0.879189 5.249876 0.050693 0.998309 0.028442 101.704170 0.877726 -0.058121 0.475624 9.931396 0.000000 0.000000 0.000000 1.000000
0.477044 0.002064 -0.878877 5.437826 0.049263 0.998362 0.029084 101.713493 0.877497 -0.057170 0.476161 9.886103 0.000000 0.000000 0.000000 1.000000
0.477634 0.003251 -0.878553 5.567361 0.047895 0.998410 0.029733 101.728767 0.877253 -0.056280 0.476718 9.792723 0.000000 0.000000 0.000000 1.000000
0.478225 0.004430 -0.878226 5.682687 0.046545 0.998454 0.030382 101.744713 0.877003 -0.055407 0.477279 9.686323 0.000000 0.000000 0.000000 1.000000
0.478832 0.005545 -0.877889 5.745912 0.045322 0.998490 0.031028 101.753700 0.876736 -0.054645 0.477858 9.515872 0.000000 0.000000 0.000000 1.000000
0.479455 0.006611 -0.877542 5.764332 0.044201 0.998520 0.031673 101.755211 0.876453 -0.053974 0.478454 9.281614 0.000000 0.000000 0.000000 1.000000
0.480083 0.007667 -0.877189 5.767253 0.043105 0.998548 0.032319 101.754013 0.876163 -0.053327 0.479056 9.021057 0.000000 0.000000 0.000000 1.000000
0.480717 0.008694 -0.876833 5.749789 0.042062 0.998571 0.032962 101.750404 0.875867 -0.052727 0.479664 8.739060 0.000000 0.000000 0.000000 1.000000
0.481355 0.009674 -0.876472 5.707055 0.041103 0.998590 0.033596 101.744675 0.875561 -0.052197 0.480279 8.440484 0.000000 0.000000 0.000000 1.000000
0.481999 0.010587 -0.876108 5.634166 0.040259 0.998603 0.034216 101.737106 0.875246 -0.051763 0.480900 8.130188 0.000000 0.000000 0.000000 1.000000
0.482647 0.011464 -0.875740 5.521836 0.039490 0.998612 0.034837 101.727211 0.874924 -0.051397 0.481525 7.801286 0.000000 0.000000 0.000000 1.000000
0.483299 0.012318 -0.875369 5.373322 0.038778 0.998618 0.035461 101.714790 0.874596 -0.051083 0.482154 7.450541 0.000000 0.000000 0.000000 1.000000
0.483959 0.013101 -0.874992 5.202552 0.038180 0.998620 0.036069 101.700600 0.874257 -0.050863 0.482791 7.088277 0.000000 0.000000 0.000000 1.000000
0.484633 0.013769 -0.874609 5.023455 0.037755 0.998615 0.036641 101.685364 0.873903 -0.050778 0.483442 6.724822 0.000000 0.000000 0.000000 1.000000
0.485324 0.014273 -0.874218 4.849958 0.037562 0.998603 0.037157 101.669838 0.873527 -0.050870 0.484110 6.370502 0.000000 0.000000 0.000000 1.000000
0.486022 0.014596 -0.873825 4.679706 0.037648 0.998583 0.037620 101.653229 0.873135 -0.051182 0.484784 6.024254 0.000000 0.000000 0.000000 1.000000
0.486723 0.014767 -0.873432 4.503413 0.037976 0.998554 0.038044 101.635056 0.872731 -0.051687 0.485458 5.679196 0.000000 0.000000 0.000000 1.000000
0.487445 0.014814 -0.873028 4.324612 0.038477 0.998520 0.038427 101.616478 0.872306 -0.052323 0.486153 5.336919 0.000000 0.000000 0.000000 1.000000
0.488204 0.014766 -0.872604 4.146839 0.039082 0.998484 0.038761 101.598686 0.871854 -0.053027 0.486887 4.999014 0.000000 0.000000 0.000000 1.000000
0.489019 0.014651 -0.872150 3.973627 0.039722 0.998448 0.039045 101.582855 0.871368 -0.053737 0.487678 4.667073 0.000000 0.000000 0.000000 1.000000
0.490423 0.013449 -0.871381 3.831438 0.041356 0.998395 0.038686 101.583115 0.870503 -0.055009 0.489080 4.399931 0.000000 0.000000 0.000000 1.000000
0.493253 0.011479 -0.869810 3.730636 0.043188 0.998357 0.037667 101.591522 0.868813 -0.056145 0.491947 4.211126 0.000000 0.000000 0.000000 1.000000
0.496284 0.009412 -0.868109 3.627701 0.045102 0.998311 0.036607 101.600243 0.866988 -0.057321 0.495021 4.015593 0.000000 0.000000 0.000000 1.000000
0.499346 0.007298 -0.866372 3.531273 0.047020 0.998263 0.035510 101.609787 0.865126 -0.058469 0.498136 3.834058 0.000000 0.000000 0.000000 1.000000
0.502274 0.005192 -0.864693 3.449987 0.048861 0.998214 0.034376 101.620659 0.863327 -0.059516 0.501123 3.687248 0.000000 0.000000 0.000000 1.000000
0.504902 0.003147 -0.863171 3.392483 0.050539 0.998170 0.033202 101.633377 0.861696 -0.060387 0.503819 3.595891 0.000000 0.000000 0.000000 1.000000
0.507167 0.001144 -0.861847 3.372152 0.052021 0.998135 0.031938 101.648636 0.860276 -0.061032 0.506162 3.586827 0.000000 0.000000 0.000000 1.000000
0.509139 -0.000830 -0.860684 3.385530 0.053319 0.998109 0.030578 101.666412 0.859031 -0.061459 0.508221 3.652904 0.000000 0.000000 0.000000 1.000000
0.510859 -0.002714 -0.859660 3.415969 0.054416 0.998092 0.029186 101.686157 0.857941 -0.061690 0.510032 3.763861 0.000000 0.000000 0.000000 1.000000
0.512365 -0.004443 -0.858756 3.446824 0.055296 0.998082 0.027827 101.707321 0.856985 -0.061744 0.511628 3.889438 0.000000 0.000000 0.000000 1.000000
0.513115 -0.005705 -0.858301 3.489930 0.055476 0.998108 0.026530 101.733635 0.856525 -0.061228 0.512461 4.081556 0.000000 0.000000 0.000000 1.000000
0.513426 -0.006633 -0.858108 3.545555 0.055074 0.998163 0.025237 101.763412 0.856365 -0.060217 0.512849 4.332690 0.000000 0.000000 0.000000 1.000000
0.513970 -0.007331 -0.857777 3.598473 0.054108 0.998249 0.023890 101.793106 0.856100 -0.058692 0.513467 4.611936 0.000000 0.000000 0.000000 1.000000
0.515482 -0.008064 -0.856863 3.644807 0.052319 0.998386 0.022078 101.811882 0.855302 -0.056211 0.515072 4.909225 0.000000 0.000000 0.000000 1.000000
0.517034 -0.008797 -0.855919 3.691078 0.050475 0.998520 0.020227 101.830147 0.854475 -0.053661 0.516713 5.210397 0.000000 0.000000 0.000000 1.000000
0.518631 -0.009522 -0.854945 3.736979 0.048574 0.998651 0.018344 101.847824 0.853617 -0.051042 0.518394 5.512407 0.000000 0.000000 0.000000 1.000000
0.520275 -0.010230 -0.853937 3.782205 0.046616 0.998778 0.016436 101.864815 0.852725 -0.048358 0.520116 5.812212 0.000000 0.000000 0.000000 1.000000
0.521970 -0.010915 -0.852894 3.826450 0.044597 0.998900 0.014510 101.881027 0.851797 -0.045611 0.521882 6.106765 0.000000 0.000000 0.000000 1.000000
0.523717 -0.011567 -0.851814 3.869409 0.042517 0.999017 0.012575 101.896347 0.850831 -0.042802 0.523694 6.393025 0.000000 0.000000 0.000000 1.000000
0.526550 -0.012159 -0.850057 3.910610 0.039905 0.999149 0.010426 101.902206 0.849207 -0.039411 0.526587 6.660491 0.000000 0.000000 0.000000 1.000000
0.528294 -0.012549 -0.848969 3.936180 0.037392 0.999265 0.008498 101.911942 0.848238 -0.036234 0.528375 6.860722 0.000000 0.000000 0.000000 1.000000
0.527810 -0.012709 -0.849267 3.947552 0.035452 0.999346 0.007078 101.935493 0.848622 -0.033844 0.527916 7.009395 0.000000 0.000000 0.000000 1.000000
0.527143 -0.012745 -0.849681 3.959127 0.033455 0.999424 0.005765 101.960724 0.849118 -0.031465 0.527265 7.159434 0.000000 0.000000 0.000000 1.000000
0.526297 -0.012725 -0.850206 3.969942 0.031465 0.999495 0.004518 101.987167 0.849718 -0.029130 0.526431 7.306751 0.000000 0.000000 0.000000 1.000000
0.525279 -0.012720 -0.850835 3.979033 0.029549 0.999558 0.003299 102.014389 0.850417 -0.026874 0.525422 7.447251 0.000000 0.000000 0.000000 1.000000
0.524095 -0.012800 -0.851564 3.985439 0.027770 0.999612 0.002066 102.041931 0.851207 -0.024731 0.524247 7.576846 0.000000 0.000000 0.000000 1.000000
0.522753 -0.013033 -0.852385 3.988195 0.026193 0.999657 0.000779 102.069366 0.852082 -0.022734 0.522915 7.691443 0.000000 0.000000 0.000000 1.000000
0.521260 -0.013488 -0.853291 3.986340 0.024880 0.999690 -0.000603 102.096245 0.853035 -0.020916 0.521434 7.786952 0.000000 0.000000 0.000000 1.000000
0.519626 -0.014233 -0.854275 3.978910 0.023892 0.999712 -0.002123 102.122116 0.854060 -0.019308 0.519816 7.859283 0.000000 0.000000 0.000000 1.000000
0.517387 -0.015584 -0.855610 3.968332 0.023446 0.999717 -0.004032 102.148590 0.855431 -0.017974 0.517606 7.895170 0.000000 0.000000 0.000000 1.000000
0.514417 -0.017596 -0.857359 3.952634 0.023626 0.999701 -0.006342 102.175980 0.857214 -0.016994 0.514679 7.886626 0.000000 0.000000 0.000000 1.000000
0.511233 -0.019938 -0.859211 3.924252 0.024299 0.999667 -0.008739 102.201912 0.859099 -0.016411 0.511547 7.837472 0.000000 0.000000 0.000000 1.000000
0.508351 -0.022276 -0.860861 3.875622 0.025336 0.999620 -0.010906 102.223984 0.860777 -0.016267 0.508722 7.751530 0.000000 0.000000 0.000000 1.000000
0.506294 -0.024278 -0.862019 3.799182 0.026615 0.999567 -0.012520 102.239815 0.861950 -0.016604 0.506722 7.632622 0.000000 0.000000 0.000000 1.000000
0.505088 -0.025986 -0.862677 3.700350 0.028084 0.999512 -0.013665 102.250511 0.862611 -0.017326 0.505571 7.488196 0.000000 0.000000 0.000000 1.000000
0.504312 -0.027654 -0.863079 3.589693 0.029752 0.999450 -0.014639 102.258781 0.863009 -0.018296 0.504857 7.323987 0.000000 0.000000 0.000000 1.000000
0.503823 -0.029266 -0.863311 3.467367 0.031596 0.999381 -0.015439 102.264671 0.863229 -0.019499 0.504436 7.141243 0.000000 0.000000 0.000000 1.000000
0.503477 -0.030806 -0.863459 3.333529 0.033593 0.999306 -0.016065 102.268211 0.863355 -0.020918 0.504163 6.941211 0.000000 0.000000 0.000000 1.000000
