<?xml version="1.0" encoding="utf-8"?>
<COLLADA xmlns="http://www.collada.org/2005/11/COLLADASchema" version="1.4.1">
  <asset>
    <contributor>
      <author>Mixamo</author>
      <authoring_tool>COLLADA Mixamo exporter</authoring_tool>
      <comments/>
    </contributor>
    <created>2025-11-14T05:17:35Z</created>
    <modified>2025-11-14T05:17:35Z</modified>
    <revision/>
    <title/>
    <unit meter="0.010000"/>
    <up_axis>Y_UP</up_axis>
  </asset>
  <library_animations>
    <animation id="mixamorig_Hips-anim" name="mixamorig_Hips">
      <source id="mixamorig_Hips-Matrix-animation-input">
        <float_array id="mixamorig_Hips-Matrix-animation-input-array" count="109">

0.000000 0.033333 0.066667 0.100000 0.133333 0.166667 0.200000 0.233333 0.266667 0.300000 0.333333 0.366667 0.400000 0.433333 0.466667 0.500000
0.533333 0.566667 0.600000 0.633333 0.666667 0.700000 0.733333 0.766667 0.800000 0.833333 0.866667 0.900000 0.933333 0.966667 1.000000 1.033333
1.066667 1.100000 1.133333 1.166667 1.200000 1.233333 1.266667 1.300000 1.333333 1.366667 1.400000 1.433333 1.466667 1.500000 1.533333 1.566667
1.600000 1.633333 1.666667 1.700000 1.733333 1.766667 1.800000 1.833333 1.866667 1.900000 1.933333 1.966667 2.000000 2.033333 2.066667 2.100000
2.133333 2.166667 2.200000 2.233333 2.266667 2.300000 2.333333 2.366667 2.400000 2.433333 2.466667 2.500000 2.533333 2.566667 2.600000 2.633333
2.666667 2.700000 2.733333 2.766667 2.800000 2.833333 2.866667 2.900000 2.933333 2.966667 3.000000 3.033333 3.066667 3.100000 3.133333 3.166667
3.200000 3.233333 3.266667 3.300000 3.333333 3.366667 3.400000 3.433333 3.466667 3.500000 3.533333 3.566667 3.600000</float_array>
        <technique_common>
          <accessor source="#mixamorig_Hips-Matrix-animation-input-array" count="109">
            <param name="TIME" type="float"/>
          </accessor>
        </technique_common>
      </source>
      <source id="mixamorig_Hips-Matrix-animation-output-transform">
        <float_array id="mixamorig_Hips-Matrix-animation-output-transform-array" count="1744">

0.522569 -0.060166 -0.850471 0.205176 0.069742 0.997181 -0.027692 100.640160 0.849740 -0.044842 0.525292 -0.652341 0.000000 0.000000 0.000000 1.000000
0.520056 -0.058421 -0.852132 -0.109552 0.064427 0.997499 -0.029067 100.555138 0.851699 -0.039784 0.522520 -0.914838 0.000000 0.000000 0.000000 1.000000
0.517872 0.003522 -0.855451 -1.572345 0.038993 0.998855 0.027718 101.013374 0.854569 -0.047711 0.517141 -0.271958 0.000000 0.000000 0.000000 1.000000
0.533306 0.124848 -0.836659 -3.252587 0.022442 0.986613 0.161530 101.657761 0.845625 -0.104921 0.523364 0.868095 0.000000 0.000000 0.000000 1.000000
0.523481 0.133642 -0.841491 -3.747108 0.034562 0.983479 0.177693 102.555214 0.851336 -0.122103 0.510213 2.297249 0.000000 0.000000 0.000000 1.000000
0.535633 0.111830 -0.837013 -2.900172 0.069504 0.981991 0.175678 103.444435 0.841585 -0.152275 0.518215 3.189714 0.000000 0.000000 0.000000 1.000000
0.609861 0.084491 -0.787992 -1.880979 0.086938 0.981167 0.172488 104.270279 0.787726 -0.173700 0.591030 3.688479 0.000000 0.000000 0.000000 1.000000
0.688429 0.061109 -0.722725 -1.113249 0.099021 0.979196 0.177117 104.819336 0.718512 -0.193497 0.668056 3.940429 0.000000 0.000000 0.000000 1.000000
0.743439 0.036734 -0.667795 -0.807762 0.108390 0.978673 0.174502 105.156982 0.659963 -0.202114 0.723602 4.205812 0.000000 0.000000 0.000000 1.000000
0.782533 0.026737 -0.622035 -0.744210 0.116440 0.975165 0.188399 105.287888 0.611624 -0.219858 0.759985 4.252481 0.000000 0.000000 0.000000 1.000000
0.809480 0.019731 -0.586816 -0.800244 0.122127 0.971918 0.201147 105.327515 0.574306 -0.234491 0.784338 4.257522 0.000000 0.000000 0.000000 1.000000
0.824920 0.018963 -0.564932 -0.951160 0.116988 0.972070 0.203456 105.383331 0.553011 -0.233926 0.799661 4.396244 0.000000 0.000000 0.000000 1.000000
0.833211 0.016648 -0.552705 -1.155120 0.114035 0.972887 0.201215 105.432236 0.541069 -0.230683 0.808721 4.523113 0.000000 0.000000 0.000000 1.000000
0.839635 0.013653 -0.542979 -1.412917 0.113824 0.973063 0.200479 105.455383 0.531090 -0.230134 0.815464 4.577246 0.000000 0.000000 0.000000 1.000000
0.847796 0.010801 -0.530212 -1.767052 0.113309 0.973016 0.201001 105.462219 0.518076 -0.230486 0.823695 4.592586 0.000000 0.000000 0.000000 1.000000
0.861127 0.009931 -0.508293 -2.231856 0.111938 0.971569 0.208622 105.433212 0.495914 -0.236547 0.835533 4.509949 0.000000 0.000000 0.000000 1.000000
0.879213 0.006291 -0.476388 -2.802739 0.109974 0.970230 0.215778 105.392807 0.463563 -0.242105 0.852346 4.406484 0.000000 0.000000 0.000000 1.000000
0.892847 0.004700 -0.450336 -3.258695 0.106145 0.969579 0.220566 105.355232 0.437673 -0.244733 0.865187 4.326356 0.000000 0.000000 0.000000 1.000000
0.899250 0.007686 -0.437367 -3.465375 0.103811 0.967532 0.230444 105.286278 0.424938 -0.252630 0.869256 4.168565 0.000000 0.000000 0.000000 1.000000
0.900276 0.007235 -0.435260 -3.574324 0.104937 0.966771 0.233116 105.229080 0.422483 -0.255543 0.869601 4.061743 0.000000 0.000000 0.000000 1.000000
0.899351 0.008744 -0.437140 -3.572292 0.105034 0.966202 0.235420 105.165131 0.424423 -0.257640 0.868036 3.953007 0.000000 0.000000 0.000000 1.000000
0.902513 0.006274 -0.430617 -3.561195 0.107351 0.965054 0.239053 105.083130 0.417069 -0.261975 0.870300 3.801602 0.000000 0.000000 0.000000 1.000000
0.912961 0.003358 -0.408034 -3.698544 0.105099 0.964293 0.243092 104.992645 0.394280 -0.264818 0.880008 3.659324 0.000000 0.000000 0.000000 1.000000
0.926054 0.001299 -0.377388 -3.881739 0.100211 0.963248 0.249220 104.844818 0.363842 -0.268610 0.891890 3.496675 0.000000 0.000000 0.000000 1.000000
0.939225 0.000025 -0.343301 -4.125649 0.093752 0.961970 0.256563 104.719696 0.330251 -0.273156 0.903504 3.322317 0.000000 0.000000 0.000000 1.000000
0.952259 0.000260 -0.305290 -4.442055 0.083034 0.962081 0.259818 104.570923 0.293781 -0.272763 0.916129 3.210209 0.000000 0.000000 0.000000 1.000000
0.963881 0.001406 -0.266328 -4.850697 0.071497 0.961914 0.263835 104.443962 0.256556 -0.273347 0.927071 3.025540 0.000000 0.000000 0.000000 1.000000
0.972859 -0.001491 -0.231392 -5.241949 0.065211 0.961216 0.267976 104.377472 0.222018 -0.275792 0.935226 2.875168 0.000000 0.000000 0.000000 1.000000
0.981961 0.000371 -0.189086 -5.697212 0.052143 0.960692 0.272674 104.192955 0.181754 -0.277615 0.943343 2.583466 0.000000 0.000000 0.000000 1.000000
0.988995 -0.002463 -0.147928 -6.156675 0.043006 0.961473 0.271513 103.978325 0.141560 -0.274887 0.950998 2.272204 0.000000 0.000000 0.000000 1.000000
0.994237 -0.006645 -0.106996 -6.575408 0.035878 0.961148 0.273692 103.690460 0.101020 -0.275954 0.955847 1.916375 0.000000 0.000000 0.000000 1.000000
0.997839 -0.008040 -0.065217 -6.931188 0.025727 0.961057 0.275150 103.371323 0.060465 -0.276233 0.959187 1.547382 0.000000 0.000000 0.000000 1.000000
0.999716 -0.009155 -0.021992 -7.257009 0.014859 0.961238 0.275321 103.044106 0.018619 -0.275569 0.961101 1.165407 0.000000 0.000000 0.000000 1.000000
0.999708 -0.009487 0.022235 -7.543234 0.003033 0.961735 0.273965 102.707069 -0.023983 -0.273818 0.961483 0.681497 0.000000 0.000000 0.000000 1.000000
0.997593 -0.007849 0.068898 -7.750548 -0.011082 0.962759 0.270133 102.344986 -0.068453 -0.270246 0.960355 -0.051204 0.000000 0.000000 0.000000 1.000000
0.993388 -0.005265 0.114681 -7.904855 -0.025422 0.964059 0.264469 101.981667 -0.111952 -0.265635 0.957551 -0.914608 0.000000 0.000000 0.000000 1.000000
0.988304 -0.002787 0.152469 -7.955441 -0.037081 0.965433 0.258002 101.657394 -0.147917 -0.260638 0.954038 -1.949214 0.000000 0.000000 0.000000 1.000000
0.984171 -0.002444 0.177204 -7.869302 -0.043731 0.965635 0.256198 101.298882 -0.171740 -0.259892 0.950243 -3.077286 0.000000 0.000000 0.000000 1.000000
0.979666 -0.002316 0.200624 -7.777079 -0.049735 0.965921 0.254013 100.954292 -0.194376 -0.258826 0.946164 -4.197760 0.000000 0.000000 0.000000 1.000000
0.974797 -0.002350 0.223081 -7.671567 -0.055410 0.966061 0.252301 100.596718 -0.216103 -0.258304 0.941583 -5.334666 0.000000 0.000000 0.000000 1.000000
0.969540 -0.002572 0.244919 -7.545562 -0.061066 0.965830 0.251881 100.199280 -0.237198 -0.259165 0.936253 -6.512035 0.000000 0.000000 0.000000 1.000000
0.963836 -0.003086 0.266478 -7.391858 -0.067006 0.965003 0.253533 99.735085 -0.257935 -0.262220 0.929898 -7.753896 0.000000 0.000000 0.000000 1.000000
0.957824 -0.003829 0.287329 -7.167886 -0.074318 0.962591 0.260568 99.131844 -0.277578 -0.270932 0.921708 -9.146005 0.000000 0.000000 0.000000 1.000000
0.951687 -0.005801 0.307016 -6.880315 -0.081986 0.958726 0.272256 98.392960 -0.295924 -0.284274 0.911931 -10.672759 0.000000 0.000000 0.000000 1.000000
0.945406 -0.010378 0.325730 -6.595796 -0.087190 0.955004 0.283489 97.605064 -0.314015 -0.296413 0.901961 -12.206156 0.000000 0.000000 0.000000 1.000000
0.940037 -0.025727 0.340100 -6.348747 -0.079765 0.952917 0.292552 96.601006 -0.331613 -0.302138 0.893725 -13.730097 0.000000 0.000000 0.000000 1.000000
0.937478 -0.031556 0.346610 -6.197436 -0.078690 0.950876 0.299403 95.321037 -0.339031 -0.307958 0.888943 -15.345829 0.000000 0.000000 0.000000 1.000000
0.935610 -0.035315 0.351264 -6.077948 -0.078733 0.949052 0.305125 93.848007 -0.344144 -0.313134 0.885162 -17.048933 0.000000 0.000000 0.000000 1.000000
0.934377 -0.039771 0.354059 -5.982466 -0.077157 0.947581 0.310061 92.136215 -0.347831 -0.317032 0.882329 -18.875118 0.000000 0.000000 0.000000 1.000000
0.933268 -0.043933 0.356484 -5.898731 -0.075563 0.946265 0.314440 90.307999 -0.351143 -0.320394 0.879799 -20.758898 0.000000 0.000000 0.000000 1.000000
0.930286 -0.046566 0.363866 -5.803897 -0.076937 0.945082 0.317648 88.408768 -0.358675 -0.323498 0.875615 -22.675131 0.000000 0.000000 0.000000 1.000000
0.916603 -0.041209 0.397670 -5.645953 -0.093800 0.944744 0.314102 86.169571 -0.388640 -0.325208 0.862090 -24.745255 0.000000 0.000000 0.000000 1.000000
0.899700 -0.028909 0.435551 -5.490509 -0.119088 0.943697 0.308633 83.621002 -0.419950 -0.329546 0.845601 -26.911879 0.000000 0.000000 0.000000 1.000000
0.878897 -0.019247 0.476623 -5.236081 -0.148928 0.938168 0.312509 80.538368 -0.453167 -0.345645 0.821687 -30.060896 0.000000 0.000000 0.000000 1.000000
0.855353 -0.011694 0.517914 -4.962657 -0.178575 0.931815 0.315963 77.338142 -0.486295 -0.362746 0.794942 -33.399246 0.000000 0.000000 0.000000 1.000000
0.827283 -0.003362 0.561775 -4.682279 -0.212325 0.923939 0.318204 73.858673 -0.520116 -0.382524 0.763646 -36.819710 0.000000 0.000000 0.000000 1.000000
0.789239 0.008442 0.614028 -4.391791 -0.257692 0.912160 0.318682 69.778748 -0.557401 -0.409746 0.722088 -40.370468 0.000000 0.000000 0.000000 1.000000
0.745680 0.018573 0.666046 -4.091292 -0.303775 0.899157 0.315021 65.256134 -0.593028 -0.437232 0.676125 -44.040810 0.000000 0.000000 0.000000 1.000000
0.710792 0.026093 0.702918 -3.782676 -0.339634 0.887835 0.310481 60.183617 -0.615974 -0.459422 0.639928 -47.814606 0.000000 0.000000 0.000000 1.000000
0.692954 0.040047 0.719869 -3.249024 -0.383203 0.866207 0.320688 53.850658 -0.610713 -0.498078 0.615588 -51.966335 0.000000 0.000000 0.000000 1.000000
0.676015 0.053706 0.734929 -2.671442 -0.428116 0.840379 0.332386 47.265999 -0.599767 -0.539332 0.591101 -56.195198 0.000000 0.000000 0.000000 1.000000
0.660032 0.066476 0.748290 -2.066100 -0.473767 0.809857 0.345943 40.435364 -0.583011 -0.582849 0.566026 -60.524300 0.000000 0.000000 0.000000 1.000000
0.659645 0.084812 0.746776 -1.327345 -0.526139 0.761645 0.378251 32.376778 -0.536698 -0.642420 0.547038 -65.362297 0.000000 0.000000 0.000000 1.000000
0.687596 0.110674 0.717609 -0.753072 -0.587815 0.665026 0.460667 23.786160 -0.426244 -0.738574 0.522325 -70.232758 0.000000 0.000000 0.000000 1.000000
0.777960 0.108393 0.618894 -1.065108 -0.577278 0.512175 0.635946 18.986835 -0.248050 -0.852014 0.461024 -73.749352 0.000000 0.000000 0.000000 1.000000
0.839687 0.150575 0.521779 -1.561740 -0.539687 0.338453 0.770835 15.712267 -0.060530 -0.928858 0.365458 -76.764130 0.000000 0.000000 0.000000 1.000000
0.814281 0.210732 0.540869 -2.095046 -0.576458 0.184183 0.796099 16.270184 0.068144 -0.960036 0.271455 -78.623634 0.000000 0.000000 0.000000 1.000000
0.795665 0.200028 0.571758 -1.949327 -0.591236 0.051153 0.804875 17.682518 0.131750 -0.978454 0.158964 -81.923027 0.000000 0.000000 0.000000 1.000000
0.794069 0.173748 0.582465 -2.173121 -0.580690 -0.066286 0.811422 19.087030 0.179592 -0.982557 0.048258 -85.927773 0.000000 0.000000 0.000000 1.000000
0.798859 0.194832 0.569090 -3.016343 -0.544831 -0.166577 0.821834 20.372189 0.254917 -0.966588 -0.026921 -88.979218 0.000000 0.000000 0.000000 1.000000
0.805389 0.231930 0.545487 -3.516655 -0.496622 -0.238372 0.834593 21.491684 0.323596 -0.943073 -0.076801 -91.496696 0.000000 0.000000 0.000000 1.000000
0.813156 0.259931 0.520782 -3.786886 -0.455837 -0.271968 0.847494 22.863144 0.361926 -0.926536 -0.102666 -93.988106 0.000000 0.000000 0.000000 1.000000
0.819660 0.265277 0.507726 -4.291045 -0.428280 -0.304839 0.850676 23.856188 0.380439 -0.914714 -0.136252 -96.331810 0.000000 0.000000 0.000000 1.000000
0.827504 0.259661 0.497808 -5.102712 -0.407380 -0.332454 0.850597 24.510984 0.386365 -0.906670 -0.169326 -98.298973 0.000000 0.000000 0.000000 1.000000
0.835545 0.266232 0.480608 -6.007602 -0.381319 -0.348768 0.856129 24.869980 0.395550 -0.898600 -0.189892 -99.880920 0.000000 0.000000 0.000000 1.000000
0.840361 0.283203 0.462157 -6.891456 -0.350075 -0.367369 0.861677 24.857048 0.413811 -0.885910 -0.209581 -101.074020 0.000000 0.000000 0.000000 1.000000
0.847604 0.296343 0.440168 -7.690424 -0.315665 -0.385177 0.867176 24.589540 0.426524 -0.873968 -0.232932 -101.853462 0.000000 0.000000 0.000000 1.000000
0.863715 0.305914 0.400516 -8.428782 -0.267760 -0.394728 0.878917 24.109200 0.426968 -0.866376 -0.259020 -102.198082 0.000000 0.000000 0.000000 1.000000
0.880830 0.320745 0.348227 -9.137547 -0.214310 -0.385728 0.897377 23.478756 0.422150 -0.865065 -0.271022 -102.194054 0.000000 0.000000 0.000000 1.000000
0.894275 0.337883 0.293441 -9.829713 -0.167401 -0.355540 0.919548 22.645107 0.415030 -0.871451 -0.261388 -102.031242 0.000000 0.000000 0.000000 1.000000
0.905270 0.347851 0.243896 -10.515675 -0.132010 -0.315353 0.939748 21.579397 0.403806 -0.882922 -0.239560 -101.810173 0.000000 0.000000 0.000000 1.000000
0.913982 0.351466 0.202755 -11.121670 -0.105733 -0.276132 0.955286 20.458702 0.391738 -0.894552 -0.215218 -101.557922 0.000000 0.000000 0.000000 1.000000
0.919771 0.352875 0.171755 -11.690544 -0.089041 -0.238596 0.967028 19.344353 0.382220 -0.904738 -0.188034 -101.142334 0.000000 0.000000 0.000000 1.000000
0.923612 0.354558 0.145701 -12.243229 -0.078001 -0.198307 0.977031 18.278519 0.375308 -0.913763 -0.155503 -100.613777 0.000000 0.000000 0.000000 1.000000
0.928322 0.351769 0.120318 -12.762607 -0.072133 -0.147057 0.986494 17.175308 0.364711 -0.924464 -0.111142 -100.017715 0.000000 0.000000 0.000000 1.000000
0.932906 0.349127 0.088306 -13.067644 -0.065653 -0.076219 0.994927 16.090469 0.354086 -0.933971 -0.048184 -99.185692 0.000000 0.000000 0.000000 1.000000
0.936808 0.346297 0.049691 -13.488600 -0.054057 0.002954 0.998533 15.306090 0.345642 -0.938120 0.021487 -98.620789 0.000000 0.000000 0.000000 1.000000
0.940988 0.338374 0.006691 -13.909404 -0.037750 0.085293 0.995640 14.677097 0.336328 -0.937138 0.093034 -98.330849 0.000000 0.000000 0.000000 1.000000
0.942116 0.332306 -0.044615 -13.993156 -0.007683 0.154426 0.987975 14.583584 0.335199 -0.930444 0.148040 -97.767128 0.000000 0.000000 0.000000 1.000000
0.936691 0.337138 -0.094596 -14.473789 0.033175 0.183490 0.982462 14.358454 0.348583 -0.923401 0.160689 -96.720963 0.000000 0.000000 0.000000 1.000000
0.927766 0.356997 -0.108647 -14.977921 0.053885 0.159933 0.985656 14.349241 0.369253 -0.920312 0.129143 -95.814987 0.000000 0.000000 0.000000 1.000000
0.930802 0.357246 -0.077354 -15.366579 0.034322 0.125268 0.991529 14.643178 0.363910 -0.925572 0.104338 -95.451302 0.000000 0.000000 0.000000 1.000000
0.933958 0.352846 -0.056762 -15.465149 0.020352 0.106058 0.994152 14.608736 0.356802 -0.929651 0.091872 -95.482658 0.000000 0.000000 0.000000 1.000000
0.933479 0.354791 -0.052340 -15.413633 0.018543 0.098000 0.995014 14.310922 0.358152 -0.929795 0.084902 -95.679260 0.000000 0.000000 0.000000 1.000000
0.933529 0.354384 -0.054177 -15.410477 0.022315 0.093386 0.995380 13.920840 0.357806 -0.930425 0.079271 -95.979218 0.000000 0.000000 0.000000 1.000000
0.935176 0.350478 -0.051093 -15.192654 0.021489 0.087843 0.995903 13.552854 0.353530 -0.932442 0.074617 -96.585312 0.000000 0.000000 0.000000 1.000000
0.936394 0.347249 -0.050828 -14.875938 0.020452 0.090590 0.995678 13.157338 0.350353 -0.933387 0.077726 -97.126183 0.000000 0.000000 0.000000 1.000000
0.936598 0.345749 -0.056945 -14.688763 0.024851 0.096560 0.995017 12.809829 0.349524 -0.933346 0.081846 -97.365974 0.000000 0.000000 0.000000 1.000000
0.936041 0.347755 -0.053785 -14.671333 0.024905 0.086993 0.995898 12.666481 0.351008 -0.933541 0.072768 -97.364914 0.000000 0.000000 0.000000 1.000000
0.936269 0.349778 -0.032492 -14.640726 0.009414 0.067479 0.997676 12.609223 0.351158 -0.934399 0.059886 -97.479355 0.000000 0.000000 0.000000 1.000000
0.936749 0.349622 -0.016273 -14.635938 -0.002829 0.054058 0.998534 12.566630 0.349989 -0.935330 0.051628 -97.518997 0.000000 0.000000 0.000000 1.000000
0.936600 0.349787 -0.020706 -14.613022 -0.000768 0.061140 0.998129 12.476763 0.350398 -0.934832 0.057532 -97.521866 0.000000 0.000000 0.000000 1.000000
0.936346 0.349733 -0.030717 -14.660313 0.006265 0.070834 0.997468 12.432509 0.351024 -0.934168 0.064134 -97.428947 0.000000 0.000000 0.000000 1.000000
0.936518 0.348363 -0.039719 -14.721209 0.013092 0.078458 0.996831 12.415745 0.350375 -0.934071 0.068917 -97.295975 0.000000 0.000000 0.000000 1.000000
0.936678 0.346530 -0.050515 -14.774214 0.020556 0.089591 0.995766 12.394440 0.349589 -0.933751 0.076795 -97.174538 0.000000 0.000000 0.000000 1.000000
0.936040 0.347824 -0.053367 -14.822310 0.022813 0.091356 0.995557 12.416067 0.351154 -0.933098 0.077578 -97.044746 0.000000 0.000000 0.000000 1.000000
0.935510 0.349436 -0.052120 -14.825190 0.022695 0.087780 0.995881 12.391482 0.352572 -0.932839 0.074189 -97.010101 0.000000 0.000000 0.000000 1.000000
0.934998 0.351097 -0.050092 -14.819590 0.022133 0.083200 0.996287 12.358232 0.353961 -0.932635 0.070021 -96.993286 0.000000 0.000000 0.000000 1.000000
0.934484 0.352746 -0.048049 -14.813991 0.021571 0.078615 0.996672 12.324982 0.355350 -0.932411 0.065856 -96.976471 0.000000 0.000000 0.000000 1.000000</float_array>
        <technique_common>
          <accessor source="#mixamorig_Hips-Matrix-animation-output-transform-array" count="109" stride="16">
            <param type="float4x4"/>
          </accessor>
        </technique_common>
      </source>
      <source id="mixamorig_Hips-Interpolations">
        <Name_array id="mixamorig_Hips-Interpolations-array" count="109">
 LINEAR LINEAR LINEAR LINEAR LINEAR LINEAR LINEAR LINEAR LINEAR LINEAR LINEAR
LINEAR LINEAR LINEAR LINEAR LINEAR LINEAR LINEAR LINEAR LINEAR LINEAR LINEAR LINEAR
LINEAR LINEAR LINEAR LINEAR LINEAR LINEAR LINEAR LINEAR LINEAR LINEAR LINEAR LINEAR
LINEAR LINEAR LINEAR LINEAR LINEAR LINEAR LINEAR LINEAR LINEAR LINEAR LINEAR LINEAR
LINEAR LINEAR LINEAR LINEAR LINEAR LINEAR LINEAR LINEAR LINEAR LINEAR LINEAR LINEAR
LINEAR LINEAR LINEAR LINEAR LINEAR LINEAR LINEAR LINEAR LINEAR LINEAR LINEAR LINEAR
LINEAR LINEAR LINEAR LINEAR LINEAR LINEAR LINEAR LINEAR LINEAR LINEAR LINEAR LINEAR
LINEAR LINEAR LINEAR LINEAR LINEAR LINEAR LINEAR LINEAR LINEAR LINEAR LINEAR LINEAR
LINEAR LINEAR LINEAR LINEAR LINEAR LINEAR LINEAR LINEAR LINEAR LINEAR LINEAR LINEAR
LINEAR LINEAR</Name_array>
        <technique_common>
          <accessor source="#mixamorig_Hips-Interpolations-array" count="109">
            <param type="name"/>
          </accessor>
        </technique_common>
      </source>
      <sampler id="mixamorig_Hips-Matrix-animation-transform">
        <input semantic="INPUT" source="#mixamorig_Hips-Matrix-animation-input"/>
        <input semantic="OUTPUT" source="#mixamorig_Hips-Matrix-animation-output-transform"/>
        <input semantic="INTERPOLATION" source="#mixamorig_Hips-Interpolations"/>
      </sampler>
      <channel source="#mixamorig_Hips-Matrix-animation-transform" target="mixamorig_Hips/matrix"/>
    </animation>
    <animation id="mixamorig_Spine-anim" name="mixamorig_Spine">
      <source id="mixamorig_Spine-Matrix-animation-input">
        <float_array id="mixamorig_Spine-Matrix-animation-input-array" count="109">

0.000000 0.033333 0.066667 0.100000 0.133333 0.166667 0.200000 0.233333 0.266667 0.300000 0.333333 0.366667 0.400000 0.433333 0.466667 0.500000
0.533333 0.566667 0.600000 0.633333 0.666667 0.700000 0.733333 0.766667 0.800000 0.833333 0.866667 0.900000 0.933333 0.966667 1.000000 1.033333
1.066667 1.100000 1.133333 1.166667 1.200000 1.233333 1.266667 1.300000 1.333333 1.366667 1.400000 1.433333 1.466667 1.500000 1.533333 1.566667
1.600000 1.633333 1.666667 1.700000 1.733333 1.766667 1.800000 1.833333 1.866667 1.900000 1.933333 1.966667 2.000000 2.033333 2.066667 2.100000
2.133333 2.166667 2.200000 2.233333 2.266667 2.300000 2.333333 2.366667 2.400000 2.433333 2.466667 2.500000 2.533333 2.566667 2.600000 2.633333
2.666667 2.700000 2.733333 2.766667 2.800000 2.833333 2.866667 2.900000 2.933333 2.966667 3.000000 3.033333 3.066667 3.100000 3.133333 3.166667
3.200000 3.233333 3.266667 3.300000 3.333333 3.366667 3.400000 3.433333 3.466667 3.500000 3.533333 3.566667 3.600000</float_array>
        <technique_common>
          <accessor source="#mixamorig_Spine-Matrix-animation-input-array" count="109">
            <param name="TIME" type="float"/>
          </accessor>
        </technique_common>
      </source>
      <source id="mixamorig_Spine-Matrix-animation-output-transform">
        <float_array id="mixamorig_Spine-Matrix-animation-output-transform-array" count="1744">

0.998816 0.048626 0.001208 0.000000 -0.047275 0.976313 -0.211137 8.536500 -0.011446 0.210830 0.977456 0.187100 0.000000 0.000000 0.000000 1.000000
0.997484 0.070654 -0.005791 0.000000 -0.070300 0.975327 -0.209271 8.536500 -0.009137 0.209152 0.977841 0.187100 0.000000 0.000000 0.000000 1.000000
0.996921 0.077064 -0.014473 -0.000000 -0.078401 0.976702 -0.199765 8.536500 -0.001259 0.200284 0.979737 0.187100 0.000000 0.000000 0.000000 1.000000
0.999025 0.040845 -0.016778 0.000000 -0.043193 0.982875 -0.179142 8.536500 0.009174 0.179692 0.983680 0.187100 0.000000 0.000000 0.000000 1.000000
0.999887 0.000314 -0.015063 0.000000 -0.002343 0.990862 -0.134862 8.536500 0.014883 0.134882 0.990750 0.187100 0.000000 0.000000 0.000000 1.000000
0.999229 -0.038090 -0.009516 0.000000 0.036660 0.991968 -0.121061 8.536500 0.014050 0.120619 0.992599 0.187100 0.000000 0.000000 0.000000 1.000000
0.997501 -0.070607 -0.002680 0.000000 0.069830 0.990885 -0.115197 8.536500 0.010790 0.114722 0.993339 0.187100 0.000000 0.000000 0.000000 1.000000
0.996134 -0.087819 0.002197 0.000000 0.087504 0.989735 -0.112991 8.536500 0.007748 0.112747 0.993594 0.187100 0.000000 0.000000 0.000000 1.000000
0.996046 -0.088760 0.003675 0.000000 0.088648 0.990403 -0.106037 8.536500 0.005772 0.105944 0.994355 0.187100 0.000000 0.000000 0.000000 1.000000
0.996606 -0.082228 0.003879 -0.000000 0.082159 0.990607 -0.109309 8.536500 0.005146 0.109257 0.994000 0.187100 0.000000 0.000000 0.000000 1.000000
0.997071 -0.076300 0.005266 0.000000 0.076408 0.990747 -0.112171 8.536500 0.003341 0.112244 0.993675 0.187100 0.000000 0.000000 0.000000 1.000000
0.996977 -0.077326 0.007593 -0.000000 0.077693 0.990933 -0.109612 8.536500 0.000952 0.109870 0.993945 0.187100 0.000000 0.000000 0.000000 1.000000
0.996818 -0.078993 0.010653 0.000000 0.079681 0.991012 -0.107455 8.536500 -0.002069 0.107962 0.994153 0.187100 0.000000 0.000000 0.000000 1.000000
0.996453 -0.083113 0.013144 0.000000 0.084039 0.990843 -0.105681 8.536500 -0.004240 0.106410 0.994313 0.187100 0.000000 0.000000 0.000000 1.000000
0.996132 -0.086109 0.017496 0.000000 0.087470 0.990698 -0.104245 8.536500 -0.008357 0.105372 0.994398 0.187100 0.000000 0.000000 0.000000 1.000000
0.996159 -0.084762 0.021984 0.000000 0.086620 0.990641 -0.105482 8.536500 -0.012837 0.106981 0.994178 0.187100 0.000000 0.000000 0.000000 1.000000
0.996513 -0.080184 0.023072 0.000000 0.082164 0.991167 -0.104105 8.536500 -0.014521 0.105638 0.994299 0.187100 0.000000 0.000000 0.000000 1.000000
0.996586 -0.078887 0.024357 0.000000 0.080980 0.991455 -0.102273 8.536500 -0.016081 0.103896 0.994458 0.187100 0.000000 0.000000 0.000000 1.000000
0.996250 -0.081937 0.027791 -0.000000 0.084420 0.990911 -0.104731 8.536500 -0.018957 0.106684 0.994112 0.187100 0.000000 0.000000 0.000000 1.000000
0.995917 -0.084538 0.031675 0.000000 0.087429 0.990614 -0.105075 8.536500 -0.022495 0.107415 0.993960 0.187100 0.000000 0.000000 0.000000 1.000000
0.995451 -0.088414 0.035508 0.000000 0.091731 0.990088 -0.106354 8.536500 -0.025752 0.109128 0.993694 0.187100 0.000000 0.000000 0.000000 1.000000
0.995602 -0.086191 0.036712 -0.000000 0.089647 0.990300 -0.106161 8.536500 -0.027205 0.108985 0.993671 0.187100 0.000000 0.000000 0.000000 1.000000
0.996173 -0.080110 0.034949 0.000000 0.083293 0.991303 -0.101886 8.536500 -0.026483 0.104407 0.994182 0.187100 0.000000 0.000000 0.000000 1.000000
0.996793 -0.073203 0.032334 -0.000000 0.076050 0.992279 -0.097977 8.536500 -0.024912 0.100122 0.994663 0.187100 0.000000 0.000000 0.000000 1.000000
0.997315 -0.067304 0.028854 0.000000 0.069714 0.993242 -0.092791 8.536500 -0.022414 0.094553 0.995267 0.187100 0.000000 0.000000 0.000000 1.000000
0.997780 -0.061712 0.025021 0.000000 0.063637 0.994320 -0.085316 8.536500 -0.019614 0.086719 0.996040 0.187100 0.000000 0.000000 0.000000 1.000000
0.998236 -0.054976 0.022416 -0.000000 0.056621 0.995112 -0.080903 8.536500 -0.017858 0.082030 0.996470 0.187100 0.000000 0.000000 0.000000 1.000000
0.998683 -0.046439 0.021796 0.000000 0.047973 0.995945 -0.076106 8.536500 -0.018173 0.077052 0.996861 0.187100 0.000000 0.000000 0.000000 1.000000
0.999037 -0.038759 0.020582 -0.000000 0.040196 0.996390 -0.074776 8.536500 -0.017609 0.075532 0.996988 0.187100 0.000000 0.000000 0.000000 1.000000
0.999402 -0.028274 0.019904 0.000000 0.029641 0.996953 -0.072153 8.536500 -0.017804 0.072700 0.997195 0.187100 0.000000 0.000000 0.000000 1.000000
0.999637 -0.017739 0.020258 -0.000000 0.019190 0.997083 -0.073870 8.536500 -0.018888 0.074231 0.997062 0.187100 0.000000 0.000000 0.000000 1.000000
0.999715 -0.009622 0.021869 0.000000 0.011260 0.997041 -0.076040 8.536500 -0.021073 0.076265 0.996865 0.187100 0.000000 0.000000 0.000000 1.000000
0.999699 -0.001015 0.024497 0.000000 0.002923 0.996950 -0.077992 8.536500 -0.024343 0.078040 0.996653 0.187100 0.000000 0.000000 0.000000 1.000000
0.999613 0.006904 0.026953 -0.000000 -0.004733 0.996800 -0.079790 8.536500 -0.027418 0.079632 0.996447 0.187100 0.000000 0.000000 0.000000 1.000000
0.999514 0.012821 0.028425 0.000000 -0.010475 0.996642 -0.081215 8.536500 -0.029371 0.080878 0.996291 0.187100 0.000000 0.000000 0.000000 1.000000
0.999407 0.017684 0.029530 0.000000 -0.015194 0.996474 -0.082512 8.536500 -0.030885 0.082014 0.996152 0.187100 0.000000 0.000000 0.000000 1.000000
0.999313 0.021060 0.030488 0.000000 -0.018437 0.996303 -0.083902 8.536500 -0.032143 0.083282 0.996007 0.187100 0.000000 0.000000 0.000000 1.000000
0.999254 0.023196 0.030870 0.000000 -0.020410 0.995939 -0.087681 8.536500 -0.032779 0.086986 0.995670 0.187100 0.000000 0.000000 0.000000 1.000000
0.999191 0.025278 0.031280 0.000000 -0.022325 0.995565 -0.091393 8.536500 -0.033452 0.090620 0.995324 0.187100 0.000000 0.000000 0.000000 1.000000
0.999130 0.027243 0.031577 0.000000 -0.024118 0.995143 -0.095444 8.536500 -0.034024 0.094600 0.994934 0.187100 0.000000 0.000000 0.000000 1.000000
0.999079 0.029026 0.031617 0.000000 -0.025724 0.994630 -0.100244 8.536500 -0.034357 0.099338 0.994460 0.187100 0.000000 0.000000 0.000000 1.000000
0.999044 0.030558 0.031258 0.000000 -0.027080 0.993976 -0.106196 8.536500 -0.034315 0.105248 0.993854 0.187100 0.000000 0.000000 0.000000 1.000000
0.999065 0.031009 0.030139 0.000000 -0.027359 0.993015 -0.114775 8.536500 -0.033488 0.113843 0.992934 0.187100 0.000000 0.000000 0.000000 1.000000
0.999126 0.030845 0.028225 -0.000000 -0.027062 0.991687 -0.125793 8.536500 -0.031870 0.124919 0.991655 0.187100 0.000000 0.000000 0.000000 1.000000
0.999156 0.031947 0.025802 -0.000000 -0.028117 0.990150 -0.137159 8.536500 -0.029929 0.136318 0.990213 0.187100 0.000000 0.000000 0.000000 1.000000
0.998979 0.040128 0.020771 0.000000 -0.036580 0.988073 -0.149579 8.536500 -0.026525 0.148666 0.988532 0.187100 0.000000 0.000000 0.000000 1.000000
0.998936 0.043219 0.016091 -0.000000 -0.040010 0.985704 -0.163664 8.536500 -0.022935 0.162846 0.986385 0.187100 0.000000 0.000000 0.000000 1.000000
0.998926 0.044856 0.011604 -0.000000 -0.042101 0.983338 -0.176846 8.536500 -0.019344 0.176167 0.984170 0.187100 0.000000 0.000000 0.000000 1.000000
0.998894 0.046420 0.007480 0.000000 -0.044197 0.981268 -0.187509 8.536500 -0.016044 0.186971 0.982234 0.187100 0.000000 0.000000 0.000000 1.000000
0.998862 0.047564 0.003464 0.000000 -0.045948 0.979288 -0.197192 8.536500 -0.012772 0.196808 0.980359 0.187100 0.000000 0.000000 0.000000 1.000000
0.998879 0.047327 -0.000928 0.000000 -0.046496 0.977287 -0.206757 8.536500 -0.008878 0.206569 0.978392 0.187100 0.000000 0.000000 0.000000 1.000000
0.999168 0.040143 -0.007191 0.000000 -0.040748 0.975498 -0.216204 8.536500 -0.001664 0.216317 0.976322 0.187100 0.000000 0.000000 0.000000 1.000000
0.999556 0.027843 -0.010617 0.000000 -0.029510 0.974370 -0.223006 8.536500 0.004136 0.223220 0.974759 0.187100 0.000000 0.000000 0.000000 1.000000
0.999847 0.012076 -0.012670 0.000000 -0.014677 0.972836 -0.231028 8.536500 0.009536 0.231179 0.972865 0.187100 0.000000 0.000000 0.000000 1.000000
0.999889 -0.004308 -0.014237 0.000000 0.000777 0.970951 -0.239278 8.536500 0.014855 0.239240 0.970847 0.187100 0.000000 0.000000 0.000000 1.000000
0.999680 -0.019839 -0.015668 0.000000 0.015368 0.969034 -0.246447 8.536500 0.020072 0.246127 0.969030 0.187100 0.000000 0.000000 0.000000 1.000000
0.999271 -0.033973 -0.017395 -0.000000 0.028527 0.967583 -0.250935 8.536500 0.025356 0.250256 0.967848 0.187100 0.000000 0.000000 0.000000 1.000000
0.998798 -0.045138 -0.019128 0.000000 0.038818 0.966493 -0.253742 8.536500 0.029940 0.252694 0.967083 0.187100 0.000000 0.000000 0.000000 1.000000
0.998740 -0.045869 -0.020356 -0.000000 0.039183 0.966212 -0.254751 8.536500 0.031354 0.253633 0.966792 0.187100 0.000000 0.000000 0.000000 1.000000
0.998547 -0.049934 -0.020250 0.000000 0.043109 0.965776 -0.255768 8.536500 0.032329 0.254524 0.966526 0.187100 0.000000 0.000000 0.000000 1.000000
0.998307 -0.054672 -0.019867 0.000000 0.047755 0.965291 -0.256772 8.536500 0.033215 0.255388 0.966268 0.187100 0.000000 0.000000 0.000000 1.000000
0.998002 -0.060200 -0.019175 -0.000000 0.053250 0.964805 -0.257517 8.536500 0.034002 0.255982 0.966083 0.187100 0.000000 0.000000 0.000000 1.000000
0.997422 -0.069720 -0.016982 0.000000 0.063037 0.964388 -0.256870 8.536500 0.034286 0.255137 0.966297 0.187100 0.000000 0.000000 0.000000 1.000000
0.995824 -0.091031 -0.006889 0.000000 0.085861 0.959562 -0.268083 8.536500 0.031014 0.266372 0.963371 0.187100 0.000000 0.000000 0.000000 1.000000
0.998379 -0.056693 0.005046 -0.000000 0.055808 0.957644 -0.282494 8.536500 0.011183 0.282318 0.959256 0.187100 0.000000 0.000000 0.000000 1.000000
0.999791 -0.016931 0.011464 0.000000 0.019492 0.958593 -0.284111 8.536500 -0.006179 0.284275 0.958723 0.187100 0.000000 0.000000 0.000000 1.000000
0.999971 -0.006327 -0.004147 0.000000 0.005305 0.977315 -0.211726 8.536500 0.005392 0.211698 0.977320 0.187100 0.000000 0.000000 0.000000 1.000000
0.999902 0.012088 -0.007033 0.000000 -0.013184 0.982504 -0.185772 8.536500 0.004664 0.185847 0.982568 0.187100 0.000000 0.000000 0.000000 1.000000
0.999868 0.012304 -0.010601 0.000000 -0.014301 0.976383 -0.215573 8.536500 0.007698 0.215696 0.976430 0.187100 0.000000 0.000000 0.000000 1.000000
0.999706 -0.014457 -0.019463 0.000000 0.009029 0.967025 -0.254522 8.536500 0.022501 0.254272 0.966871 0.187100 0.000000 0.000000 0.000000 1.000000
0.999129 -0.039333 -0.013965 -0.000000 0.034017 0.961247 -0.273583 8.536500 0.024185 0.272870 0.961747 0.187100 0.000000 0.000000 0.000000 1.000000
0.998844 -0.047306 -0.008506 0.000000 0.043262 0.961949 -0.269781 8.536500 0.020945 0.269101 0.962884 0.187100 0.000000 0.000000 0.000000 1.000000
0.998931 -0.044557 -0.012329 0.000000 0.039400 0.960011 -0.277177 8.536500 0.024186 0.276395 0.960740 0.187100 0.000000 0.000000 0.000000 1.000000
0.999201 -0.032137 -0.023764 -0.000000 0.023839 0.956415 -0.291037 8.536500 0.032081 0.290238 0.956417 0.187100 0.000000 0.000000 0.000000 1.000000
0.999167 -0.023195 -0.033561 0.000000 0.012239 0.955182 -0.295768 8.536500 0.038918 0.295111 0.954670 0.187100 0.000000 0.000000 0.000000 1.000000
0.999065 -0.021253 -0.037636 0.000000 0.009031 0.954188 -0.299070 8.536500 0.042268 0.298451 0.953489 0.187100 0.000000 0.000000 0.000000 1.000000
0.998807 -0.020130 -0.044491 0.000000 0.005584 0.952184 -0.305473 8.536500 0.048513 0.304860 0.951161 0.187100 0.000000 0.000000 0.000000 1.000000
0.998600 -0.016169 -0.050374 0.000000 -0.000430 0.949638 -0.313349 8.536500 0.052904 0.312932 0.948301 0.187100 0.000000 0.000000 0.000000 1.000000
0.998932 -0.010556 -0.044984 -0.000000 -0.004070 0.949671 -0.313224 8.536500 0.046026 0.313073 0.948613 0.187100 0.000000 0.000000 0.000000 1.000000
0.999384 -0.002341 -0.035021 0.000000 -0.008355 0.953229 -0.302134 8.536500 0.034091 0.302240 0.952622 0.187100 0.000000 0.000000 0.000000 1.000000
0.999585 0.008481 -0.027538 0.000000 -0.016024 0.957904 -0.286640 8.536500 0.023948 0.286962 0.957643 0.187100 0.000000 0.000000 0.000000 1.000000
0.999535 0.018291 -0.024401 0.000000 -0.024213 0.962454 -0.270362 8.536500 0.018540 0.270827 0.962449 0.187100 0.000000 0.000000 0.000000 1.000000
0.999341 0.026714 -0.024578 -0.000000 -0.032076 0.966845 -0.253342 8.536500 0.016996 0.253964 0.967064 0.187100 0.000000 0.000000 0.000000 1.000000
0.999090 0.034575 -0.024987 0.000000 -0.039429 0.972031 -0.231518 8.536500 0.016284 0.232292 0.972510 0.187100 0.000000 0.000000 0.000000 1.000000
0.998531 0.047806 -0.025516 0.000000 -0.052038 0.977292 -0.205406 8.536500 0.015117 0.206432 0.978344 0.187100 0.000000 0.000000 0.000000 1.000000
0.997896 0.060012 -0.024530 0.000000 -0.063296 0.983697 -0.168326 8.536500 0.014028 0.169524 0.985426 0.187100 0.000000 0.000000 0.000000 1.000000
0.997138 0.071591 -0.024308 0.000000 -0.074071 0.989474 -0.124321 8.536500 0.015151 0.125765 0.991944 0.187100 0.000000 0.000000 0.000000 1.000000
0.996013 0.085879 -0.024145 0.000000 -0.087547 0.992973 -0.079628 8.536500 0.017137 0.081424 0.996532 0.187100 0.000000 0.000000 0.000000 1.000000
0.995721 0.090246 -0.019884 0.000000 -0.090945 0.995144 -0.037651 8.536500 0.016389 0.039298 0.999093 0.187100 0.000000 0.000000 0.000000 1.000000
0.997001 0.077012 -0.007613 0.000000 -0.077109 0.996933 -0.013364 8.536500 0.006560 0.013911 0.999882 0.187100 0.000000 0.000000 0.000000 1.000000
0.998255 0.059024 -0.001680 0.000000 -0.059046 0.998043 -0.020570 8.536500 0.000463 0.020634 0.999787 0.187100 0.000000 0.000000 0.000000 1.000000
0.998029 0.062417 -0.006446 0.000000 -0.062605 0.997424 -0.035006 8.536500 0.004244 0.035341 0.999366 0.187100 0.000000 0.000000 0.000000 1.000000
0.997668 0.067674 -0.008868 0.000000 -0.068013 0.996622 -0.046039 8.536500 0.005722 0.046535 0.998900 0.187100 0.000000 0.000000 0.000000 1.000000
0.997795 0.065955 -0.007448 0.000000 -0.066271 0.996201 -0.056497 8.536500 0.003693 0.056866 0.998375 0.187100 0.000000 0.000000 0.000000 1.000000
0.997806 0.065855 -0.006818 0.000000 -0.066157 0.995758 -0.063947 8.536500 0.002578 0.064258 0.997930 0.187100 0.000000 0.000000 0.000000 1.000000
0.997708 0.067099 -0.008728 -0.000000 -0.067553 0.995148 -0.071532 8.536500 0.003886 0.071957 0.997400 0.187100 0.000000 0.000000 0.000000 1.000000
0.997656 0.067624 -0.010504 0.000000 -0.068219 0.994908 -0.074190 8.536500 0.005434 0.074732 0.997189 0.187100 0.000000 0.000000 0.000000 1.000000
0.997656 0.067160 -0.013151 0.000000 -0.067954 0.994935 -0.074077 8.536500 0.008109 0.074797 0.997166 0.187100 0.000000 0.000000 0.000000 1.000000
0.997653 0.067396 -0.012067 0.000000 -0.068169 0.994201 -0.083165 8.536500 0.006392 0.083793 0.996463 0.187100 0.000000 0.000000 0.000000 1.000000
0.997635 0.067075 -0.015021 -0.000000 -0.068201 0.993165 -0.094724 8.536500 0.008565 0.095525 0.995390 0.187100 0.000000 0.000000 0.000000 1.000000
0.997583 0.067419 -0.016810 0.000000 -0.068783 0.992458 -0.101466 8.536500 0.009843 0.102377 0.994697 0.187100 0.000000 0.000000 0.000000 1.000000
0.997560 0.067949 -0.016051 0.000000 -0.069186 0.992919 -0.096568 8.536500 0.009376 0.097443 0.995197 0.187100 0.000000 0.000000 0.000000 1.000000
0.997541 0.068422 -0.015168 0.000000 -0.069513 0.993525 -0.089864 8.536500 0.008922 0.090697 0.995839 0.187100 0.000000 0.000000 0.000000 1.000000
0.997536 0.068655 -0.014459 0.000000 -0.069628 0.994059 -0.083656 8.536500 0.008629 0.084456 0.996390 0.187100 0.000000 0.000000 0.000000 1.000000
0.997555 0.068542 -0.013620 0.000000 -0.069378 0.994728 -0.075513 8.536500 0.008372 0.076273 0.997052 0.187100 0.000000 0.000000 0.000000 1.000000
0.997576 0.068291 -0.013357 -0.000000 -0.069084 0.994973 -0.072499 8.536500 0.008339 0.073246 0.997279 0.187100 0.000000 0.000000 0.000000 1.000000
0.997588 0.068107 -0.013379 0.000000 -0.068914 0.994883 -0.073886 8.536500 0.008279 0.074630 0.997177 0.187100 0.000000 0.000000 0.000000 1.000000
0.997599 0.067936 -0.013454 0.000000 -0.068767 0.994726 -0.076098 8.536500 0.008213 0.076840 0.997010 0.187100 0.000000 0.000000 0.000000 1.000000
0.997610 0.067765 -0.013528 0.000000 -0.068620 0.994565 -0.078309 8.536500 0.008148 0.079050 0.996837 0.187100 0.000000 0.000000 0.000000 1.000000</float_array>
        <technique_common>
          <accessor source="#mixamorig_Spine-Matrix-animation-output-transform-array" count="109" stride="16">
            <param type="float4x4"/>
          </accessor>
        </technique_common>
      </source>
      <source id="mixamorig_Spine-Interpolations">
        <Name_array id="mixamorig_Spine-Interpolations-array" count="109">
 LINEAR LINEAR LINEAR LINEAR LINEAR LINEAR LINEAR LINEAR LINEAR LINEAR LINEAR
LINEAR LINEAR LINEAR LINEAR LINEAR LINEAR LINEAR LINEAR LINEAR LINEAR LINEAR LINEAR
LINEAR LINEAR LINEAR LINEAR LINEAR LINEAR LINEAR LINEAR LINEAR LINEAR LINEAR LINEAR
LINEAR LINEAR LINEAR LINEAR LINEAR LINEAR LINEAR LINEAR LINEAR LINEAR LINEAR LINEAR
LINEAR LINEAR LINEAR LINEAR LINEAR LINEAR LINEAR LINEAR LINEAR LINEAR LINEAR LINEAR
LINEAR LINEAR LINEAR LINEAR LINEAR LINEAR LINEAR LINEAR LINEAR LINEAR LINEAR LINEAR
LINEAR LINEAR LINEAR LINEAR LINEAR LINEAR LINEAR LINEAR LINEAR LINEAR LINEAR LINEAR
LINEAR LINEAR LINEAR LINEAR LINEAR LINEAR LINEAR LINEAR LINEAR LINEAR LINEAR LINEAR
LINEAR LINEAR LINEAR LINEAR LINEAR LINEAR LINEAR LINEAR LINEAR LINEAR LINEAR LINEAR
LINEAR LINEAR</Name_array>
        <technique_common>
          <accessor source="#mixamorig_Spine-Interpolations-array" count="109">
            <param type="name"/>
          </accessor>
        </technique_common>
      </source>
      <sampler id="mixamorig_Spine-Matrix-animation-transform">
        <input semantic="INPUT" source="#mixamorig_Spine-Matrix-animation-input"/>
        <input semantic="OUTPUT" source="#mixamorig_Spine-Matrix-animation-output-transform"/>
        <input semantic="INTERPOLATION" source="#mixamorig_Spine-Interpolations"/>
      </sampler>
      <channel source="#mixamorig_Spine-Matrix-animation-transform" target="mixamorig_Spine/matrix"/>
    </animation>
    <animation id="mixamorig_Spine1-anim" name="mixamorig_Spine1">
      <source id="mixamorig_Spine1-Matrix-animation-input">
