<?xml version="1.0" encoding="utf-8"?>
<COLLADA xmlns="http://www.collada.org/2005/11/COLLADASchema" version="1.4.1">
  <asset>
    <contributor>
      <author>Mixamo</author>
      <authoring_tool>COLLADA Mixamo exporter</authoring_tool>
      <comments/>
    </contributor>
    <created>2025-11-14T05:17:28Z</created>
    <modified>2025-11-14T05:17:28Z</modified>
    <revision/>
    <title/>
    <unit meter="0.010000"/>
    <up_axis>Y_UP</up_axis>
  </asset>
  <library_animations>
    <animation id="mixamorig_Hips-anim" name="mixamorig_Hips">
      <source id="mixamorig_Hips-Matrix-animation-input">
        <float_array id="mixamorig_Hips-Matrix-animation-input-array" count="40">

0.000000 0.033333 0.066667 0.100000 0.133333 0.166667 0.200000 0.233333 0.266667 0.300000 0.333333 0.366667 0.400000 0.433333 0.466667 0.500000
0.533333 0.566667 0.600000 0.633333 0.666667 0.700000 0.733333 0.766667 0.800000 0.833333 0.866667 0.900000 0.933333 0.966667 1.000000 1.033333
1.066667 1.100000 1.133333 1.166667 1.200000 1.233333 1.266667 1.300000</float_array>
        <technique_common>
          <accessor source="#mixamorig_Hips-Matrix-animation-input-array" count="40">
            <param name="TIME" type="float"/>
          </accessor>
        </technique_common>
      </source>
      <source id="mixamorig_Hips-Matrix-animation-output-transform">
        <float_array id="mixamorig_Hips-Matrix-animation-output-transform-array" count="640">

0.988627 0.041029 -0.144683 0.584593 -0.001537 0.964771 0.263087 91.628105 0.150380 -0.259872 0.953862 -2.256835 0.000000 0.000000 0.000000 1.000000
0.988948 0.036569 -0.143683 0.672565 -0.002610 0.973248 0.229742 92.030136 0.148240 -0.226828 0.962587 -1.710516 0.000000 0.000000 0.000000 1.000000
0.987442 0.036394 -0.153733 0.797133 -0.000572 0.973921 0.226887 92.504059 0.157981 -0.223950 0.961711 -0.968259 0.000000 0.000000 0.000000 1.000000
0.979232 0.045543 -0.197560 0.972902 0.008552 0.964297 0.264686 93.170441 0.202561 -0.260879 0.943881 -0.252731 0.000000 0.000000 0.000000 1.000000
0.965587 0.054310 -0.254346 0.994825 0.028887 0.949508 0.312411 93.945610 0.258470 -0.309007 0.915264 0.248058 0.000000 0.000000 0.000000 1.000000
0.955792 0.056589 -0.288548 0.871194 0.049718 0.936076 0.348267 94.720268 0.289811 -0.347217 0.891880 0.326894 0.000000 0.000000 0.000000 1.000000
0.953304 0.057693 -0.296451 0.680096 0.056856 0.929750 0.363776 95.242401 0.296613 -0.363644 0.883054 0.105450 0.000000 0.000000 0.000000 1.000000
0.954241 0.061550 -0.292637 0.529012 0.058359 0.921444 0.384104 95.182098 0.293290 -0.383606 0.875687 -0.717708 0.000000 0.000000 0.000000 1.000000
0.955765 0.071181 -0.285390 0.446059 0.053679 0.911769 0.407180 94.659042 0.289193 -0.404488 0.867616 -2.144240 0.000000 0.000000 0.000000 1.000000
0.958379 0.078033 -0.274626 0.385623 0.049765 0.901537 0.429831 93.890114 0.281127 -0.425608 0.860131 -3.992769 0.000000 0.000000 0.000000 1.000000
0.960796 0.081338 -0.265058 0.338140 0.046892 0.894558 0.444486 93.349106 0.273263 -0.439489 0.855673 -5.855503 0.000000 0.000000 0.000000 1.000000
0.963407 0.081511 -0.255350 0.266986 0.043935 0.891737 0.450416 93.175827 0.264418 -0.445153 0.855524 -7.621178 0.000000 0.000000 0.000000 1.000000
0.966195 0.080938 -0.244779 0.207398 0.040506 0.889994 0.454169 93.354912 0.254611 -0.448731 0.856629 -9.260677 0.000000 0.000000 0.000000 1.000000
0.969051 0.079564 -0.233688 0.219952 0.036865 0.889381 0.455679 93.709930 0.244093 -0.450191 0.858922 -10.782192 0.000000 0.000000 0.000000 1.000000
0.971884 0.077399 -0.222373 0.330148 0.033206 0.889935 0.454878 94.145584 0.233105 -0.449473 0.862343 -12.252913 0.000000 0.000000 0.000000 1.000000
0.974631 0.074056 -0.211212 0.539059 0.029827 0.892283 0.450489 94.509338 0.221823 -0.445361 0.867438 -13.621977 0.000000 0.000000 0.000000 1.000000
0.977447 0.068792 -0.199664 0.832185 0.027259 0.896450 0.442306 94.904381 0.209416 -0.437773 0.874357 -14.768246 0.000000 0.000000 0.000000 1.000000
0.980107 0.063050 -0.188189 1.165281 0.025326 0.900714 0.433674 95.297577 0.196848 -0.429813 0.881199 -15.713023 0.000000 0.000000 0.000000 1.000000
0.982350 0.054330 -0.178990 1.532617 0.026995 0.905695 0.423069 95.602951 0.185096 -0.420434 0.888243 -16.412460 0.000000 0.000000 0.000000 1.000000
0.984211 0.049356 -0.169981 1.895823 0.025719 0.910268 0.413221 95.846291 0.175123 -0.411068 0.894626 -16.936020 0.000000 0.000000 0.000000 1.000000
0.985917 0.046067 -0.160766 2.206786 0.023044 0.914720 0.403430 96.032959 0.165641 -0.401453 0.900777 -17.269144 0.000000 0.000000 0.000000 1.000000
0.987183 0.044070 -0.153388 2.466270 0.020164 0.918973 0.393805 96.126083 0.158314 -0.391851 0.906305 -17.390755 0.000000 0.000000 0.000000 1.000000
0.988115 0.043064 -0.147564 2.680536 0.017161 0.923053 0.384289 96.152313 0.152758 -0.382254 0.911344 -17.309097 0.000000 0.000000 0.000000 1.000000
0.988509 0.043773 -0.144686 2.820468 0.013847 0.926910 0.375029 96.056305 0.150527 -0.372723 0.915652 -16.841267 0.000000 0.000000 0.000000 1.000000
0.988627 0.045089 -0.143473 2.891325 0.010668 0.930570 0.365958 95.905891 0.150012 -0.363326 0.919505 -16.140409 0.000000 0.000000 0.000000 1.000000
0.988636 0.046150 -0.143068 2.875632 0.008066 0.934054 0.357040 95.747131 0.150111 -0.354136 0.923068 -15.279976 0.000000 0.000000 0.000000 1.000000
0.988539 0.047121 -0.143421 2.812486 0.005848 0.937372 0.348282 95.589920 0.150850 -0.345129 0.926353 -14.316158 0.000000 0.000000 0.000000 1.000000
0.988304 0.047645 -0.144863 2.705581 0.004489 0.940438 0.339935 95.493294 0.152431 -0.336610 0.929225 -13.275402 0.000000 0.000000 0.000000 1.000000
0.988035 0.047266 -0.146807 2.532597 0.003783 0.944168 0.329442 95.527336 0.154182 -0.326056 0.932693 -12.126952 0.000000 0.000000 0.000000 1.000000
0.987758 0.046740 -0.148825 2.351125 0.003160 0.947865 0.318656 95.582840 0.155960 -0.315226 0.936114 -10.963843 0.000000 0.000000 0.000000 1.000000
0.987478 0.046080 -0.150878 2.163764 0.002595 0.951516 0.307589 95.637611 0.157737 -0.304128 0.939481 -9.793321 0.000000 0.000000 0.000000 1.000000
0.987198 0.045301 -0.152929 1.973110 0.002065 0.955108 0.296251 95.669434 0.159484 -0.292775 0.942787 -8.622629 0.000000 0.000000 0.000000 1.000000
0.986945 0.043783 -0.154995 1.748409 0.001875 0.959153 0.282882 95.557999 0.161049 -0.279479 0.946549 -7.433595 0.000000 0.000000 0.000000 1.000000
0.986893 0.042606 -0.155653 1.528720 0.001351 0.962304 0.271972 95.124832 0.161373 -0.268617 0.949633 -6.328309 0.000000 0.000000 0.000000 1.000000
0.986956 0.041580 -0.155530 1.313435 0.000647 0.965039 0.262107 94.604828 0.160990 -0.258788 0.952424 -5.266987 0.000000 0.000000 0.000000 1.000000
0.987388 0.040974 -0.152925 1.115160 -0.000615 0.966915 0.255099 93.972382 0.158318 -0.251788 0.954745 -4.341730 0.000000 0.000000 0.000000 1.000000
0.987912 0.040566 -0.149613 0.936822 -0.001835 0.968145 0.250384 93.315819 0.155004 -0.247083 0.956517 -3.551129 0.000000 0.000000 0.000000 1.000000
0.988172 0.040615 -0.147875 0.821119 -0.001986 0.967598 0.252489 92.793365 0.153338 -0.249209 0.956233 -3.101932 0.000000 0.000000 0.000000 1.000000
0.988382 0.040737 -0.146432 0.717159 -0.001935 0.966709 0.255872 92.296059 0.151981 -0.252615 0.955556 -2.716748 0.000000 0.000000 0.000000 1.000000
0.988589 0.040849 -0.144991 0.613200 -0.001885 0.965808 0.259251 91.798752 0.150624 -0.256020 0.954865 -2.331565 0.000000 0.000000 0.000000 1.000000</float_array>
        <technique_common>
          <accessor source="#mixamorig_Hips-Matrix-animation-output-transform-array" count="40" stride="16">
            <param type="float4x4"/>
          </accessor>
        </technique_common>
      </source>
      <source id="mixamorig_Hips-Interpolations">
        <Name_array id="mixamorig_Hips-Interpolations-array" count="40">
 LINEAR LINEAR LINEAR LINEAR LINEAR LINEAR LINEAR LINEAR LINEAR LINEAR LINEAR
LINEAR LINEAR LINEAR LINEAR LINEAR LINEAR LINEAR LINEAR LINEAR LINEAR LINEAR LINEAR
LINEAR LINEAR LINEAR LINEAR LINEAR LINEAR LINEAR LINEAR LINEAR LINEAR LINEAR LINEAR
LINEAR LINEAR LINEAR LINEAR LINEAR</Name_array>
        <technique_common>
          <accessor source="#mixamorig_Hips-Interpolations-array" count="40">
            <param type="name"/>
          </accessor>
        </technique_common>
      </source>
      <sampler id="mixamorig_Hips-Matrix-animation-transform">
        <input semantic="INPUT" source="#mixamorig_Hips-Matrix-animation-input"/>
        <input semantic="OUTPUT" source="#mixamorig_Hips-Matrix-animation-output-transform"/>
        <input semantic="INTERPOLATION" source="#mixamorig_Hips-Interpolations"/>
      </sampler>
      <channel source="#mixamorig_Hips-Matrix-animation-transform" target="mixamorig_Hips/matrix"/>
    </animation>
    <animation id="mixamorig_Spine-anim" name="mixamorig_Spine">
      <source id="mixamorig_Spine-Matrix-animation-input">
        <float_array id="mixamorig_Spine-Matrix-animation-input-array" count="40">

0.000000 0.033333 0.066667 0.100000 0.133333 0.166667 0.200000 0.233333 0.266667 0.300000 0.333333 0.366667 0.400000 0.433333 0.466667 0.500000
0.533333 0.566667 0.600000 0.633333 0.666667 0.700000 0.733333 0.766667 0.800000 0.833333 0.866667 0.900000 0.933333 0.966667 1.000000 1.033333
1.066667 1.100000 1.133333 1.166667 1.200000 1.233333 1.266667 1.300000</float_array>
        <technique_common>
          <accessor source="#mixamorig_Spine-Matrix-animation-input-array" count="40">
            <param name="TIME" type="float"/>
          </accessor>
        </technique_common>
      </source>
      <source id="mixamorig_Spine-Matrix-animation-output-transform">
        <float_array id="mixamorig_Spine-Matrix-animation-output-transform-array" count="640">

0.999407 -0.026767 0.021650 0.000000 0.028754 0.994836 -0.097342 8.536500 -0.018933 0.097907 0.995015 0.187100 0.000000 0.000000 0.000000 1.000000
0.999311 -0.030508 0.021156 -0.000000 0.032333 0.995226 -0.092083 8.536500 -0.018246 0.092703 0.995527 0.187100 0.000000 0.000000 0.000000 1.000000
0.999035 -0.038675 0.020824 -0.000000 0.040297 0.995642 -0.084099 8.536500 -0.017481 0.084857 0.996240 0.187100 0.000000 0.000000 0.000000 1.000000
0.998593 -0.047910 0.022737 -0.000000 0.049701 0.995043 -0.086136 8.536500 -0.018498 0.087145 0.996024 0.187100 0.000000 0.000000 0.000000 1.000000
0.998023 -0.057233 0.025960 0.000000 0.059370 0.994096 -0.090820 8.536500 -0.020609 0.092182 0.995529 0.187100 0.000000 0.000000 0.000000 1.000000
0.997534 -0.065584 0.025003 0.000000 0.067516 0.993969 -0.086414 8.536500 -0.019185 0.087889 0.995945 0.187100 0.000000 0.000000 0.000000 1.000000
0.996997 -0.074810 0.019996 0.000000 0.076067 0.994499 -0.072013 8.536500 -0.014498 0.073318 0.997203 0.187100 0.000000 0.000000 0.000000 1.000000
0.996507 -0.082235 0.014529 -0.000000 0.083010 0.994440 -0.064803 8.536500 -0.009119 0.065783 0.997792 0.187100 0.000000 0.000000 0.000000 1.000000
0.995994 -0.088792 0.010553 0.000000 0.089305 0.993699 -0.067725 8.536500 -0.004473 0.068396 0.997648 0.187100 0.000000 0.000000 0.000000 1.000000
0.995892 -0.090292 0.006768 -0.000000 0.090545 0.992780 -0.078678 8.536500 0.000385 0.078968 0.996877 0.187100 0.000000 0.000000 0.000000 1.000000
0.996026 -0.088995 0.003505 0.000000 0.088963 0.992248 -0.086768 8.536500 0.004244 0.086735 0.996222 0.187100 0.000000 0.000000 0.000000 1.000000
0.996281 -0.086161 0.001077 -0.000000 0.085902 0.992142 -0.090968 8.536500 0.006769 0.090722 0.995853 0.187100 0.000000 0.000000 0.000000 1.000000
0.996617 -0.082187 0.000225 -0.000000 0.081850 0.992267 -0.093314 8.536500 0.007446 0.093016 0.995637 0.187100 0.000000 0.000000 0.000000 1.000000
0.996961 -0.077902 -0.000174 -0.000000 0.077524 0.992345 -0.096135 8.536500 0.007662 0.095829 0.995368 0.187100 0.000000 0.000000 0.000000 1.000000
0.997303 -0.073390 -0.000527 0.000000 0.072972 0.992340 -0.099679 8.536500 0.007839 0.099371 0.995020 0.187100 0.000000 0.000000 0.000000 1.000000
0.997422 -0.071755 -0.000474 0.000000 0.071310 0.991924 -0.104888 8.536500 0.007997 0.104584 0.994484 0.187100 0.000000 0.000000 0.000000 1.000000
0.997411 -0.071905 -0.000711 0.000000 0.071396 0.991440 -0.109309 8.536500 0.008565 0.108975 0.994008 0.187100 0.000000 0.000000 0.000000 1.000000
0.997290 -0.073570 -0.000376 0.000000 0.073041 0.990707 -0.114737 8.536500 0.008813 0.114399 0.993396 0.187100 0.000000 0.000000 0.000000 1.000000
0.997231 -0.074364 0.000117 -0.000000 0.073840 0.990014 -0.120082 8.536500 0.008814 0.119758 0.992764 0.187100 0.000000 0.000000 0.000000 1.000000
0.997139 -0.075588 0.001058 0.000000 0.075121 0.989215 -0.125740 8.536500 0.008458 0.125460 0.992063 0.187100 0.000000 0.000000 0.000000 1.000000
0.997101 -0.076067 0.001784 0.000000 0.075660 0.988741 -0.129097 8.536500 0.008056 0.128857 0.991630 0.187100 0.000000 0.000000 0.000000 1.000000
0.997170 -0.075150 0.002248 0.000000 0.074782 0.988322 -0.132770 8.536500 0.007756 0.132562 0.991144 0.187100 0.000000 0.000000 0.000000 1.000000
0.997285 -0.073591 0.002679 0.000000 0.073268 0.987948 -0.136345 8.536500 0.007387 0.136171 0.990658 0.187100 0.000000 0.000000 0.000000 1.000000
0.997444 -0.071385 0.003166 0.000000 0.071127 0.987648 -0.139615 8.536500 0.006839 0.139484 0.990201 0.187100 0.000000 0.000000 0.000000 1.000000
0.997660 -0.068274 0.003690 0.000000 0.068103 0.987455 -0.142459 8.536500 0.006083 0.142377 0.989794 0.187100 0.000000 0.000000 0.000000 1.000000
0.997959 -0.063725 0.004166 0.000000 0.063657 0.987444 -0.144573 8.536500 0.005099 0.144543 0.989485 0.187100 0.000000 0.000000 0.000000 1.000000
0.998272 -0.058557 0.004882 0.000000 0.058641 0.987500 -0.146307 8.536500 0.003746 0.146340 0.989227 0.187100 0.000000 0.000000 0.000000 1.000000
0.998556 -0.053290 0.006816 -0.000000 0.053712 0.987583 -0.147634 8.536500 0.001137 0.147787 0.989019 0.187100 0.000000 0.000000 0.000000 1.000000
0.998781 -0.048472 0.009351 -0.000000 0.049322 0.987850 -0.147374 8.536500 -0.002094 0.147655 0.989037 0.187100 0.000000 0.000000 0.000000 1.000000
0.998974 -0.043677 0.011988 0.000000 0.044967 0.988116 -0.146983 8.536500 -0.005426 0.147371 0.989066 0.187100 0.000000 0.000000 0.000000 1.000000
0.999131 -0.039020 0.014635 0.000000 0.040744 0.988395 -0.146338 8.536500 -0.008755 0.146807 0.989126 0.187100 0.000000 0.000000 0.000000 1.000000
0.999253 -0.034617 0.017202 0.000000 0.036753 0.988703 -0.145311 8.536500 -0.011977 0.145835 0.989236 0.187100 0.000000 0.000000 0.000000 1.000000
0.999299 -0.032100 0.019267 0.000000 0.034502 0.989389 -0.141137 8.536500 -0.014532 0.141703 0.989803 0.187100 0.000000 0.000000 0.000000 1.000000
0.999324 -0.030434 0.020630 0.000000 0.032940 0.990351 -0.134609 8.536500 -0.016334 0.135198 0.990684 0.187100 0.000000 0.000000 0.000000 1.000000
0.999341 -0.029077 0.021708 0.000000 0.031611 0.991357 -0.127327 8.536500 -0.017819 0.127929 0.991623 0.187100 0.000000 0.000000 0.000000 1.000000
0.999356 -0.028344 0.022000 -0.000000 0.030760 0.992462 -0.118632 8.536500 -0.018472 0.119232 0.992695 0.187100 0.000000 0.000000 0.000000 1.000000
0.999366 -0.028040 0.021923 0.000000 0.030300 0.993393 -0.110690 8.536500 -0.018675 0.111284 0.993613 0.187100 0.000000 0.000000 0.000000 1.000000
0.999379 -0.027675 0.021832 0.000000 0.029842 0.993900 -0.106167 8.536500 -0.018761 0.106753 0.994109 0.187100 0.000000 0.000000 0.000000 1.000000
0.999391 -0.027298 0.021740 -0.000000 0.029384 0.994321 -0.102285 8.536500 -0.018824 0.102862 0.994518 0.187100 0.000000 0.000000 0.000000 1.000000
0.999403 -0.026921 0.021651 0.000000 0.028927 0.994726 -0.098402 8.536500 -0.018888 0.098969 0.994911 0.187100 0.000000 0.000000 0.000000 1.000000</float_array>
        <technique_common>
          <accessor source="#mixamorig_Spine-Matrix-animation-output-transform-array" count="40" stride="16">
            <param type="float4x4"/>
          </accessor>
        </technique_common>
      </source>
      <source id="mixamorig_Spine-Interpolations">
        <Name_array id="mixamorig_Spine-Interpolations-array" count="40">
 LINEAR LINEAR LINEAR LINEAR LINEAR LINEAR LINEAR LINEAR LINEAR LINEAR LINEAR
LINEAR LINEAR LINEAR LINEAR LINEAR LINEAR LINEAR LINEAR LINEAR LINEAR LINEAR LINEAR
LINEAR LINEAR LINEAR LINEAR LINEAR LINEAR LINEAR LINEAR LINEAR LINEAR LINEAR LINEAR
LINEAR LINEAR LINEAR LINEAR LINEAR</Name_array>
        <technique_common>
          <accessor source="#mixamorig_Spine-Interpolations-array" count="40">
            <param type="name"/>
          </accessor>
        </technique_common>
      </source>
      <sampler id="mixamorig_Spine-Matrix-animation-transform">
        <input semantic="INPUT" source="#mixamorig_Spine-Matrix-animation-input"/>
        <input semantic="OUTPUT" source="#mixamorig_Spine-Matrix-animation-output-transform"/>
        <input semantic="INTERPOLATION" source="#mixamorig_Spine-Interpolations"/>
      </sampler>
      <channel source="#mixamorig_Spine-Matrix-animation-transform" target="mixamorig_Spine/matrix"/>
    </animation>
    <animation id="mixamorig_Spine1-anim" name="mixamorig_Spine1">
      <source id="mixamorig_Spine1-Matrix-animation-input">
        <float_array id="mixamorig_Spine1-Matrix-animation-input-array" count="40">

0.000000 0.033333 0.066667 0.100000 0.133333 0.166667 0.200000 0.233333 0.266667 0.300000 0.333333 0.366667 0.400000 0.433333 0.466667 0.500000
0.533333 0.566667 0.600000 0.633333 0.666667 0.700000 0.733333 0.766667 0.800000 0.833333 0.866667 0.900000 0.933333 0.966667 1.000000 1.033333
1.066667 1.100000 1.133333 1.166667 1.200000 1.233333 1.266667 1.300000</float_array>
        <technique_common>
          <accessor source="#mixamorig_Spine1-Matrix-animation-input-array" count="40">
            <param name="TIME" type="float"/>
          </accessor>
        </technique_common>
      </source>
      <source id="mixamorig_Spine1-Matrix-animation-output-transform">
        <float_array id="mixamorig_Spine1-Matrix-animation-output-transform-array" count="640">

0.999377 -0.012449 0.033037 0.000000 0.011139 0.999156 0.039535 9.685800 -0.033501 -0.039143 0.998672 0.000000 0.000000 0.000000 0.000000 1.000000
0.999328 -0.015749 0.033098 0.000000 0.013952 0.998452 0.053837 9.685800 -0.033895 -0.053340 0.998001 -0.000000 0.000000 0.000000 0.000000 1.000000
0.999173 -0.022478 0.033894 0.000000 0.019787 0.996777 0.077740 9.685800 -0.035532 -0.077005 0.996397 0.000000 0.000000 0.000000 0.000000 1.000000
0.998869 -0.028483 0.038079 0.000000 0.025294 0.996331 0.081763 9.685800 -0.040268 -0.080708 0.995924 0.000000 0.000000 0.000000 0.000000 1.000000
0.998515 -0.032665 0.043608 0.000000 0.029247 0.996615 0.076837 9.685800 -0.045971 -0.075448 0.996090 -0.000000 0.000000 0.000000 0.000000 1.000000
0.998521 -0.036229 0.040544 0.000000 0.033156 0.996704 0.074043 9.685800 -0.043092 -0.072590 0.996431 0.000000 0.000000 0.000000 0.000000 1.000000
0.998666 -0.043413 0.027965 -0.000000 0.041199 0.996304 0.075378 9.685800 -0.031134 -0.074126 0.996763 -0.000000 0.000000 0.000000 0.000000 1.000000
0.998553 -0.051288 0.016143 0.000000 0.049862 0.995634 0.078914 9.685800 -0.020120 -0.077995 0.996751 -0.000000 0.000000 0.000000 0.000000 1.000000
0.998157 -0.059751 0.010569 0.000000 0.058795 0.995452 0.074950 9.685800 -0.014999 -0.074191 0.997131 -0.000000 0.000000 0.000000 0.000000 1.000000
0.998005 -0.063036 0.003418 0.000000 0.062726 0.996293 0.058872 9.685800 -0.007117 -0.058541 0.998260 -0.000000 0.000000 0.000000 0.000000 1.000000
0.997906 -0.064647 -0.002256 0.000000 0.064683 0.996922 0.044302 9.685800 -0.000615 -0.044355 0.999016 -0.000000 0.000000 0.000000 0.000000 1.000000
0.997845 -0.065346 -0.005891 0.000000 0.065511 0.997254 0.034544 9.685800 0.003618 -0.034856 0.999386 0.000000 0.000000 0.000000 0.000000 1.000000
0.997909 -0.064341 -0.006126 0.000000 0.064489 0.997524 0.028045 9.685800 0.004307 -0.028381 0.999588 0.000000 0.000000 0.000000 0.000000 1.000000
0.998002 -0.062888 -0.006026 0.000000 0.063002 0.997787 0.021239 9.685800 0.004677 -0.021577 0.999756 0.000000 0.000000 0.000000 0.000000 1.000000
0.998076 -0.061694 -0.006116 0.000000 0.061778 0.997983 0.014582 9.685800 0.005204 -0.014932 0.999875 -0.000000 0.000000 0.000000 0.000000 1.000000
0.998135 -0.060716 -0.006290 0.000000 0.060757 0.998132 0.006434 9.685800 0.005888 -0.006804 0.999960 -0.000000 0.000000 0.000000 0.000000 1.000000
0.998028 -0.062368 -0.007133 -0.000000 0.062367 0.998053 -0.000374 9.685800 0.007142 -0.000071 0.999974 0.000000 0.000000 0.000000 0.000000 1.000000
0.997830 -0.065486 -0.006802 0.000000 0.065442 0.997835 -0.006528 9.685800 0.007215 0.006069 0.999956 0.000000 0.000000 0.000000 0.000000 1.000000
0.997748 -0.066777 -0.006232 0.000000 0.066693 0.997691 -0.012837 9.685800 0.007074 0.012392 0.999898 -0.000000 0.000000 0.000000 0.000000 1.000000
0.997728 -0.067157 -0.005276 -0.000000 0.067039 0.997547 -0.020120 9.685800 0.006615 0.019720 0.999784 -0.000000 0.000000 0.000000 0.000000 1.000000
0.997774 -0.066528 -0.004631 0.000000 0.066392 0.997478 -0.025088 9.685800 0.006289 0.024725 0.999675 -0.000000 0.000000 0.000000 0.000000 1.000000
0.997905 -0.064563 -0.004071 0.000000 0.064417 0.997495 -0.029225 9.685800 0.005948 0.028902 0.999565 0.000000 0.000000 0.000000 0.000000 1.000000
0.998061 -0.062146 -0.003395 0.000000 0.061999 0.997520 -0.033302 9.685800 0.005456 0.033027 0.999440 0.000000 0.000000 0.000000 0.000000 1.000000
0.998223 -0.059536 -0.002420 0.000000 0.059402 0.997510 -0.038005 9.685800 0.004677 0.037793 0.999275 -0.000000 0.000000 0.000000 0.000000 1.000000
0.998418 -0.056219 -0.001172 0.000000 0.056120 0.997532 -0.042192 9.685800 0.003541 0.042060 0.999109 0.000000 0.000000 0.000000 0.000000 1.000000
0.998675 -0.051458 0.000373 -0.000000 0.051423 0.997674 -0.044753 9.685800 0.001931 0.044713 0.998998 -0.000000 0.000000 0.000000 0.000000 1.000000
0.998930 -0.046189 0.002288 -0.000000 0.046245 0.997856 -0.046310 9.685800 -0.000144 0.046366 0.998924 -0.000000 0.000000 0.000000 0.000000 1.000000
0.999136 -0.041221 0.005348 0.000000 0.041423 0.998087 -0.045885 9.685800 -0.003446 0.046067 0.998932 0.000000 0.000000 0.000000 0.000000 1.000000
0.999318 -0.035583 0.009904 -0.000000 0.035973 0.998453 -0.042403 9.685800 -0.008380 0.042730 0.999052 0.000000 0.000000 0.000000 0.000000 1.000000
0.999445 -0.029875 0.014713 0.000000 0.030424 0.998790 -0.038626 9.685800 -0.013542 0.039052 0.999145 -0.000000 0.000000 0.000000 0.000000 1.000000
0.999514 -0.024192 0.019652 0.000000 0.024860 0.999096 -0.034497 9.685800 -0.018800 0.034969 0.999212 0.000000 0.000000 0.000000 0.000000 1.000000
0.999524 -0.018625 0.024598 -0.000000 0.019360 0.999364 -0.029955 9.685800 -0.024025 0.030417 0.999249 0.000000 0.000000 0.000000 0.000000 1.000000
0.999470 -0.013581 0.029572 -0.000000 0.014223 0.999665 -0.021624 9.685800 -0.029268 0.022033 0.999329 -0.000000 0.000000 0.000000 0.000000 1.000000
0.999404 -0.011620 0.032516 0.000000 0.011994 0.999864 -0.011332 9.685800 -0.032380 0.011715 0.999407 -0.000000 0.000000 0.000000 0.000000 1.000000
0.999341 -0.010555 0.034727 -0.000000 0.010578 0.999944 -0.000486 9.685800 -0.034720 0.000853 0.999397 0.000000 0.000000 0.000000 0.000000 1.000000
0.999322 -0.010711 0.035211 0.000000 0.010323 0.999884 0.011169 9.685800 -0.035327 -0.010798 0.999317 -0.000000 0.000000 0.000000 0.000000 1.000000
0.999340 -0.011661 0.034403 0.000000 0.010921 0.999706 0.021635 9.685800 -0.034645 -0.021245 0.999174 0.000000 0.000000 0.000000 0.000000 1.000000
0.999351 -0.011965 0.033982 0.000000 0.011025 0.999555 0.027718 9.685800 -0.034298 -0.027325 0.999038 0.000000 0.000000 0.000000 0.000000 1.000000
0.999360 -0.012145 0.033634 0.000000 0.011036 0.999395 0.032979 9.685800 -0.034014 -0.032587 0.998890 -0.000000 0.000000 0.000000 0.000000 1.000000
0.999370 -0.012323 0.033285 0.000000 0.011047 0.999208 0.038239 9.685800 -0.033730 -0.037847 0.998714 0.000000 0.000000 0.000000 0.000000 1.000000</float_array>
        <technique_common>
          <accessor source="#mixamorig_Spine1-Matrix-animation-output-transform-array" count="40" stride="16">
            <param type="float4x4"/>
          </accessor>
        </technique_common>
      </source>
      <source id="mixamorig_Spine1-Interpolations">
        <Name_array id="mixamorig_Spine1-Interpolations-array" count="40">
 LINEAR LINEAR LINEAR LINEAR LINEAR LINEAR LINEAR LINEAR LINEAR LINEAR LINEAR
LINEAR LINEAR LINEAR LINEAR LINEAR LINEAR LINEAR LINEAR LINEAR LINEAR LINEAR LINEAR
LINEAR LINEAR LINEAR LINEAR LINEAR LINEAR LINEAR LINEAR LINEAR LINEAR LINEAR LINEAR
LINEAR LINEAR LINEAR LINEAR LINEAR</Name_array>
        <technique_common>
          <accessor source="#mixamorig_Spine1-Interpolations-array" count="40">
            <param type="name"/>
          </accessor>
        </technique_common>
      </source>
      <sampler id="mixamorig_Spine1-Matrix-animation-transform">
        <input semantic="INPUT" source="#mixamorig_Spine1-Matrix-animation-input"/>
        <input semantic="OUTPUT" source="#mixamorig_Spine1-Matrix-animation-output-transform"/>
        <input semantic="INTERPOLATION" source="#mixamorig_Spine1-Interpolations"/>
      </sampler>
      <channel source="#mixamorig_Spine1-Matrix-animation-transform" target="mixamorig_Spine1/matrix"/>
    </animation>
    <animation id="mixamorig_Spine2-anim" name="mixamorig_Spine2">
      <source id="mixamorig_Spine2-Matrix-animation-input">
        <float_array id="mixamorig_Spine2-Matrix-animation-input-array" count="40">

0.000000 0.033333 0.066667 0.100000 0.133333 0.166667 0.200000 0.233333 0.266667 0.300000 0.333333 0.366667 0.400000 0.433333 0.466667 0.500000
0.533333 0.566667 0.600000 0.633333 0.666667 0.700000 0.733333 0.766667 0.800000 0.833333 0.866667 0.900000 0.933333 0.966667 1.000000 1.033333
1.066667 1.100000 1.133333 1.166667 1.200000 1.233333 1.266667 1.300000</float_array>
        <technique_common>
          <accessor source="#mixamorig_Spine2-Matrix-animation-input-array" count="40">
            <param name="TIME" type="float"/>
          </accessor>
        </technique_common>
      </source>
      <source id="mixamorig_Spine2-Matrix-animation-output-transform">
        <float_array id="mixamorig_Spine2-Matrix-animation-output-transform-array" count="640">

0.999361 -0.013081 0.033259 0.000000 0.011278 0.998486 0.053846 15.875400 -0.033913 -0.053437 0.997995 0.000000 0.000000 0.000000 0.000000 1.000000
0.999580 -0.017057 0.023420 0.000000 0.015455 0.997635 0.066968 15.875400 -0.024507 -0.066578 0.997480 0.000000 0.000000 0.000000 0.000000 1.000000
0.999640 -0.025751 0.007578 -0.000000 0.024950 0.995491 0.091518 15.875400 -0.009901 -0.091296 0.995775 -0.000000 0.000000 0.000000 0.000000 1.000000
0.999336 -0.035665 0.007522 0.000000 0.034654 0.993633 0.107207 15.875400 -0.011297 -0.106875 0.994208 0.000000 0.000000 0.000000 0.000000 1.000000
0.998919 -0.044323 0.014016 0.000000 0.042480 0.992802 0.111982 15.875400 -0.018879 -0.111266 0.993611 -0.000000 0.000000 0.000000 0.000000 1.000000
0.998714 -0.049526 0.010830 0.000000 0.047949 0.992160 0.115413 15.875400 -0.016461 -0.114745 0.993259 0.000000 0.000000 0.000000 0.000000 1.000000
0.998550 -0.053818 -0.001432 0.000000 0.053565 0.990493 0.126709 15.875400 -0.005401 -0.126602 0.991939 0.000000 0.000000 0.000000 0.000000 1.000000
0.998043 -0.061170 -0.012965 0.000000 0.062344 0.989384 0.131272 15.875400 0.004797 -0.131823 0.991262 0.000000 0.000000 0.000000 0.000000 1.000000
0.997209 -0.072366 -0.018368 0.000000 0.074139 0.988839 0.129228 15.875400 0.008811 -0.130229 0.991445 0.000000 0.000000 0.000000 0.000000 1.000000
0.996700 -0.076847 -0.026165 0.000000 0.079453 0.989562 0.120228 15.875400 0.016653 -0.121910 0.992401 0.000000 0.000000 0.000000 0.000000 1.000000
0.996176 -0.081136 -0.032397 0.000000 0.084289 0.990108 0.112164 15.875400 0.022976 -0.114466 0.993161 0.000000 0.000000 0.000000 0.000000 1.000000
0.996019 -0.081193 -0.036795 0.000000 0.084700 0.990675 0.106722 15.875400 0.027786 -0.109414 0.993608 -0.000000 0.000000 0.000000 0.000000 1.000000
0.996062 -0.080307 -0.037564 0.000000 0.083771 0.991233 0.102172 15.875400 0.029029 -0.104916 0.994057 0.000000 0.000000 0.000000 0.000000 1.000000
0.996152 -0.078925 -0.038113 0.000000 0.082303 0.991856 0.097197 15.875400 0.030131 -0.099960 0.994535 0.000000 0.000000 0.000000 0.000000 1.000000
0.996165 -0.078821 -0.037991 0.000000 0.082050 0.992312 0.092649 15.875400 0.030396 -0.095411 0.994974 0.000000 0.000000 0.000000 0.000000 1.000000
0.996110 -0.079549 -0.037905 0.000000 0.082597 0.992771 0.087082 15.875400 0.030704 -0.089874 0.995480 0.000000 0.000000 0.000000 0.000000 1.000000
0.995924 -0.080835 -0.040005 0.000000 0.083912 0.993063 0.082366 15.875400 0.033070 -0.085387 0.995799 -0.000000 0.000000 0.000000 0.000000 1.000000
0.995552 -0.085328 -0.039951 -0.000000 0.088252 0.993017 0.078291 15.875400 0.032991 -0.081468 0.996130 -0.000000 0.000000 0.000000 0.000000 1.000000
0.995512 -0.086076 -0.039333 0.000000 0.088806 0.993302 0.073921 15.875400 0.032707 -0.077082 0.996488 0.000000 0.000000 0.000000 0.000000 1.000000
0.995467 -0.086933 -0.038587 0.000000 0.089448 0.993592 0.069101 15.875400 0.032332 -0.072239 0.996863 0.000000 0.000000 0.000000 0.000000 1.000000
0.995441 -0.087358 -0.038292 -0.000000 0.089730 0.993820 0.065354 15.875400 0.032346 -0.068492 0.997127 0.000000 0.000000 0.000000 0.000000 1.000000
0.995549 -0.086319 -0.037840 0.000000 0.088560 0.994128 0.062181 15.875400 0.032250 -0.065256 0.997347 0.000000 0.000000 0.000000 0.000000 1.000000
0.995723 -0.084530 -0.037291 0.000000 0.086636 0.994490 0.059027 15.875400 0.032096 -0.062006 0.997560 0.000000 0.000000 0.000000 0.000000 1.000000
0.995958 -0.081988 -0.036676 0.000000 0.083943 0.994930 0.055389 15.875400 0.031949 -0.058244 0.997791 0.000000 0.000000 0.000000 0.000000 1.000000
0.996299 -0.078153 -0.035796 0.000000 0.079956 0.995437 0.052073 15.875400 0.031563 -0.054743 0.998002 0.000000 0.000000 0.000000 0.000000 1.000000
0.996813 -0.071949 -0.034454 0.000000 0.073618 0.996038 0.049880 15.875400 0.030729 -0.052258 0.998161 0.000000 0.000000 0.000000 0.000000 1.000000
0.997352 -0.064979 -0.032646 -0.000000 0.066512 0.996616 0.048300 15.875400 0.029397 -0.050343 0.998299 -0.000000 0.000000 0.000000 0.000000 1.000000
0.997828 -0.058914 -0.029455 0.000000 0.060277 0.997039 0.047749 15.875400 0.026555 -0.049421 0.998425 0.000000 0.000000 0.000000 0.000000 1.000000
0.998236 -0.053473 -0.025806 0.000000 0.054672 0.997338 0.048241 15.875400 0.023158 -0.049566 0.998502 0.000000 0.000000 0.000000 0.000000 1.000000
0.998597 -0.048109 -0.022121 0.000000 0.049143 0.997596 0.048853 15.875400 0.019717 -0.049871 0.998561 -0.000000 0.000000 0.000000 0.000000 1.000000
0.998915 -0.042815 -0.018311 -0.000000 0.043675 0.997821 0.049463 15.875400 0.016154 -0.050209 0.998608 0.000000 0.000000 0.000000 0.000000 1.000000
0.999191 -0.037586 -0.014293 0.000000 0.038257 0.998019 0.049947 15.875400 0.012388 -0.050454 0.998650 -0.000000 0.000000 0.000000 0.000000 1.000000
0.999420 -0.032909 -0.008748 0.000000 0.033306 0.998197 0.049944 15.875400 0.007089 -0.050206 0.998714 -0.000000 0.000000 0.000000 0.000000 1.000000
0.999581 -0.028879 -0.001746 0.000000 0.028931 0.998274 0.051106 15.875400 0.000268 -0.051135 0.998692 -0.000000 0.000000 0.000000 0.000000 1.000000
0.999669 -0.025127 0.005461 0.000000 0.024805 0.998300 0.052738 15.875400 -0.006777 -0.052585 0.998593 0.000000 0.000000 0.000000 0.000000 1.000000
0.999682 -0.022071 0.012209 0.000000 0.021358 0.998216 0.055749 15.875400 -0.013418 -0.055471 0.998370 0.000000 0.000000 0.000000 0.000000 1.000000
0.999643 -0.019771 0.017950 -0.000000 0.018703 0.998153 0.057802 15.875400 -0.019060 -0.057446 0.998167 0.000000 0.000000 0.000000 0.000000 1.000000
0.999586 -0.017755 0.022632 0.000000 0.016434 0.998225 0.057244 15.875400 -0.023608 -0.056848 0.998104 0.000000 0.000000 0.000000 0.000000 1.000000
0.999508 -0.015780 0.027111 0.000000 0.014238 0.998319 0.056181 15.875400 -0.027952 -0.055768 0.998052 -0.000000 0.000000 0.000000 0.000000 1.000000
0.999406 -0.013796 0.031584 -0.000000 0.012041 0.998408 0.055100 15.875400 -0.032294 -0.054686 0.997981 0.000000 0.000000 0.000000 0.000000 1.000000</float_array>
        <technique_common>
          <accessor source="#mixamorig_Spine2-Matrix-animation-output-transform-array" count="40" stride="16">
            <param type="float4x4"/>
          </accessor>
        </technique_common>
      </source>
      <source id="mixamorig_Spine2-Interpolations">
        <Name_array id="mixamorig_Spine2-Interpolations-array" count="40">
 LINEAR LINEAR LINEAR LINEAR LINEAR LINEAR LINEAR LINEAR LINEAR LINEAR LINEAR
LINEAR LINEAR LINEAR LINEAR LINEAR LINEAR LINEAR LINEAR LINEAR LINEAR LINEAR LINEAR
LINEAR LINEAR LINEAR LINEAR LINEAR LINEAR LINEAR LINEAR LINEAR LINEAR LINEAR LINEAR
LINEAR LINEAR LINEAR LINEAR LINEAR</Name_array>
        <technique_common>
          <accessor source="#mixamorig_Spine2-Interpolations-array" count="40">
            <param type="name"/>
          </accessor>
        </technique_common>
      </source>
      <sampler id="mixamorig_Spine2-Matrix-animation-transform">
        <input semantic="INPUT" source="#mixamorig_Spine2-Matrix-animation-input"/>
        <input semantic="OUTPUT" source="#mixamorig_Spine2-Matrix-animation-output-transform"/>
        <input semantic="INTERPOLATION" source="#mixamorig_Spine2-Interpolations"/>
      </sampler>
      <channel source="#mixamorig_Spine2-Matrix-animation-transform" target="mixamorig_Spine2/matrix"/>
    </animation>
    <animation id="mixamorig_Neck-anim" name="mixamorig_Neck">
      <source id="mixamorig_Neck-Matrix-animation-input">
        <float_array id="mixamorig_Neck-Matrix-animation-input-array" count="40">

0.000000 0.033333 0.066667 0.100000 0.133333 0.166667 0.200000 0.233333 0.266667 0.300000 0.333333 0.366667 0.400000 0.433333 0.466667 0.500000
0.533333 0.566667 0.600000 0.633333 0.666667 0.700000 0.733333 0.766667 0.800000 0.833333 0.866667 0.900000 0.933333 0.966667 1.000000 1.033333
1.066667 1.100000 1.133333 1.166667 1.200000 1.233333 1.266667 1.300000</float_array>
        <technique_common>
          <accessor source="#mixamorig_Neck-Matrix-animation-input-array" count="40">
            <param name="TIME" type="float"/>
          </accessor>
        </technique_common>
      </source>
      <source id="mixamorig_Neck-Matrix-animation-output-transform">
        <float_array id="mixamorig_Neck-Matrix-animation-output-transform-array" count="640">

0.993455 -0.057280 0.098821 0.000000 0.034886 0.975989 0.215010 26.173401 -0.108764 -0.210155 0.971599 -0.161200 0.000000 0.000000 0.000000 1.000000
0.993420 -0.056038 0.099886 0.000000 0.040344 0.987444 0.152732 26.173401 -0.107191 -0.147697 0.983207 -0.161200 0.000000 0.000000 0.000000 1.000000
0.993627 -0.052589 0.099697 -0.000000 0.047930 0.997669 0.048568 26.173401 -0.102018 -0.043480 0.993832 -0.161200 0.000000 0.000000 0.000000 1.000000
0.994127 -0.047090 0.097440 0.000000 0.050592 0.998148 -0.033789 26.173401 -0.095669 0.038520 0.994668 -0.161200 0.000000 0.000000 0.000000 1.000000
0.994254 -0.037003 0.100451 -0.000000 0.047283 0.993664 -0.101966 26.173401 -0.096042 0.106129 0.989703 -0.161200 0.000000 0.000000 0.000000 1.000000
0.993070 -0.016555 0.116351 0.000000 0.032615 0.989963 -0.137512 26.173401 -0.112907 0.140354 0.983643 -0.161200 0.000000 0.000000 0.000000 1.000000
0.991376 0.008632 0.130765 -0.000000 0.010579 0.989300 -0.145511 26.173401 -0.130622 0.145639 0.980677 -0.161200 0.000000 0.000000 0.000000 1.000000
0.989478 0.033713 0.140702 0.000000 -0.015414 0.991502 -0.129173 26.173401 -0.143861 0.125645 0.981589 -0.161200 0.000000 0.000000 0.000000 1.000000
0.986991 0.036016 0.156689 0.000000 -0.025193 0.997192 -0.070519 26.173401 -0.158788 0.065654 0.985127 -0.161200 0.000000 0.000000 0.000000 1.000000
0.983799 0.005662 0.179187 0.000000 -0.009613 0.999729 0.021186 26.173401 -0.179018 -0.022566 0.983587 -0.161200 0.000000 0.000000 0.000000 1.000000
0.980380 -0.032882 0.194357 -0.000000 0.012282 0.994263 0.106257 26.173401 -0.196736 -0.101785 0.975159 -0.161200 0.000000 0.000000 0.000000 1.000000
0.977301 -0.071632 0.199380 0.000000 0.042427 0.988215 0.147076 26.173401 -0.207566 -0.135279 0.968822 -0.161200 0.000000 0.000000 0.000000 1.000000
0.975340 -0.103320 0.195032 -0.000000 0.076632 0.987216 0.139754 26.173401 -0.206978 -0.121362 0.970789 -0.161200 0.000000 0.000000 0.000000 1.000000
0.974703 -0.124722 0.185467 -0.000000 0.108953 0.989691 0.092954 26.173401 -0.195148 -0.070395 0.978244 -0.161200 0.000000 0.000000 0.000000 1.000000
0.974600 -0.143147 0.172229 -0.000000 0.134578 0.989054 0.060504 26.173401 -0.179005 -0.035789 0.983197 -0.161200 0.000000 0.000000 0.000000 1.000000
0.973362 -0.174636 0.148554 0.000000 0.165323 0.983536 0.072976 26.173401 -0.158852 -0.046473 0.986208 -0.161200 0.000000 0.000000 0.000000 1.000000
0.973754 -0.187071 0.129644 0.000000 0.175581 0.979859 0.095115 26.173401 -0.144826 -0.069856 0.986988 -0.161200 0.000000 0.000000 0.000000 1.000000
0.978853 -0.163848 0.122476 0.000000 0.150425 0.982274 0.111851 26.173401 -0.138631 -0.091062 0.986149 -0.161200 0.000000 0.000000 0.000000 1.000000
0.983788 -0.134755 0.118330 -0.000000 0.120162 0.985125 0.122843 26.173401 -0.133123 -0.106633 0.985346 -0.161200 0.000000 0.000000 0.000000 1.000000
0.987554 -0.107654 0.114664 -0.000000 0.092061 0.986757 0.133549 26.173401 -0.127522 -0.121331 0.984387 -0.161200 0.000000 0.000000 0.000000 1.000000
0.990080 -0.089728 0.108120 0.000000 0.074577 0.987783 0.136830 26.173401 -0.119077 -0.127410 0.984676 -0.161200 0.000000 0.000000 0.000000 1.000000
0.991632 -0.079138 0.101999 -0.000000 0.064236 0.987794 0.141903 26.173401 -0.111984 -0.134163 0.984611 -0.161200 0.000000 0.000000 0.000000 1.000000
0.992841 -0.071590 0.095610 -0.000000 0.056952 0.987361 0.147899 26.173401 -0.104990 -0.141395 0.984370 -0.161200 0.000000 0.000000 0.000000 1.000000
0.993857 -0.067883 0.087403 -0.000000 0.053725 0.986419 0.155216 26.173401 -0.096752 -0.149567 0.984006 -0.161200 0.000000 0.000000 0.000000 1.000000
0.994585 -0.066044 0.080238 0.000000 0.052267 0.985231 0.163061 26.173401 -0.089822 -0.157984 0.983348 -0.161200 0.000000 0.000000 0.000000 1.000000
0.994923 -0.064417 0.077321 -0.000000 0.050431 0.984003 0.170863 26.173401 -0.087091 -0.166096 0.982256 -0.161200 0.000000 0.000000 0.000000 1.000000
0.995082 -0.063238 0.076239 0.000000 0.048773 0.982722 0.178543 26.173401 -0.086213 -0.173947 0.980974 -0.161200 0.000000 0.000000 0.000000 1.000000
0.995103 -0.062330 0.076713 0.000000 0.047189 0.981534 0.185374 26.173401 -0.086851 -0.180846 0.979669 -0.161200 0.000000 0.000000 0.000000 1.000000
0.995132 -0.061486 0.077021 -0.000000 0.045892 0.980717 0.189970 26.173401 -0.087217 -0.185511 0.978764 -0.161200 0.000000 0.000000 0.000000 1.000000
0.995164 -0.060645 0.077270 0.000000 0.044633 0.979935 0.194258 26.173401 -0.087501 -0.189870 0.977902 -0.161200 0.000000 0.000000 0.000000 1.000000
0.995185 -0.059833 0.077633 0.000000 0.043394 0.979162 0.198391 26.173401 -0.087885 -0.194067 0.977044 -0.161200 0.000000 0.000000 0.000000 1.000000
0.995179 -0.059079 0.078282 0.000000 0.042151 0.978370 0.202520 26.173401 -0.088553 -0.198244 0.976144 -0.161200 0.000000 0.000000 0.000000 1.000000
0.994990 -0.058734 0.080897 -0.000000 0.040937 0.977633 0.206297 26.173401 -0.091204 -0.201952 0.975140 -0.161200 0.000000 0.000000 0.000000 1.000000
0.994808 -0.058296 0.083422 0.000000 0.039730 0.977102 0.209029 26.173401 -0.093698 -0.204629 0.974345 -0.161200 0.000000 0.000000 0.000000 1.000000
0.994617 -0.057866 0.085962 -0.000000 0.038551 0.976642 0.211384 26.173401 -0.096186 -0.206932 0.973616 -0.161200 0.000000 0.000000 0.000000 1.000000
0.994399 -0.057529 0.088657 0.000000 0.037501 0.976348 0.212928 26.173401 -0.098810 -0.208410 0.973037 -0.161200 0.000000 0.000000 0.000000 1.000000
0.994147 -0.057345 0.091560 0.000000 0.036603 0.976159 0.213948 26.173401 -0.101646 -0.209345 0.972545 -0.161200 0.000000 0.000000 0.000000 1.000000
