<?xml version="1.0" encoding="utf-8"?>
<COLLADA xmlns="http://www.collada.org/2005/11/COLLADASchema" version="1.4.1">
  <asset>
    <contributor>
      <author>Mixamo</author>
      <authoring_tool>COLLADA Mixamo exporter</authoring_tool>
      <comments/>
    </contributor>
    <created>2025-11-14T05:17:19Z</created>
    <modified>2025-11-14T05:17:19Z</modified>
    <revision/>
    <title/>
    <unit meter="0.010000"/>
    <up_axis>Y_UP</up_axis>
  </asset>
  <library_animations>
    <animation id="mixamorig_Hips-anim" name="mixamorig_Hips">
      <source id="mixamorig_Hips-Matrix-animation-input">
        <float_array id="mixamorig_Hips-Matrix-animation-input-array" count="95">

0.000000 0.033333 0.066667 0.100000 0.133333 0.166667 0.200000 0.233333 0.266667 0.300000 0.333333 0.366667 0.400000 0.433333 0.466667 0.500000
0.533333 0.566667 0.600000 0.633333 0.666667 0.700000 0.733333 0.766667 0.800000 0.833333 0.866667 0.900000 0.933333 0.966667 1.000000 1.033333
1.066667 1.100000 1.133333 1.166667 1.200000 1.233333 1.266667 1.300000 1.333333 1.366667 1.400000 1.433333 1.466667 1.500000 1.533333 1.566667
1.600000 1.633333 1.666667 1.700000 1.733333 1.766667 1.800000 1.833333 1.866667 1.900000 1.933333 1.966667 2.000000 2.033333 2.066667 2.100000
2.133333 2.166667 2.200000 2.233333 2.266667 2.300000 2.333333 2.366667 2.400000 2.433333 2.466667 2.500000 2.533333 2.566667 2.600000 2.633333
2.666667 2.700000 2.733333 2.766667 2.800000 2.833333 2.866667 2.900000 2.933333 2.966667 3.000000 3.033333 3.066667 3.100000 3.133333</float_array>
        <technique_common>
          <accessor source="#mixamorig_Hips-Matrix-animation-input-array" count="95">
            <param name="TIME" type="float"/>
          </accessor>
        </technique_common>
      </source>
      <source id="mixamorig_Hips-Matrix-animation-output-transform">
        <float_array id="mixamorig_Hips-Matrix-animation-output-transform-array" count="1520">

0.522569 -0.060166 -0.850471 0.204936 0.069742 0.997181 -0.027692 100.640846 0.849740 -0.044842 0.525292 -0.652182 0.000000 0.000000 0.000000 1.000000
0.524652 -0.048922 -0.849910 0.096262 0.066725 0.997639 -0.016236 100.410149 0.848698 -0.048192 0.526677 -0.354577 0.000000 0.000000 0.000000 1.000000
0.530066 -0.033078 -0.847311 -0.350000 0.062087 0.998071 -0.000123 99.953125 0.845680 -0.052542 0.531097 0.368926 0.000000 0.000000 0.000000 1.000000
0.538427 -0.015775 -0.842524 -1.015774 0.055581 0.998312 0.016828 99.673187 0.840837 -0.055889 0.538396 1.191438 0.000000 0.000000 0.000000 1.000000
0.551384 0.000774 -0.834251 -1.929883 0.045612 0.998476 0.031073 100.064392 0.833004 -0.055185 0.550508 1.839418 0.000000 0.000000 0.000000 1.000000
0.572757 0.019198 -0.819501 -3.122029 0.034008 0.998308 0.047156 101.043915 0.819020 -0.054879 0.571135 2.442495 0.000000 0.000000 0.000000 1.000000
0.597982 0.035447 -0.800725 -4.440202 0.022819 0.997864 0.061215 102.347603 0.801184 -0.054878 0.595896 3.036097 0.000000 0.000000 0.000000 1.000000
0.622413 0.048907 -0.781160 -5.837488 0.011185 0.997388 0.071356 103.843323 0.782609 -0.053150 0.620240 3.574247 0.000000 0.000000 0.000000 1.000000
0.643166 0.061034 -0.763290 -7.236742 -0.002484 0.996979 0.077628 105.432938 0.765722 -0.048032 0.641375 4.100156 0.000000 0.000000 0.000000 1.000000
0.666575 0.070184 -0.742127 -8.587173 -0.014093 0.996567 0.081588 106.780968 0.745305 -0.043925 0.665275 4.589067 0.000000 0.000000 0.000000 1.000000
0.696567 0.074503 -0.713613 -9.795614 -0.021735 0.996329 0.082804 107.907379 0.717163 -0.042168 0.695629 5.095378 0.000000 0.000000 0.000000 1.000000
0.731198 0.075740 -0.677948 -10.756660 -0.026611 0.996228 0.082597 108.675934 0.681646 -0.042354 0.730455 5.500348 0.000000 0.000000 0.000000 1.000000
0.766479 0.075669 -0.637796 -11.434473 -0.026876 0.995944 0.085862 108.918671 0.641707 -0.048671 0.765404 5.766155 0.000000 0.000000 0.000000 1.000000
0.800808 0.059903 -0.595918 -11.923137 -0.014680 0.996650 0.080459 108.581451 0.598741 -0.055684 0.799005 5.883893 0.000000 0.000000 0.000000 1.000000
0.834769 0.050387 -0.548289 -12.103099 -0.001021 0.995944 0.089972 107.558640 0.550599 -0.074546 0.831435 5.786913 0.000000 0.000000 0.000000 1.000000
0.866694 0.046741 -0.496645 -12.219585 0.001587 0.995337 0.096446 105.925545 0.498838 -0.084377 0.862578 5.614407 0.000000 0.000000 0.000000 1.000000
0.898509 0.046474 -0.436489 -12.420783 0.001236 0.994108 0.108389 103.801048 0.438954 -0.097928 0.893157 5.270843 0.000000 0.000000 0.000000 1.000000
0.929295 0.040992 -0.367057 -12.722048 0.002676 0.993048 0.117678 101.494080 0.369329 -0.110339 0.922725 4.805885 0.000000 0.000000 0.000000 1.000000
0.954221 0.033001 -0.297277 -12.944643 0.005316 0.991866 0.127172 99.197182 0.299056 -0.122931 0.946284 4.334959 0.000000 0.000000 0.000000 1.000000
0.967930 0.027577 -0.249703 -13.019184 0.008542 0.989769 0.142420 96.905869 0.251076 -0.139985 0.957792 3.826856 0.000000 0.000000 0.000000 1.000000
0.971671 0.024446 -0.235069 -13.036509 0.015612 0.985824 0.167052 94.632431 0.235821 -0.165990 0.957516 3.189395 0.000000 0.000000 0.000000 1.000000
0.969997 0.021115 -0.242198 -12.986316 0.023334 0.983537 0.179195 92.675423 0.241994 -0.179470 0.953535 2.528379 0.000000 0.000000 0.000000 1.000000
0.969727 0.010749 -0.243956 -13.099713 0.033606 0.983650 0.176928 91.099167 0.241869 -0.179770 0.953510 1.965206 0.000000 0.000000 0.000000 1.000000
0.972173 0.003192 -0.234241 -13.264718 0.039524 0.983339 0.177434 89.719765 0.230905 -0.181755 0.955849 1.389570 0.000000 0.000000 0.000000 1.000000
0.977113 0.003885 -0.212687 -13.437573 0.036118 0.982287 0.183870 88.588882 0.209634 -0.187344 0.959664 0.848424 0.000000 0.000000 0.000000 1.000000
0.982435 0.007797 -0.186442 -13.613351 0.029628 0.979935 0.197102 87.677780 0.184237 -0.199164 0.962492 0.341375 0.000000 0.000000 0.000000 1.000000
0.985680 0.010371 -0.168307 -13.781589 0.025119 0.977940 0.207370 86.929955 0.166745 -0.208629 0.963675 -0.089191 0.000000 0.000000 0.000000 1.000000
0.986406 0.011067 -0.163951 -13.891253 0.025050 0.975941 0.216589 86.267441 0.162404 -0.217752 0.962398 -0.528351 0.000000 0.000000 0.000000 1.000000
0.987552 0.010537 -0.156940 -13.941576 0.025238 0.974211 0.224221 85.569504 0.155256 -0.225391 0.961818 -0.977356 0.000000 0.000000 0.000000 1.000000
0.989563 0.007956 -0.143883 -13.979968 0.025245 0.973461 0.227455 84.817993 0.141874 -0.228714 0.963100 -1.488727 0.000000 0.000000 0.000000 1.000000
0.991474 0.004242 -0.130236 -13.994786 0.025660 0.973543 0.227057 84.054474 0.127754 -0.228463 0.965134 -2.049153 0.000000 0.000000 0.000000 1.000000
0.993187 0.000372 -0.116533 -14.003016 0.026153 0.973776 0.226002 83.288170 0.113561 -0.227509 0.967131 -2.616340 0.000000 0.000000 0.000000 1.000000
0.994551 -0.003188 -0.104199 -13.976580 0.026710 0.973959 0.225147 82.513351 0.100768 -0.226703 0.968737 -3.144546 0.000000 0.000000 0.000000 1.000000
0.995549 -0.006209 -0.094042 -13.896488 0.027329 0.973975 0.225001 81.722115 0.090197 -0.226570 0.969810 -3.608857 0.000000 0.000000 0.000000 1.000000
0.996317 -0.008952 -0.085277 -13.781728 0.028014 0.973943 0.225056 80.922371 0.081041 -0.226616 0.970607 -4.034187 0.000000 0.000000 0.000000 1.000000
0.996967 -0.011699 -0.076947 -13.661180 0.028768 0.974017 0.224642 80.132118 0.072319 -0.226175 0.971398 -4.449535 0.000000 0.000000 0.000000 1.000000
0.997407 -0.014543 -0.070485 -13.521317 0.029873 0.974676 0.221619 79.395340 0.065477 -0.223149 0.972583 -4.824644 0.000000 0.000000 0.000000 1.000000
0.997871 -0.015368 -0.063379 -13.350311 0.029008 0.975000 0.220302 78.705223 0.058409 -0.221671 0.973371 -5.157426 0.000000 0.000000 0.000000 1.000000
0.998356 -0.016474 -0.054893 -13.206689 0.028123 0.975369 0.218778 78.073586 0.049936 -0.219962 0.974229 -5.437243 0.000000 0.000000 0.000000 1.000000
0.998757 -0.017593 -0.046626 -13.066070 0.027308 0.975846 0.216745 77.461403 0.041687 -0.217749 0.975114 -5.709116 0.000000 0.000000 0.000000 1.000000
0.998992 -0.018593 -0.040866 -12.913090 0.026870 0.976808 0.212425 76.888031 0.035969 -0.213309 0.976322 -5.994238 0.000000 0.000000 0.000000 1.000000
0.999259 -0.019100 -0.033403 -12.792186 0.025582 0.978234 0.205921 76.398514 0.028742 -0.206623 0.977998 -6.283005 0.000000 0.000000 0.000000 1.000000
0.999424 -0.019039 -0.028094 -12.673335 0.024238 0.979859 0.198214 76.023239 0.023754 -0.198780 0.979756 -6.551312 0.000000 0.000000 0.000000 1.000000
0.999515 -0.018231 -0.025259 -12.584030 0.022728 0.981316 0.191058 75.805649 0.021304 -0.191539 0.981254 -6.833488 0.000000 0.000000 0.000000 1.000000
0.999571 -0.017280 -0.023651 -12.513476 0.021320 0.982890 0.182958 75.810242 0.020085 -0.183384 0.982836 -7.203912 0.000000 0.000000 0.000000 1.000000
0.999624 -0.015831 -0.022375 -12.472253 0.019109 0.987757 0.154822 76.329239 0.019650 -0.155192 0.987689 -7.497436 0.000000 0.000000 0.000000 1.000000
0.999781 -0.012273 -0.016967 -12.555346 0.014438 0.990872 0.134032 77.639748 0.015167 -0.134247 0.990832 -7.659017 0.000000 0.000000 0.000000 1.000000
0.999966 -0.007096 -0.004081 -12.867686 0.007553 0.992044 0.125667 79.666565 0.003156 -0.125693 0.992064 -7.719372 0.000000 0.000000 0.000000 1.000000
0.999720 -0.005988 0.022896 -13.390160 0.003462 0.994057 0.108803 82.348625 -0.023411 -0.108694 0.993800 -7.510735 0.000000 0.000000 0.000000 1.000000
0.997788 -0.010930 0.065579 -14.055003 0.006548 0.997754 0.066659 85.695953 -0.066160 -0.066082 0.995618 -6.909296 0.000000 0.000000 0.000000 1.000000
0.992743 -0.017684 0.118946 -14.727368 0.017962 0.999838 -0.001267 89.740234 -0.118904 0.003394 0.992900 -5.930258 0.000000 0.000000 0.000000 1.000000
0.984659 -0.025201 0.172660 -15.389778 0.040844 0.995313 -0.087655 96.543968 -0.169642 0.093363 0.981073 -3.838307 0.000000 0.000000 0.000000 1.000000
0.980926 -0.024751 0.192802 -15.697168 0.051982 0.989138 -0.137490 103.072174 -0.187304 0.144889 0.971558 -0.624766 0.000000 0.000000 0.000000 1.000000
0.987276 -0.002397 0.158999 -15.254619 0.026336 0.988543 -0.148624 106.910149 -0.156821 0.150920 0.976028 2.278479 0.000000 0.000000 0.000000 1.000000
0.995792 0.046078 0.079211 -13.981297 -0.034091 0.988620 -0.146518 109.037460 -0.085061 0.143201 0.986031 4.450890 0.000000 0.000000 0.000000 1.000000
0.996622 0.080354 0.016993 -12.699611 -0.077741 0.989676 -0.120403 109.866882 -0.026493 0.118675 0.992580 6.240429 0.000000 0.000000 0.000000 1.000000
0.995503 0.094700 0.002428 -11.902626 -0.094008 0.990746 -0.097907 109.673492 -0.011678 0.097238 0.995193 7.747383 0.000000 0.000000 0.000000 1.000000
0.995262 0.091308 0.033402 -11.485796 -0.088965 0.993848 -0.065964 108.715355 -0.039219 0.062680 0.997263 8.533854 0.000000 0.000000 0.000000 1.000000
0.994479 0.078005 0.070186 -11.330090 -0.074748 0.996051 -0.047899 107.980934 -0.073645 0.042388 0.996383 8.820568 0.000000 0.000000 0.000000 1.000000
0.992390 0.061671 0.106582 -11.244398 -0.057924 0.997601 -0.037904 107.438049 -0.108664 0.031442 0.993581 9.014801 0.000000 0.000000 0.000000 1.000000
0.990229 0.052067 0.129369 -11.062397 -0.048120 0.998281 -0.033457 107.260483 -0.130889 0.026905 0.991032 9.115545 0.000000 0.000000 0.000000 1.000000
0.990860 0.051259 0.124778 -10.633812 -0.047539 0.998337 -0.032611 107.362930 -0.126242 0.026381 0.991649 9.073632 0.000000 0.000000 0.000000 1.000000
0.993475 0.053131 0.100920 -10.175426 -0.049950 0.998180 -0.033788 107.635994 -0.102531 0.028527 0.994321 8.979499 0.000000 0.000000 0.000000 1.000000
0.996237 0.054397 0.067479 -9.713162 -0.052266 0.998089 -0.032955 107.974495 -0.069142 0.029305 0.997176 8.786153 0.000000 0.000000 0.000000 1.000000
0.998266 0.049930 0.031165 -9.338598 -0.049204 0.998509 -0.023636 108.262512 -0.032299 0.022062 0.999235 8.493591 0.000000 0.000000 0.000000 1.000000
0.998987 0.044975 -0.001396 -9.074345 -0.044982 0.998974 -0.005251 108.476318 0.001158 0.005308 0.999985 8.093187 0.000000 0.000000 0.000000 1.000000
0.998615 0.043335 -0.029820 -8.847200 -0.042977 0.998997 0.012552 108.639664 0.030334 -0.011253 0.999476 7.610599 0.000000 0.000000 0.000000 1.000000
0.997581 0.043401 -0.054295 -8.625450 -0.042013 0.998767 0.026459 108.780945 0.055376 -0.024114 0.998174 7.117605 0.000000 0.000000 0.000000 1.000000
0.996167 0.045263 -0.074855 -8.444689 -0.042632 0.998428 0.036381 108.921745 0.076384 -0.033051 0.996531 6.654367 0.000000 0.000000 0.000000 1.000000
0.994502 0.048180 -0.092971 -8.254496 -0.044079 0.997984 0.045670 109.071808 0.094984 -0.041321 0.994621 6.202557 0.000000 0.000000 0.000000 1.000000
0.992038 0.053769 -0.113887 -8.081666 -0.047610 0.997288 0.056123 109.225029 0.116596 -0.050254 0.991907 5.704878 0.000000 0.000000 0.000000 1.000000
0.988163 0.063487 -0.139654 -7.854017 -0.055048 0.996463 0.063486 109.331078 0.143191 -0.055047 0.988163 5.223392 0.000000 0.000000 0.000000 1.000000
0.980635 0.066996 -0.184027 -7.506277 -0.056006 0.996359 0.064286 109.412613 0.187664 -0.052735 0.980817 4.865475 0.000000 0.000000 0.000000 1.000000
0.970314 0.069002 -0.231797 -7.134492 -0.055628 0.996414 0.063757 109.487625 0.235365 -0.048969 0.970673 4.532366 0.000000 0.000000 0.000000 1.000000
0.956386 0.070496 -0.283472 -6.738264 -0.054976 0.996539 0.062348 109.531937 0.286887 -0.044045 0.956952 4.225487 0.000000 0.000000 0.000000 1.000000
0.931683 0.070523 -0.356362 -6.219685 -0.053752 0.996940 0.056760 109.414627 0.359274 -0.033727 0.932622 4.050228 0.000000 0.000000 0.000000 1.000000
0.894548 0.063972 -0.442370 -5.611513 -0.047969 0.997729 0.047283 109.288376 0.444390 -0.021077 0.895585 3.904501 0.000000 0.000000 0.000000 1.000000
0.846189 0.053832 -0.530157 -5.003472 -0.038768 0.998467 0.039508 109.025436 0.531471 -0.012878 0.846978 3.741432 0.000000 0.000000 0.000000 1.000000
0.791931 0.043494 -0.609059 -4.444268 -0.028508 0.999006 0.034273 108.718552 0.609944 -0.009778 0.792384 3.515486 0.000000 0.000000 0.000000 1.000000
0.740111 0.035291 -0.671558 -3.994123 -0.020259 0.999339 0.030189 108.356247 0.672180 -0.008738 0.740337 3.202649 0.000000 0.000000 0.000000 1.000000
0.703206 0.034321 -0.710157 -3.588316 -0.018126 0.999375 0.030350 107.858528 0.710755 -0.008470 0.703389 2.747781 0.000000 0.000000 0.000000 1.000000
0.682132 0.033534 -0.730460 -3.182504 -0.016579 0.999400 0.030398 107.126083 0.731041 -0.008625 0.682279 2.316114 0.000000 0.000000 0.000000 1.000000
0.660452 0.024700 -0.750462 -2.804416 -0.006085 0.999602 0.027545 106.126221 0.750843 -0.013626 0.660340 1.935586 0.000000 0.000000 0.000000 1.000000
0.627829 0.009100 -0.778298 -2.372879 0.008170 0.999800 0.018281 105.032745 0.778309 -0.017836 0.627629 1.594553 0.000000 0.000000 0.000000 1.000000
0.596636 0.001904 -0.802509 -1.825536 0.015877 0.999773 0.014177 104.090401 0.802355 -0.021200 0.596471 1.189789 0.000000 0.000000 0.000000 1.000000
0.569201 -0.003732 -0.822190 -1.294686 0.021493 0.999716 0.010342 103.217926 0.821917 -0.023558 0.569119 0.763369 0.000000 0.000000 0.000000 1.000000
0.562198 -0.010915 -0.826931 -0.962104 0.025445 0.999668 0.004104 102.543724 0.826611 -0.023349 0.562289 0.292401 0.000000 0.000000 0.000000 1.000000
0.557429 -0.017036 -0.830050 -0.802104 0.030840 0.999524 0.000196 102.278542 0.829652 -0.025709 0.557689 0.144457 0.000000 0.000000 0.000000 1.000000
0.552705 -0.023077 -0.833057 -0.650617 0.036219 0.999337 -0.003654 102.033531 0.832589 -0.028153 0.553175 0.012449 0.000000 0.000000 0.000000 1.000000
0.548001 -0.029048 -0.835973 -0.505681 0.041563 0.999108 -0.007472 101.804054 0.835444 -0.030651 0.548720 -0.107300 0.000000 0.000000 0.000000 1.000000
0.543292 -0.034961 -0.838815 -0.365329 0.046855 0.998838 -0.011284 101.585434 0.838235 -0.033172 0.544299 -0.218467 0.000000 0.000000 0.000000 1.000000
0.538553 -0.040828 -0.841602 -0.227597 0.052078 0.998529 -0.015116 101.373016 0.840981 -0.035688 0.539887 -0.324731 0.000000 0.000000 0.000000 1.000000
0.533759 -0.046661 -0.844348 -0.090520 0.057212 0.998181 -0.018995 101.162170 0.843699 -0.038168 0.535458 -0.429769 0.000000 0.000000 0.000000 1.000000
0.528886 -0.052472 -0.847069 0.047866 0.062238 0.997797 -0.022949 100.948204 0.846407 -0.040582 0.530987 -0.537258 0.000000 0.000000 0.000000 1.000000
0.523911 -0.058274 -0.849777 0.189528 0.067136 0.997378 -0.027004 100.726486 0.849123 -0.042903 0.526450 -0.650877 0.000000 0.000000 0.000000 1.000000</float_array>
        <technique_common>
          <accessor source="#mixamorig_Hips-Matrix-animation-output-transform-array" count="95" stride="16">
            <param type="float4x4"/>
          </accessor>
        </technique_common>
      </source>
      <source id="mixamorig_Hips-Interpolations">
        <Name_array id="mixamorig_Hips-Interpolations-array" count="95">
 LINEAR LINEAR LINEAR LINEAR LINEAR LINEAR LINEAR LINEAR LINEAR LINEAR LINEAR
LINEAR LINEAR LINEAR LINEAR LINEAR LINEAR LINEAR LINEAR LINEAR LINEAR LINEAR LINEAR
LINEAR LINEAR LINEAR LINEAR LINEAR LINEAR LINEAR LINEAR LINEAR LINEAR LINEAR LINEAR
LINEAR LINEAR LINEAR LINEAR LINEAR LINEAR LINEAR LINEAR LINEAR LINEAR LINEAR LINEAR
LINEAR LINEAR LINEAR LINEAR LINEAR LINEAR LINEAR LINEAR LINEAR LINEAR LINEAR LINEAR
LINEAR LINEAR LINEAR LINEAR LINEAR LINEAR LINEAR LINEAR LINEAR LINEAR LINEAR LINEAR
LINEAR LINEAR LINEAR LINEAR LINEAR LINEAR LINEAR LINEAR LINEAR LINEAR LINEAR LINEAR
LINEAR LINEAR LINEAR LINEAR LINEAR LINEAR LINEAR LINEAR LINEAR LINEAR LINEAR LINEAR</Name_array>
        <technique_common>
          <accessor source="#mixamorig_Hips-Interpolations-array" count="95">
            <param type="name"/>
          </accessor>
        </technique_common>
      </source>
      <sampler id="mixamorig_Hips-Matrix-animation-transform">
        <input semantic="INPUT" source="#mixamorig_Hips-Matrix-animation-input"/>
        <input semantic="OUTPUT" source="#mixamorig_Hips-Matrix-animation-output-transform"/>
        <input semantic="INTERPOLATION" source="#mixamorig_Hips-Interpolations"/>
      </sampler>
      <channel source="#mixamorig_Hips-Matrix-animation-transform" target="mixamorig_Hips/matrix"/>
    </animation>
    <animation id="mixamorig_Spine-anim" name="mixamorig_Spine">
      <source id="mixamorig_Spine-Matrix-animation-input">
        <float_array id="mixamorig_Spine-Matrix-animation-input-array" count="95">

0.000000 0.033333 0.066667 0.100000 0.133333 0.166667 0.200000 0.233333 0.266667 0.300000 0.333333 0.366667 0.400000 0.433333 0.466667 0.500000
0.533333 0.566667 0.600000 0.633333 0.666667 0.700000 0.733333 0.766667 0.800000 0.833333 0.866667 0.900000 0.933333 0.966667 1.000000 1.033333
1.066667 1.100000 1.133333 1.166667 1.200000 1.233333 1.266667 1.300000 1.333333 1.366667 1.400000 1.433333 1.466667 1.500000 1.533333 1.566667
1.600000 1.633333 1.666667 1.700000 1.733333 1.766667 1.800000 1.833333 1.866667 1.900000 1.933333 1.966667 2.000000 2.033333 2.066667 2.100000
2.133333 2.166667 2.200000 2.233333 2.266667 2.300000 2.333333 2.366667 2.400000 2.433333 2.466667 2.500000 2.533333 2.566667 2.600000 2.633333
2.666667 2.700000 2.733333 2.766667 2.800000 2.833333 2.866667 2.900000 2.933333 2.966667 3.000000 3.033333 3.066667 3.100000 3.133333</float_array>
        <technique_common>
          <accessor source="#mixamorig_Spine-Matrix-animation-input-array" count="95">
            <param name="TIME" type="float"/>
          </accessor>
        </technique_common>
      </source>
      <source id="mixamorig_Spine-Matrix-animation-output-transform">
        <float_array id="mixamorig_Spine-Matrix-animation-output-transform-array" count="1520">

0.998816 0.048625 0.001208 0.000000 -0.047275 0.976313 -0.211137 8.536500 -0.011446 0.210830 0.977456 0.187100 0.000000 0.000000 0.000000 1.000000
0.998895 0.046991 0.000524 0.000000 -0.045830 0.976561 -0.210304 8.536500 -0.010394 0.210047 0.977636 0.187100 0.000000 0.000000 0.000000 1.000000
0.999074 0.043012 -0.001108 0.000000 -0.042304 0.977279 -0.207694 8.536500 -0.007851 0.207549 0.978193 0.187100 0.000000 0.000000 0.000000 1.000000
0.999271 0.038066 -0.003066 0.000000 -0.037894 0.978365 -0.203385 8.536500 -0.004743 0.203353 0.979094 0.187100 0.000000 0.000000 0.000000 1.000000
0.999445 0.032961 -0.004869 0.000000 -0.033275 0.979948 -0.196453 8.536500 -0.001704 0.196506 0.980501 0.187100 0.000000 0.000000 0.000000 1.000000
0.999605 0.027297 -0.006615 0.000000 -0.028056 0.981566 -0.189055 8.536500 0.001332 0.189166 0.981944 0.187100 0.000000 0.000000 0.000000 1.000000
0.999721 0.022368 -0.007603 -0.000000 -0.023379 0.983000 -0.182111 8.536500 0.003401 0.182237 0.983249 0.187100 0.000000 0.000000 0.000000 1.000000
0.999813 0.018156 -0.006732 -0.000000 -0.019057 0.984189 -0.176094 8.536500 0.003428 0.176189 0.984350 0.187100 0.000000 0.000000 0.000000 1.000000
0.999901 0.013513 -0.003838 -0.000000 -0.013969 0.985209 -0.170787 8.536500 0.001473 0.170824 0.985301 0.187100 0.000000 0.000000 0.000000 1.000000
0.999958 0.009124 -0.001223 0.000000 -0.009200 0.986066 -0.166098 8.536500 -0.000309 0.166102 0.986109 0.187100 0.000000 0.000000 0.000000 1.000000
0.999989 0.004745 0.000368 0.000000 -0.004623 0.986836 -0.161656 8.536500 -0.001130 0.161652 0.986847 0.187100 0.000000 0.000000 0.000000 1.000000
0.999997 0.001963 0.001451 -0.000000 -0.001706 0.987190 -0.159543 8.536500 -0.001745 0.159540 0.987190 0.187100 0.000000 0.000000 0.000000 1.000000
0.999990 0.001150 0.004211 -0.000000 -0.000457 0.986963 -0.160944 8.536500 -0.004341 0.160941 0.986954 0.187100 0.000000 0.000000 0.000000 1.000000
0.999959 0.005293 0.007329 -0.000000 -0.004057 0.987192 -0.159483 8.536500 -0.008079 0.159447 0.987173 0.187100 0.000000 0.000000 0.000000 1.000000
0.999897 0.009487 0.010797 0.000000 -0.007599 0.986576 -0.163126 8.536500 -0.012200 0.163027 0.986546 0.187100 0.000000 0.000000 0.000000 1.000000
0.999865 0.009139 0.013682 0.000000 -0.006788 0.986606 -0.162977 8.536500 -0.014988 0.162862 0.986535 0.187100 0.000000 0.000000 0.000000 1.000000
0.999852 0.009943 0.014011 0.000000 -0.007542 0.986756 -0.162035 8.536500 -0.015437 0.161905 0.986686 0.187100 0.000000 0.000000 0.000000 1.000000
0.999824 0.014710 0.011672 0.000000 -0.012700 0.987559 -0.156735 8.536500 -0.013832 0.156559 0.987572 0.187100 0.000000 0.000000 0.000000 1.000000
0.999821 0.017812 0.006315 0.000000 -0.016669 0.988627 -0.149460 8.536500 -0.008905 0.149328 0.988748 0.187100 0.000000 0.000000 0.000000 1.000000
0.999781 0.020672 0.003119 0.000000 -0.019995 0.989092 -0.145934 8.536500 -0.006102 0.145840 0.989289 0.187100 0.000000 0.000000 0.000000 1.000000
0.999688 0.024437 0.005187 0.000000 -0.023399 0.988679 -0.148210 8.536500 -0.008750 0.148043 0.988942 0.187100 0.000000 0.000000 0.000000 1.000000
0.999542 0.028884 0.008987 0.000000 -0.027222 0.988439 -0.149156 8.536500 -0.013191 0.148843 0.988773 0.187100 0.000000 0.000000 0.000000 1.000000
0.999339 0.034852 0.010332 0.000000 -0.032935 0.988375 -0.148428 8.536500 -0.015385 0.147990 0.988869 0.187100 0.000000 0.000000 0.000000 1.000000
0.999184 0.039010 0.010487 0.000000 -0.037001 0.988017 -0.149845 8.536500 -0.016207 0.149334 0.988654 0.187100 0.000000 0.000000 0.000000 1.000000
0.999140 0.039866 0.011428 -0.000000 -0.037638 0.987386 -0.153791 8.536500 -0.017415 0.153228 0.988037 0.187100 0.000000 0.000000 0.000000 1.000000
0.999180 0.038961 0.011051 0.000000 -0.036708 0.986558 -0.159235 8.536500 -0.017107 0.158699 0.987179 0.187100 0.000000 0.000000 0.000000 1.000000
0.999211 0.038327 0.010418 -0.000000 -0.036123 0.985997 -0.162804 8.536500 -0.016512 0.162299 0.986603 0.187100 0.000000 0.000000 0.000000 1.000000
0.999198 0.038372 0.011403 0.000000 -0.035926 0.985247 -0.167323 8.536500 -0.017655 0.166779 0.985836 0.187100 0.000000 0.000000 0.000000 1.000000
0.999195 0.038190 0.012308 0.000000 -0.035502 0.984403 -0.172308 8.536500 -0.018697 0.171732 0.984966 0.187100 0.000000 0.000000 0.000000 1.000000
0.999226 0.037523 0.011824 0.000000 -0.034851 0.983681 -0.176513 8.536500 -0.018254 0.175964 0.984227 0.187100 0.000000 0.000000 0.000000 1.000000
0.999248 0.037237 0.010854 0.000000 -0.034662 0.982887 -0.180918 8.536500 -0.017405 0.180406 0.983438 0.187100 0.000000 0.000000 0.000000 1.000000
0.999267 0.037001 0.009803 -0.000000 -0.034546 0.982067 -0.185339 8.536500 -0.016485 0.184864 0.982626 0.187100 0.000000 0.000000 0.000000 1.000000
0.999292 0.036545 0.008890 0.000000 -0.034202 0.981295 -0.189447 8.536500 -0.015647 0.189009 0.981851 0.187100 0.000000 0.000000 0.000000 1.000000
0.999329 0.035696 0.008201 0.000000 -0.033442 0.980606 -0.193113 8.536500 -0.014936 0.192709 0.981142 0.187100 0.000000 0.000000 0.000000 1.000000
0.999371 0.034632 0.007655 -0.000000 -0.032454 0.979973 -0.196470 8.536500 -0.014306 0.196097 0.980480 0.187100 0.000000 0.000000 0.000000 1.000000
0.999409 0.033618 0.007218 0.000000 -0.031503 0.979375 -0.199580 8.536500 -0.013778 0.199235 0.979855 0.187100 0.000000 0.000000 0.000000 1.000000
0.999430 0.032960 0.007279 0.000000 -0.030819 0.979006 -0.201486 8.536500 -0.013767 0.201147 0.979464 0.187100 0.000000 0.000000 0.000000 1.000000
0.999483 0.031345 0.007177 -0.000000 -0.029227 0.978601 -0.203680 8.536500 -0.013408 0.203365 0.979011 0.187100 0.000000 0.000000 0.000000 1.000000
0.999528 0.030009 0.006638 -0.000000 -0.028006 0.978267 -0.205449 8.536500 -0.012659 0.205166 0.978645 0.187100 0.000000 0.000000 0.000000 1.000000
0.999568 0.028746 0.006161 -0.000000 -0.026848 0.977946 -0.207126 8.536500 -0.011979 0.206871 0.978295 0.187100 0.000000 0.000000 0.000000 1.000000
0.999599 0.027574 0.006416 -0.000000 -0.025629 0.977632 -0.208758 8.536500 -0.012028 0.208510 0.977946 0.187100 0.000000 0.000000 0.000000 1.000000
0.999627 0.026573 0.006255 0.000000 -0.024677 0.977553 -0.209240 8.536500 -0.011674 0.209008 0.977844 0.187100 0.000000 0.000000 0.000000 1.000000
0.999647 0.025765 0.006527 0.000000 -0.023823 0.977454 -0.209800 8.536500 -0.011785 0.209571 0.977722 0.187100 0.000000 0.000000 0.000000 1.000000
0.999660 0.024994 0.007412 0.000000 -0.022864 0.977136 -0.211384 8.536500 -0.012526 0.211142 0.977375 0.187100 0.000000 0.000000 0.000000 1.000000
0.999659 0.024785 0.008237 0.000000 -0.022458 0.976723 -0.213325 8.536500 -0.013332 0.213067 0.976947 0.187100 0.000000 0.000000 0.000000 1.000000
0.999650 0.024538 0.009900 0.000000 -0.021933 0.977736 -0.208687 8.536500 -0.014801 0.208397 0.977932 0.187100 0.000000 0.000000 0.000000 1.000000
0.999616 0.024710 0.012546 0.000000 -0.021600 0.978340 -0.205877 8.536500 -0.017361 0.205527 0.978497 0.187100 0.000000 0.000000 0.000000 1.000000
0.999582 0.026161 0.012330 -0.000000 -0.023085 0.978546 -0.204729 8.536500 -0.017421 0.204359 0.978741 0.187100 0.000000 0.000000 0.000000 1.000000
0.999509 0.029373 0.010871 0.000000 -0.026646 0.979907 -0.197668 8.536500 -0.016459 0.197281 0.980209 0.187100 0.000000 0.000000 0.000000 1.000000
0.999348 0.035437 0.006884 0.000000 -0.033626 0.983159 -0.179632 8.536500 -0.013134 0.179283 0.983710 0.187100 0.000000 0.000000 0.000000 1.000000
0.999169 0.040751 0.001175 -0.000000 -0.040080 0.987172 -0.154549 8.536500 -0.007458 0.154374 0.987984 0.187100 0.000000 0.000000 0.000000 1.000000
0.998971 0.045078 -0.004954 0.000000 -0.045342 0.990727 -0.128077 8.536500 -0.000865 0.128169 0.991752 0.187100 0.000000 0.000000 0.000000 1.000000
0.998994 0.044826 -0.001305 0.000000 -0.044704 0.993125 -0.108191 8.536500 -0.003554 0.108140 0.994129 0.187100 0.000000 0.000000 0.000000 1.000000
0.999317 0.035978 0.008461 -0.000000 -0.034957 0.994403 -0.099702 8.536500 -0.012001 0.099338 0.994981 0.187100 0.000000 0.000000 0.000000 1.000000
0.999605 0.018442 0.021202 0.000000 -0.016239 0.994877 -0.099782 8.536500 -0.022933 0.099399 0.994783 0.187100 0.000000 0.000000 0.000000 1.000000
0.999455 0.005588 0.032520 -0.000000 -0.002038 0.994128 -0.108191 8.536500 -0.032933 0.108066 0.993598 0.187100 0.000000 0.000000 0.000000 1.000000
0.999228 -0.000735 0.039291 -0.000000 0.005162 0.993619 -0.112672 8.536500 -0.038957 0.112788 0.992855 0.187100 0.000000 0.000000 0.000000 1.000000
0.999326 -0.002001 0.036656 -0.000000 0.006415 0.992668 -0.120703 8.536500 -0.036146 0.120857 0.992012 0.187100 0.000000 0.000000 0.000000 1.000000
0.999512 0.000014 0.031247 0.000000 0.003911 0.992078 -0.125565 8.536500 -0.031001 0.125625 0.991593 0.187100 0.000000 0.000000 0.000000 1.000000
0.999668 0.003634 0.025523 0.000000 -0.000337 0.991776 -0.127986 8.536500 -0.025778 0.127935 0.991447 0.187100 0.000000 0.000000 0.000000 1.000000
0.999732 0.004745 0.022644 0.000000 -0.001791 0.991680 -0.128716 8.536500 -0.023066 0.128641 0.991423 0.187100 0.000000 0.000000 0.000000 1.000000
0.999719 0.002243 0.023591 0.000000 0.000803 0.991733 -0.128314 8.536500 -0.023684 0.128297 0.991453 0.187100 0.000000 0.000000 0.000000 1.000000
0.999650 -0.000580 0.026467 0.000000 0.003960 0.991785 -0.127857 8.536500 -0.026175 0.127917 0.991439 0.187100 0.000000 0.000000 0.000000 1.000000
0.999528 -0.003501 0.030530 0.000000 0.007395 0.991694 -0.128403 8.536500 -0.029827 0.128568 0.991252 0.187100 0.000000 0.000000 0.000000 1.000000
0.999410 -0.003225 0.034192 0.000000 0.007704 0.991263 -0.131677 8.536500 -0.033468 0.131863 0.990703 0.187100 0.000000 0.000000 0.000000 1.000000
0.999299 -0.002551 0.037340 0.000000 0.007652 0.990526 -0.137111 8.536500 -0.036636 0.137301 0.989852 0.187100 0.000000 0.000000 0.000000 1.000000
0.999209 -0.003222 0.039629 -0.000000 0.008798 0.989922 -0.141339 8.536500 -0.038774 0.141576 0.989168 0.187100 0.000000 0.000000 0.000000 1.000000
0.999144 -0.004022 0.041184 0.000000 0.009891 0.989628 -0.143312 8.536500 -0.040180 0.143597 0.988820 0.187100 0.000000 0.000000 0.000000 1.000000
0.999107 -0.004765 0.041987 -0.000000 0.010724 0.989684 -0.142868 8.536500 -0.040874 0.143191 0.988851 0.187100 0.000000 0.000000 0.000000 1.000000
0.999079 -0.005863 0.042499 0.000000 0.011846 0.989804 -0.141942 8.536500 -0.041233 0.142315 0.988962 0.187100 0.000000 0.000000 0.000000 1.000000
0.999101 -0.006729 0.041855 0.000000 0.012643 0.989688 -0.142680 8.536500 -0.040463 0.143080 0.988884 0.187100 0.000000 0.000000 0.000000 1.000000
0.999102 -0.007642 0.041670 0.000000 0.013565 0.989516 -0.143782 8.536500 -0.040134 0.144218 0.988732 0.187100 0.000000 0.000000 0.000000 1.000000
0.999140 -0.005557 0.041083 0.000000 0.011498 0.989244 -0.145823 8.536500 -0.039831 0.146170 0.988457 0.187100 0.000000 0.000000 0.000000 1.000000
0.999179 -0.002912 0.040410 0.000000 0.008869 0.988942 -0.148035 8.536500 -0.039532 0.148272 0.988156 0.187100 0.000000 0.000000 0.000000 1.000000
0.999211 -0.000266 0.039716 0.000000 0.006233 0.988634 -0.150210 8.536500 -0.039225 0.150339 0.987856 0.187100 0.000000 0.000000 0.000000 1.000000
0.999237 0.002214 0.038992 -0.000000 0.003747 0.988351 -0.152144 8.536500 -0.038875 0.152174 0.987589 0.187100 0.000000 0.000000 0.000000 1.000000
0.999198 0.006472 0.039526 0.000000 -0.000323 0.988126 -0.153643 8.536500 -0.040052 0.153507 0.987336 0.187100 0.000000 0.000000 0.000000 1.000000
0.999135 0.012729 0.039598 0.000000 -0.006365 0.987602 -0.156849 8.536500 -0.041104 0.156462 0.986828 0.187100 0.000000 0.000000 0.000000 1.000000
0.999059 0.019566 0.038707 0.000000 -0.013104 0.986925 -0.160648 8.536500 -0.041344 0.159989 0.986253 0.187100 0.000000 0.000000 0.000000 1.000000
0.999016 0.025953 0.035959 0.000000 -0.019687 0.986136 -0.164767 8.536500 -0.039736 0.163897 0.985677 0.187100 0.000000 0.000000 0.000000 1.000000
0.999020 0.030245 0.032327 0.000000 -0.024277 0.984925 -0.171269 8.536500 -0.037020 0.170317 0.984694 0.187100 0.000000 0.000000 0.000000 1.000000
0.999043 0.033001 0.028694 -0.000000 -0.027404 0.983777 -0.177291 8.536500 -0.034080 0.176335 0.983740 0.187100 0.000000 0.000000 0.000000 1.000000
0.998954 0.037887 0.025615 -0.000000 -0.032626 0.982869 -0.181397 8.536500 -0.032049 0.180372 0.983076 0.187100 0.000000 0.000000 0.000000 1.000000
0.998768 0.043525 0.023817 0.000000 -0.038419 0.982200 -0.183868 8.536500 -0.031396 0.182727 0.982662 0.187100 0.000000 0.000000 0.000000 1.000000
0.998688 0.046806 0.020765 0.000000 -0.042041 0.981009 -0.189353 8.536500 -0.029234 0.188231 0.981690 0.187100 0.000000 0.000000 0.000000 1.000000
0.998630 0.049413 0.017195 0.000000 -0.045120 0.979750 -0.195073 8.536500 -0.026486 0.194030 0.980638 0.187100 0.000000 0.000000 0.000000 1.000000
0.998614 0.051143 0.012406 0.000000 -0.047657 0.978831 -0.199042 8.536500 -0.022323 0.198175 0.979912 0.187100 0.000000 0.000000 0.000000 1.000000
0.998638 0.051049 0.010767 -0.000000 -0.047853 0.978464 -0.200792 8.536500 -0.020786 0.200003 0.979575 0.187100 0.000000 0.000000 0.000000 1.000000
0.998663 0.050861 0.009285 -0.000000 -0.047933 0.978122 -0.202432 8.536500 -0.019378 0.201717 0.979252 0.187100 0.000000 0.000000 0.000000 1.000000
0.998688 0.050601 0.007923 -0.000000 -0.047924 0.977800 -0.203989 8.536500 -0.018069 0.203341 0.978941 0.187100 0.000000 0.000000 0.000000 1.000000
0.998713 0.050290 0.006647 0.000000 -0.047853 0.977489 -0.205486 8.536500 -0.016831 0.204904 0.978637 0.187100 0.000000 0.000000 0.000000 1.000000
0.998737 0.049947 0.005419 0.000000 -0.047747 0.977186 -0.206950 8.536500 -0.015632 0.206430 0.978336 0.187100 0.000000 0.000000 0.000000 1.000000
0.998761 0.049595 0.004204 -0.000000 -0.047631 0.976882 -0.208406 8.536500 -0.014443 0.207948 0.978033 0.187100 0.000000 0.000000 0.000000 1.000000
0.998782 0.049252 0.002967 0.000000 -0.047533 0.976571 -0.209878 8.536500 -0.013234 0.209482 0.977723 0.187100 0.000000 0.000000 0.000000 1.000000
0.998800 0.048938 0.001670 0.000000 -0.047480 0.976248 -0.211391 8.536500 -0.011976 0.211059 0.977400 0.187100 0.000000 0.000000 0.000000 1.000000</float_array>
        <technique_common>
          <accessor source="#mixamorig_Spine-Matrix-animation-output-transform-array" count="95" stride="16">
            <param type="float4x4"/>
          </accessor>
        </technique_common>
      </source>
      <source id="mixamorig_Spine-Interpolations">
        <Name_array id="mixamorig_Spine-Interpolations-array" count="95">
 LINEAR LINEAR LINEAR LINEAR LINEAR LINEAR LINEAR LINEAR LINEAR LINEAR LINEAR
LINEAR LINEAR LINEAR LINEAR LINEAR LINEAR LINEAR LINEAR LINEAR LINEAR LINEAR LINEAR
LINEAR LINEAR LINEAR LINEAR LINEAR LINEAR LINEAR LINEAR LINEAR LINEAR LINEAR LINEAR
LINEAR LINEAR LINEAR LINEAR LINEAR LINEAR LINEAR LINEAR LINEAR LINEAR LINEAR LINEAR
LINEAR LINEAR LINEAR LINEAR LINEAR LINEAR LINEAR LINEAR LINEAR LINEAR LINEAR LINEAR
LINEAR LINEAR LINEAR LINEAR LINEAR LINEAR LINEAR LINEAR LINEAR LINEAR LINEAR LINEAR
LINEAR LINEAR LINEAR LINEAR LINEAR LINEAR LINEAR LINEAR LINEAR LINEAR LINEAR LINEAR
LINEAR LINEAR LINEAR LINEAR LINEAR LINEAR LINEAR LINEAR LINEAR LINEAR LINEAR LINEAR</Name_array>
        <technique_common>
          <accessor source="#mixamorig_Spine-Interpolations-array" count="95">
            <param type="name"/>
          </accessor>
        </technique_common>
      </source>
      <sampler id="mixamorig_Spine-Matrix-animation-transform">
        <input semantic="INPUT" source="#mixamorig_Spine-Matrix-animation-input"/>
        <input semantic="OUTPUT" source="#mixamorig_Spine-Matrix-animation-output-transform"/>
        <input semantic="INTERPOLATION" source="#mixamorig_Spine-Interpolations"/>
      </sampler>
      <channel source="#mixamorig_Spine-Matrix-animation-transform" target="mixamorig_Spine/matrix"/>
    </animation>
    <animation id="mixamorig_Spine1-anim" name="mixamorig_Spine1">
      <source id="mixamorig_Spine1-Matrix-animation-input">
        <float_array id="mixamorig_Spine1-Matrix-animation-input-array" count="95">

0.000000 0.033333 0.066667 0.100000 0.133333 0.166667 0.200000 0.233333 0.266667 0.300000 0.333333 0.366667 0.400000 0.433333 0.466667 0.500000
0.533333 0.566667 0.600000 0.633333 0.666667 0.700000 0.733333 0.766667 0.800000 0.833333 0.866667 0.900000 0.933333 0.966667 1.000000 1.033333
1.066667 1.100000 1.133333 1.166667 1.200000 1.233333 1.266667 1.300000 1.333333 1.366667 1.400000 1.433333 1.466667 1.500000 1.533333 1.566667
1.600000 1.633333 1.666667 1.700000 1.733333 1.766667 1.800000 1.833333 1.866667 1.900000 1.933333 1.966667 2.000000 2.033333 2.066667 2.100000
2.133333 2.166667 2.200000 2.233333 2.266667 2.300000 2.333333 2.366667 2.400000 2.433333 2.466667 2.500000 2.533333 2.566667 2.600000 2.633333
2.666667 2.700000 2.733333 2.766667 2.800000 2.833333 2.866667 2.900000 2.933333 2.966667 3.000000 3.033333 3.066667 3.100000 3.133333</float_array>
        <technique_common>
          <accessor source="#mixamorig_Spine1-Matrix-animation-input-array" count="95">
            <param name="TIME" type="float"/>
          </accessor>
        </technique_common>
      </source>
      <source id="mixamorig_Spine1-Matrix-animation-output-transform">
        <float_array id="mixamorig_Spine1-Matrix-animation-output-transform-array" count="1520">

0.995240 0.097445 -0.001098 0.000000 -0.096568 0.984646 -0.145419 9.685800 -0.013089 0.144833 0.989370 0.000000 0.000000 0.000000 0.000000 1.000000
0.995552 0.094181 -0.002318 -0.000000 -0.093536 0.985190 -0.143704 9.685800 -0.011251 0.143282 0.989618 0.000000 0.000000 0.000000 0.000000 1.000000
0.996265 0.086197 -0.005186 0.000000 -0.086084 0.986634 -0.138360 9.685800 -0.006810 0.138290 0.990368 0.000000 0.000000 0.000000 0.000000 1.000000
0.997058 0.076168 -0.008562 0.000000 -0.076634 0.988602 -0.129589 9.685800 -0.001406 0.129864 0.991531 0.000000 0.000000 0.000000 0.000000 1.000000
0.997773 0.065699 -0.011562 0.000000 -0.066596 0.991071 -0.115513 9.685800 0.003870 0.116026 0.993239 0.000000 0.000000 0.000000 0.000000 1.000000
0.998427 0.054159 -0.014499 -0.000000 -0.055346 0.993394 -0.100528 9.685800 0.008959 0.101172 0.994829 0.000000 0.000000 0.000000 0.000000 1.000000
0.998895 0.044157 -0.016061 0.000000 -0.045385 0.995220 -0.086468 9.685800 0.012166 0.087101 0.996125 0.000000 0.000000 0.000000 0.000000 1.000000
0.999260 0.035807 -0.014013 0.000000 -0.036752 0.996556 -0.074327 9.685800 0.011303 0.074787 0.997135 0.000000 0.000000 0.000000 0.000000 1.000000
0.999603 0.027032 -0.007957 -0.000000 -0.027484 0.997594 -0.063643 9.685800 0.006217 0.063836 0.997941 -0.000000 0.000000 0.000000 0.000000 1.000000
0.999812 0.019209 -0.002467 0.000000 -0.019314 0.998344 -0.054183 9.685800 0.001423 0.054221 0.998528 0.000000 0.000000 0.000000 0.000000 1.000000
0.999925 0.012247 0.000961 0.000000 -0.012191 0.998903 -0.045208 9.685800 -0.001513 0.045193 0.998977 0.000000 0.000000 0.000000 0.000000 1.000000
0.999966 0.007640 0.003244 0.000000 -0.007501 0.999134 -0.040937 9.685800 -0.003554 0.040911 0.999156 0.000000 0.000000 0.000000 0.000000 1.000000
0.999944 0.005920 0.008742 0.000000 -0.005531 0.999025 -0.043795 9.685800 -0.008993 0.043744 0.999002 -0.000000 0.000000 0.000000 0.000000 1.000000
0.999799 0.013585 0.014752 -0.000000 -0.012972 0.999080 -0.040881 9.685800 -0.015294 0.040681 0.999055 0.000000 0.000000 0.000000 0.000000 1.000000
0.999525 0.022172 0.021409 -0.000000 -0.021116 0.998607 -0.048350 9.685800 -0.022451 0.047875 0.998601 -0.000000 0.000000 0.000000 0.000000 1.000000
0.999400 0.021682 0.027000 0.000000 -0.020366 0.998636 -0.048086 9.685800 -0.028006 0.047507 0.998478 0.000000 0.000000 0.000000 0.000000 1.000000
0.999362 0.022926 0.027400 0.000000 -0.021645 0.998698 -0.046184 9.685800 -0.028423 0.045562 0.998557 -0.000000 0.000000 0.000000 0.000000 1.000000
0.999275 0.030939 0.022165 0.000000 -0.030141 0.998917 -0.035447 9.685800 -0.023238 0.034754 0.999126 -0.000000 0.000000 0.000000 0.000000 1.000000
0.999307 0.035636 0.010742 0.000000 -0.035409 0.999160 -0.020627 9.685800 -0.011468 0.020233 0.999730 0.000000 0.000000 0.000000 0.000000 1.000000
0.999177 0.040384 0.003681 0.000000 -0.040331 0.999096 -0.013432 9.685800 -0.004220 0.013273 0.999903 0.000000 0.000000 0.000000 0.000000 1.000000
0.998838 0.047644 0.007314 0.000000 -0.047506 0.998707 -0.018090 9.685800 -0.008166 0.017721 0.999810 0.000000 0.000000 0.000000 0.000000 1.000000
0.998291 0.056545 0.014734 -0.000000 -0.056244 0.998214 -0.020124 9.685800 -0.015845 0.019261 0.999689 0.000000 0.000000 0.000000 0.000000 1.000000
