<?xml version="1.0" encoding="utf-8"?>
<COLLADA xmlns="http://www.collada.org/2005/11/COLLADASchema" version="1.4.1">
  <asset>
    <contributor>
      <author>Mixamo</author>
      <authoring_tool>COLLADA Mixamo exporter</authoring_tool>
      <comments/>
    </contributor>
    <created>2025-11-14T05:17:24Z</created>
    <modified>2025-11-14T05:17:24Z</modified>
    <revision/>
    <title/>
    <unit meter="0.010000"/>
    <up_axis>Y_UP</up_axis>
  </asset>
  <library_animations>
    <animation id="mixamorig_Hips-anim" name="mixamorig_Hips">
      <source id="mixamorig_Hips-Matrix-animation-input">
        <float_array id="mixamorig_Hips-Matrix-animation-input-array" count="157">

0.000000 0.033333 0.066667 0.100000 0.133333 0.166667 0.200000 0.233333 0.266667 0.300000 0.333333 0.366667 0.400000 0.433333 0.466667 0.500000
0.533333 0.566667 0.600000 0.633333 0.666667 0.700000 0.733333 0.766667 0.800000 0.833333 0.866667 0.900000 0.933333 0.966667 1.000000 1.033333
1.066667 1.100000 1.133333 1.166667 1.200000 1.233333 1.266667 1.300000 1.333333 1.366667 1.400000 1.433333 1.466667 1.500000 1.533333 1.566667
1.600000 1.633333 1.666667 1.700000 1.733333 1.766667 1.800000 1.833333 1.866667 1.900000 1.933333 1.966667 2.000000 2.033333 2.066667 2.100000
2.133333 2.166667 2.200000 2.233333 2.266667 2.300000 2.333333 2.366667 2.400000 2.433333 2.466667 2.500000 2.533333 2.566667 2.600000 2.633333
2.666667 2.700000 2.733333 2.766667 2.800000 2.833333 2.866667 2.900000 2.933333 2.966667 3.000000 3.033333 3.066667 3.100000 3.133333 3.166667
3.200000 3.233333 3.266667 3.300000 3.333333 3.366667 3.400000 3.433333 3.466667 3.500000 3.533333 3.566667 3.600000 3.633333 3.666667 3.700000
3.733333 3.766667 3.800000 3.833333 3.866667 3.900000 3.933333 3.966667 4.000000 4.033333 4.066667 4.100000 4.133333 4.166667 4.200000 4.233333
4.266667 4.300000 4.333333 4.366667 4.400000 4.433333 4.466667 4.500000 4.533333 4.566667 4.600000 4.633333 4.666667 4.700000 4.733333 4.766667
4.800000 4.833333 4.866667 4.900000 4.933333 4.966667 5.000000 5.033333 5.066667 5.100000 5.133333 5.166667 5.200000</float_array>
        <technique_common>
          <accessor source="#mixamorig_Hips-Matrix-animation-input-array" count="157">
            <param name="TIME" type="float"/>
          </accessor>
        </technique_common>
      </source>
      <source id="mixamorig_Hips-Matrix-animation-output-transform">
        <float_array id="mixamorig_Hips-Matrix-animation-output-transform-array" count="2512">

0.522569 -0.060166 -0.850471 0.204936 0.069742 0.997181 -0.027692 100.640846 0.849740 -0.044842 0.525292 -0.652182 0.000000 0.000000 0.000000 1.000000
0.522934 -0.060924 -0.850193 0.111881 0.069751 0.997156 -0.028554 100.660172 0.849514 -0.044370 0.525697 -0.782666 0.000000 0.000000 0.000000 1.000000
0.523549 -0.061892 -0.849745 -0.126796 0.069890 0.997116 -0.029566 100.711830 0.849124 -0.043910 0.526365 -1.155867 0.000000 0.000000 0.000000 1.000000
0.523435 -0.062571 -0.849765 -0.497614 0.070050 0.997084 -0.030270 100.780373 0.849181 -0.043682 0.526292 -1.763378 0.000000 0.000000 0.000000 1.000000
0.522744 -0.063098 -0.850151 -0.907990 0.070240 0.997054 -0.030811 100.849380 0.849591 -0.043609 0.525636 -2.446178 0.000000 0.000000 0.000000 1.000000
0.519893 -0.063148 -0.851894 -1.384017 0.070559 0.997031 -0.030845 100.903885 0.851312 -0.044073 0.522805 -3.271113 0.000000 0.000000 0.000000 1.000000
0.514445 -0.062685 -0.855229 -1.873295 0.071111 0.997008 -0.030302 100.937401 0.854570 -0.045227 0.517363 -4.158454 0.000000 0.000000 0.000000 1.000000
0.505653 -0.061484 -0.860543 -2.339320 0.071805 0.996996 -0.029040 100.948845 0.859743 -0.047107 0.508549 -5.055965 0.000000 0.000000 0.000000 1.000000
0.492733 -0.059383 -0.868152 -2.749963 0.072719 0.996989 -0.026923 100.900017 0.867137 -0.049866 0.495568 -5.919226 0.000000 0.000000 0.000000 1.000000
0.474847 -0.056199 -0.878272 -3.071177 0.073941 0.996978 -0.023818 100.773926 0.876957 -0.053631 0.477567 -6.698284 0.000000 0.000000 0.000000 1.000000
0.443862 -0.049928 -0.894703 -3.207868 0.076119 0.996939 -0.017870 100.594696 0.892857 -0.060172 0.446303 -7.205027 0.000000 0.000000 0.000000 1.000000
0.403668 -0.041427 -0.913967 -3.146332 0.077778 0.996912 -0.010834 100.393227 0.911594 -0.066713 0.405643 -7.369997 0.000000 0.000000 0.000000 1.000000
0.368138 -0.039851 -0.928917 -2.988166 0.078785 0.996825 -0.011541 100.225212 0.926427 -0.068936 0.370109 -7.322083 0.000000 0.000000 0.000000 1.000000
0.338922 -0.042017 -0.939876 -2.749145 0.079249 0.996727 -0.015981 100.131142 0.937471 -0.069068 0.341143 -7.113381 0.000000 0.000000 0.000000 1.000000
0.317633 -0.042054 -0.947281 -2.449452 0.079905 0.996650 -0.017453 100.131332 0.944841 -0.070148 0.319929 -6.854156 0.000000 0.000000 0.000000 1.000000
0.300875 -0.040670 -0.952796 -2.127664 0.079506 0.996682 -0.017436 100.230873 0.950344 -0.070507 0.303110 -6.605175 0.000000 0.000000 0.000000 1.000000
0.285168 -0.043186 -0.957504 -1.816841 0.078530 0.996679 -0.021564 100.399559 0.955255 -0.069043 0.287612 -6.325392 0.000000 0.000000 0.000000 1.000000
0.271718 -0.049591 -0.961098 -1.509111 0.077175 0.996578 -0.029603 100.593857 0.959278 -0.066130 0.274615 -5.960939 0.000000 0.000000 0.000000 1.000000
0.259457 -0.051712 -0.964369 -1.166184 0.074212 0.996680 -0.033478 100.803284 0.962899 -0.062881 0.262434 -5.570572 0.000000 0.000000 0.000000 1.000000
0.237224 -0.050816 -0.970125 -0.833517 0.072289 0.996786 -0.034536 100.903542 0.968761 -0.061937 0.240135 -5.159477 0.000000 0.000000 0.000000 1.000000
0.213793 -0.049449 -0.975627 -0.501006 0.069463 0.996959 -0.035309 100.989578 0.974406 -0.060221 0.216578 -4.745328 0.000000 0.000000 0.000000 1.000000
0.189446 -0.047765 -0.980729 -0.172480 0.066169 0.997167 -0.035784 101.066414 0.979659 -0.058115 0.192070 -4.330363 0.000000 0.000000 0.000000 1.000000
0.164517 -0.045882 -0.985307 0.148234 0.062640 0.997387 -0.035985 101.139099 0.984383 -0.055799 0.166961 -3.916817 0.000000 0.000000 0.000000 1.000000
0.133280 -0.042051 -0.990186 0.411470 0.062116 0.997490 -0.034000 101.164726 0.989130 -0.056975 0.135557 -3.510118 0.000000 0.000000 0.000000 1.000000
0.104113 -0.038358 -0.993825 0.629601 0.062446 0.997537 -0.031960 101.184341 0.992603 -0.058733 0.106252 -3.140477 0.000000 0.000000 0.000000 1.000000
0.076489 -0.033463 -0.996509 0.826904 0.061627 0.997684 -0.028772 101.130356 0.995164 -0.059211 0.078374 -2.820751 0.000000 0.000000 0.000000 1.000000
0.049774 -0.028679 -0.998349 1.002117 0.061398 0.997785 -0.025602 101.058891 0.996872 -0.060022 0.051425 -2.527058 0.000000 0.000000 0.000000 1.000000
0.026296 -0.024333 -0.999358 1.157989 0.056434 0.998146 -0.022818 100.983604 0.998060 -0.055798 0.027621 -2.232116 0.000000 0.000000 0.000000 1.000000
0.005104 -0.022187 -0.999741 1.239247 0.053362 0.998335 -0.021884 100.906693 0.998562 -0.053236 0.006279 -1.904902 0.000000 0.000000 0.000000 1.000000
-0.015817 -0.019678 -0.999681 1.290952 0.050183 0.998531 -0.020449 100.827370 0.998615 -0.050490 -0.014807 -1.547963 0.000000 0.000000 0.000000 1.000000
-0.037398 -0.016407 -0.999166 1.348489 0.047457 0.998708 -0.018175 100.749870 0.998173 -0.048097 -0.036571 -1.213920 0.000000 0.000000 0.000000 1.000000
-0.059097 -0.013741 -0.998158 1.396206 0.044853 0.998859 -0.016406 100.685684 0.997244 -0.045740 -0.058413 -0.942322 0.000000 0.000000 0.000000 1.000000
-0.075350 -0.011436 -0.997092 1.390643 0.043990 0.998923 -0.014782 100.646164 0.996186 -0.044976 -0.074766 -0.793714 0.000000 0.000000 0.000000 1.000000
-0.091532 -0.009217 -0.995759 1.381642 0.041140 0.999068 -0.013030 100.605370 0.994952 -0.042159 -0.091068 -0.652422 0.000000 0.000000 0.000000 1.000000
-0.106731 -0.007297 -0.994261 1.358893 0.037097 0.999248 -0.011316 100.578514 0.993596 -0.038092 -0.106380 -0.544506 0.000000 0.000000 0.000000 1.000000
-0.120225 -0.005828 -0.992730 1.312087 0.033027 0.999406 -0.009867 100.580818 0.992197 -0.033974 -0.119961 -0.496023 0.000000 0.000000 0.000000 1.000000
-0.132147 -0.004709 -0.991219 1.241407 0.029795 0.999518 -0.008720 100.611862 0.990782 -0.030685 -0.131943 -0.506001 0.000000 0.000000 0.000000 1.000000
-0.143205 -0.003734 -0.989686 1.156972 0.027377 0.999595 -0.007732 100.658096 0.989314 -0.028202 -0.143045 -0.549072 0.000000 0.000000 0.000000 1.000000
-0.153657 -0.002875 -0.988120 1.063372 0.025599 0.999649 -0.006889 100.715042 0.987793 -0.026354 -0.153530 -0.614697 0.000000 0.000000 0.000000 1.000000
-0.163729 -0.002132 -0.986503 0.965198 0.024058 0.999692 -0.006154 100.778198 0.986212 -0.024740 -0.163627 -0.692339 0.000000 0.000000 0.000000 1.000000
-0.173619 -0.001531 -0.984812 0.867039 0.022149 0.999740 -0.005459 100.843079 0.984564 -0.022760 -0.173540 -0.771460 0.000000 0.000000 0.000000 1.000000
-0.183494 -0.001126 -0.983020 0.773486 0.019086 0.999807 -0.004708 100.905190 0.982836 -0.019626 -0.183437 -0.841524 0.000000 0.000000 0.000000 1.000000
-0.190498 -0.002472 -0.981685 0.684049 0.015310 0.999868 -0.005489 100.995422 0.981568 -0.016075 -0.190435 -0.930183 0.000000 0.000000 0.000000 1.000000
-0.194756 -0.005572 -0.980836 0.604701 0.012131 0.999894 -0.008089 101.088028 0.980777 -0.013474 -0.194668 -1.063453 0.000000 0.000000 0.000000 1.000000
-0.190554 -0.009119 -0.981634 0.544846 0.010551 0.999880 -0.011336 101.198395 0.981620 -0.012517 -0.190435 -1.272913 0.000000 0.000000 0.000000 1.000000
-0.183377 -0.012498 -0.982963 0.493030 0.009152 0.999854 -0.014420 101.315704 0.983000 -0.011640 -0.183236 -1.504954 0.000000 0.000000 0.000000 1.000000
-0.169775 -0.014604 -0.985375 0.461913 0.006892 0.999848 -0.016006 101.450043 0.985459 -0.009509 -0.169648 -1.773710 0.000000 0.000000 0.000000 1.000000
-0.153300 -0.017695 -0.988021 0.390278 0.004764 0.999815 -0.018646 101.599701 0.988168 -0.007565 -0.153188 -2.072361 0.000000 0.000000 0.000000 1.000000
-0.136568 -0.021729 -0.990392 0.281872 0.003036 0.999746 -0.022353 101.762390 0.990626 -0.006060 -0.136467 -2.390144 0.000000 0.000000 0.000000 1.000000
-0.121725 -0.023912 -0.992276 0.133843 0.000953 0.999706 -0.024208 101.910690 0.992563 -0.003892 -0.121667 -2.647459 0.000000 0.000000 0.000000 1.000000
-0.107021 -0.025862 -0.993920 -0.018209 -0.000741 0.999663 -0.025931 102.057816 0.994257 -0.002038 -0.107004 -2.900227 0.000000 0.000000 0.000000 1.000000
-0.092393 -0.027650 -0.995339 -0.172699 -0.002047 0.999618 -0.027579 102.203880 0.995721 -0.000510 -0.092414 -3.148279 0.000000 0.000000 0.000000 1.000000
-0.077780 -0.029353 -0.996538 -0.328042 -0.002954 0.999569 -0.029212 102.348984 0.996966 0.000672 -0.077834 -3.391442 0.000000 0.000000 0.000000 1.000000
-0.063123 -0.031045 -0.997523 -0.482654 -0.003442 0.999517 -0.030889 102.493248 0.998000 0.001483 -0.063199 -3.629546 0.000000 0.000000 0.000000 1.000000
-0.048697 -0.032411 -0.998288 -0.640433 -0.003860 0.999472 -0.032261 102.625671 0.998806 0.002283 -0.048796 -3.803250 0.000000 0.000000 0.000000 1.000000
-0.032459 -0.033384 -0.998915 -0.803623 -0.004175 0.999438 -0.033266 102.767494 0.999464 0.003091 -0.032580 -3.958767 0.000000 0.000000 0.000000 1.000000
-0.014006 -0.034820 -0.999295 -0.977712 -0.003949 0.999388 -0.034768 102.906502 0.999894 0.003459 -0.014135 -4.098508 0.000000 0.000000 0.000000 1.000000
-0.007204 -0.036705 -0.999300 -1.170837 -0.020111 0.999129 -0.036554 103.047104 0.999772 0.019834 -0.007936 -4.232742 0.000000 0.000000 0.000000 1.000000
0.022272 -0.038264 -0.999019 -1.368451 -0.024409 0.998949 -0.038806 103.187714 0.999454 0.025250 0.021315 -4.365396 0.000000 0.000000 0.000000 1.000000
0.047638 -0.040428 -0.998046 -1.580791 -0.002684 0.999172 -0.040602 103.323730 0.998861 0.004613 0.047490 -4.489282 0.000000 0.000000 0.000000 1.000000
0.065049 -0.042927 -0.996958 -1.815602 0.010535 0.999048 -0.042330 103.451775 0.997826 -0.007750 0.065439 -4.600444 0.000000 0.000000 0.000000 1.000000
0.086839 -0.044981 -0.995206 -2.065138 0.005970 0.998986 -0.044631 103.575211 0.996204 -0.002065 0.087019 -4.702838 0.000000 0.000000 0.000000 1.000000
0.107645 -0.046582 -0.993097 -2.316401 -0.002661 0.998885 -0.047142 103.699585 0.994186 0.007717 0.107401 -4.801140 0.000000 0.000000 0.000000 1.000000
0.124723 -0.047947 -0.991032 -2.571960 -0.002831 0.998810 -0.048680 103.830452 0.992188 0.008877 0.124438 -4.880538 0.000000 0.000000 0.000000 1.000000
0.139101 -0.048762 -0.989077 -2.814535 -0.003644 0.998755 -0.049752 103.957962 0.990271 0.010525 0.138750 -4.932080 0.000000 0.000000 0.000000 1.000000
0.152446 -0.049393 -0.987077 -3.045366 -0.004529 0.998705 -0.050674 104.074814 0.988301 0.012196 0.152025 -4.954784 0.000000 0.000000 0.000000 1.000000
0.164711 -0.049895 -0.985079 -3.263025 -0.005087 0.998663 -0.051433 104.176254 0.986329 0.013482 0.164237 -4.938944 0.000000 0.000000 0.000000 1.000000
0.176389 -0.050310 -0.983034 -3.476588 -0.005541 0.998626 -0.052102 104.273071 0.984305 0.014637 0.175868 -4.909587 0.000000 0.000000 0.000000 1.000000
0.188456 -0.050776 -0.980768 -3.685443 -0.006004 0.998584 -0.052852 104.365303 0.982063 0.015849 0.187884 -4.874577 0.000000 0.000000 0.000000 1.000000
0.201877 -0.051418 -0.978060 -3.888975 -0.006616 0.998527 -0.053859 104.452950 0.979389 0.017344 0.201239 -4.841774 0.000000 0.000000 0.000000 1.000000
0.218221 -0.052673 -0.974477 -4.071142 -0.007539 0.998422 -0.055656 104.530029 0.975870 0.019492 0.217479 -4.804546 0.000000 0.000000 0.000000 1.000000
0.239016 -0.054026 -0.969512 -4.249360 -0.009011 0.998285 -0.057851 104.587044 0.970974 0.022563 0.238119 -4.780324 0.000000 0.000000 0.000000 1.000000
0.271818 -0.054294 -0.960816 -4.467276 -0.012240 0.998131 -0.059866 104.588707 0.962271 0.028033 0.270646 -4.832586 0.000000 0.000000 0.000000 1.000000
0.328580 -0.051975 -0.943045 -4.811179 -0.013987 0.998107 -0.059883 104.565369 0.944372 0.032866 0.327232 -5.076965 0.000000 0.000000 0.000000 1.000000
0.386619 -0.049216 -0.920925 -5.166875 -0.015106 0.998103 -0.059682 104.540436 0.922116 0.036986 0.385142 -5.341619 0.000000 0.000000 0.000000 1.000000
0.444572 -0.046217 -0.894550 -5.530949 -0.015560 0.998119 -0.059301 104.513374 0.895608 0.040283 0.443017 -5.617616 0.000000 0.000000 0.000000 1.000000
0.501149 -0.043160 -0.864284 -5.899983 -0.015436 0.998151 -0.058795 104.483658 0.865223 0.042806 0.499556 -5.896028 0.000000 0.000000 0.000000 1.000000
0.555174 -0.040182 -0.830763 -6.270564 -0.014948 0.998189 -0.058269 104.450783 0.831600 0.044768 0.553568 -6.167923 0.000000 0.000000 0.000000 1.000000
0.607679 -0.037400 -0.793301 -6.688562 -0.014365 0.998210 -0.058064 104.380867 0.794052 0.046680 0.606054 -6.426552 0.000000 0.000000 0.000000 1.000000
0.658370 -0.033284 -0.751958 -7.087400 -0.014492 0.998276 -0.056875 104.328506 0.752555 0.048342 0.656752 -6.620365 0.000000 0.000000 0.000000 1.000000
0.705476 -0.029530 -0.708118 -7.473325 -0.014213 0.998341 -0.055793 104.279373 0.708591 0.049425 0.703886 -6.778737 0.000000 0.000000 0.000000 1.000000
0.747783 -0.027512 -0.663373 -7.838107 -0.012432 0.998386 -0.055419 104.229240 0.663827 0.049688 0.746234 -6.884391 0.000000 0.000000 0.000000 1.000000
0.785757 -0.026216 -0.617979 -8.188942 -0.009976 0.998434 -0.055041 104.178085 0.618454 0.049414 0.784265 -6.957447 0.000000 0.000000 0.000000 1.000000
0.817282 -0.025042 -0.575694 -8.514925 -0.007762 0.998486 -0.054451 104.121056 0.576186 0.048971 0.815850 -6.981314 0.000000 0.000000 0.000000 1.000000
0.843038 -0.024122 -0.537314 -8.831062 -0.005575 0.998548 -0.053576 104.047409 0.537826 0.048162 0.841679 -6.966962 0.000000 0.000000 0.000000 1.000000
0.863134 -0.024781 -0.504366 -9.124319 -0.002175 0.998603 -0.052788 103.961990 0.504970 0.046661 0.861875 -6.909773 0.000000 0.000000 0.000000 1.000000
0.878413 -0.025167 -0.477239 -9.391439 0.000912 0.998699 -0.050988 103.897430 0.477901 0.044353 0.877293 -6.788926 0.000000 0.000000 0.000000 1.000000
0.888857 -0.025953 -0.457449 -9.616956 0.003415 0.998742 -0.050026 103.858109 0.458171 0.042903 0.887828 -6.579823 0.000000 0.000000 0.000000 1.000000
0.898115 -0.026854 -0.438939 -9.834283 0.005837 0.998774 -0.049161 103.823814 0.439721 0.041590 0.897171 -6.353294 0.000000 0.000000 0.000000 1.000000
0.906737 -0.027833 -0.420777 -10.045399 0.008209 0.998795 -0.048378 103.794296 0.421617 0.040412 0.905873 -6.112735 0.000000 0.000000 0.000000 1.000000
0.913950 -0.028906 -0.404797 -10.226116 0.010149 0.998776 -0.048406 103.788620 0.405701 0.040132 0.913125 -5.803160 0.000000 0.000000 0.000000 1.000000
0.920471 -0.030668 -0.389606 -10.390089 0.012562 0.998723 -0.048937 103.803001 0.390609 0.040151 0.919681 -5.438632 0.000000 0.000000 0.000000 1.000000
0.926603 -0.032468 -0.374637 -10.545614 0.014981 0.998662 -0.049496 103.821854 0.375743 0.040251 0.925849 -5.060491 0.000000 0.000000 0.000000 1.000000
0.932224 -0.033762 -0.360302 -10.675642 0.016861 0.998609 -0.049949 103.843010 0.361487 0.040489 0.931497 -4.669239 0.000000 0.000000 0.000000 1.000000
0.937647 -0.035376 -0.345785 -10.789490 0.018809 0.998514 -0.051149 103.858734 0.347080 0.041456 0.936919 -4.283204 0.000000 0.000000 0.000000 1.000000
0.942242 -0.037350 -0.332844 -10.880181 0.020760 0.998365 -0.053265 103.880875 0.334289 0.043278 0.941476 -3.902422 0.000000 0.000000 0.000000 1.000000
0.946237 -0.039173 -0.321094 -10.959655 0.022525 0.998210 -0.055401 103.908112 0.322689 0.045189 0.945426 -3.524535 0.000000 0.000000 0.000000 1.000000
0.948600 -0.040057 -0.313932 -11.006190 0.023318 0.998108 -0.056897 103.954399 0.315617 0.046652 0.947739 -3.155866 0.000000 0.000000 0.000000 1.000000
0.950307 -0.041261 -0.308568 -11.024285 0.024305 0.997986 -0.058595 104.033379 0.310364 0.048183 0.949396 -2.779824 0.000000 0.000000 0.000000 1.000000
0.951866 -0.042502 -0.303554 -11.036353 0.025315 0.997857 -0.060335 104.118515 0.305468 0.049746 0.950902 -2.402567 0.000000 0.000000 0.000000 1.000000
0.953299 -0.043589 -0.298865 -11.037309 0.026100 0.997718 -0.062263 104.204048 0.300897 0.051554 0.952262 -2.028018 0.000000 0.000000 0.000000 1.000000
0.954579 -0.044433 -0.294626 -11.020527 0.026487 0.997558 -0.064625 104.291382 0.296778 0.053886 0.953425 -1.656324 0.000000 0.000000 0.000000 1.000000
0.955745 -0.045118 -0.290717 -10.992633 0.026647 0.997385 -0.067186 104.379128 0.292988 0.056466 0.954447 -1.287336 0.000000 0.000000 0.000000 1.000000
0.956915 -0.045706 -0.286750 -10.968419 0.026846 0.997230 -0.069364 104.457359 0.289126 0.058677 0.955491 -0.924536 0.000000 0.000000 0.000000 1.000000
0.958106 -0.046132 -0.282675 -10.955825 0.027231 0.997145 -0.070435 104.505623 0.285117 0.059787 0.956626 -0.570250 0.000000 0.000000 0.000000 1.000000
0.959385 -0.046474 -0.278245 -10.950095 0.027641 0.997077 -0.071230 104.554924 0.280742 0.060646 0.957865 -0.235284 0.000000 0.000000 0.000000 1.000000
0.960913 -0.046858 -0.272856 -10.950550 0.027956 0.996958 -0.072755 104.644989 0.275435 0.062283 0.959300 0.066902 0.000000 0.000000 0.000000 1.000000
0.962431 -0.047241 -0.267385 -10.953574 0.028282 0.996833 -0.074320 104.746346 0.270049 0.063965 0.960719 0.355086 0.000000 0.000000 0.000000 1.000000
0.963546 -0.047678 -0.263261 -10.954368 0.028779 0.996754 -0.075187 104.839424 0.265991 0.064870 0.961790 0.640423 0.000000 0.000000 0.000000 1.000000
0.964081 -0.048042 -0.261229 -10.943539 0.029260 0.996730 -0.075323 104.899765 0.263993 0.064974 0.962334 0.913915 0.000000 0.000000 0.000000 1.000000
0.964568 -0.048412 -0.259353 -10.931091 0.029763 0.996712 -0.075358 104.954361 0.262149 0.064969 0.962838 1.190737 0.000000 0.000000 0.000000 1.000000
0.964926 -0.048737 -0.257960 -10.917940 0.030201 0.996700 -0.075340 105.010117 0.260781 0.064907 0.963214 1.453683 0.000000 0.000000 0.000000 1.000000
0.965070 -0.048965 -0.257376 -10.905000 0.030483 0.996694 -0.075315 105.073952 0.260213 0.064839 0.963372 1.685548 0.000000 0.000000 0.000000 1.000000
0.964981 -0.048995 -0.257704 -10.896512 0.030507 0.996697 -0.075259 105.158180 0.260540 0.064762 0.963288 1.877506 0.000000 0.000000 0.000000 1.000000
0.964702 -0.048886 -0.258766 -10.890656 0.030347 0.996710 -0.075160 105.255615 0.261589 0.064654 0.963012 2.040145 0.000000 0.000000 0.000000 1.000000
0.964249 -0.048816 -0.260461 -10.879255 0.030179 0.996721 -0.075083 105.343956 0.263272 0.064539 0.962560 2.185384 0.000000 0.000000 0.000000 1.000000
0.963636 -0.048971 -0.262691 -10.854127 0.030180 0.996719 -0.075100 105.400848 0.265507 0.064441 0.961953 2.325138 0.000000 0.000000 0.000000 1.000000
0.962818 -0.049550 -0.265568 -10.806822 0.030505 0.996689 -0.075368 105.391426 0.268423 0.064465 0.961142 2.461898 0.000000 0.000000 0.000000 1.000000
0.961694 -0.050419 -0.269449 -10.739963 0.031024 0.996643 -0.075764 105.339340 0.272365 0.064502 0.960030 2.581847 0.000000 0.000000 0.000000 1.000000
0.960191 -0.051262 -0.274601 -10.661986 0.031491 0.996615 -0.075934 105.310104 0.277565 0.064264 0.958555 2.672445 0.000000 0.000000 0.000000 1.000000
0.958329 -0.051970 -0.280901 -10.577072 0.031858 0.996622 -0.075698 105.325531 0.283886 0.063595 0.956747 2.731056 0.000000 0.000000 0.000000 1.000000
0.956197 -0.052650 -0.287949 -10.485194 0.032212 0.996643 -0.075264 105.357132 0.290945 0.062692 0.954683 2.769907 0.000000 0.000000 0.000000 1.000000
0.953822 -0.053303 -0.295604 -10.388484 0.032498 0.996665 -0.074856 105.394928 0.298608 0.061792 0.952373 2.798748 0.000000 0.000000 0.000000 1.000000
0.951233 -0.053940 -0.303721 -10.289070 0.032668 0.996671 -0.074693 105.428970 0.306739 0.061128 0.949829 2.827331 0.000000 0.000000 0.000000 1.000000
0.947123 -0.054533 -0.316204 -10.161711 0.031990 0.996590 -0.076054 105.454277 0.319273 0.061917 0.945638 2.830962 0.000000 0.000000 0.000000 1.000000
0.941092 -0.055653 -0.333539 -9.997647 0.031256 0.996458 -0.078073 105.467926 0.336703 0.063049 0.939498 2.820742 0.000000 0.000000 0.000000 1.000000
0.931259 -0.056752 -0.359911 -9.757979 0.031058 0.996564 -0.076780 105.338371 0.363032 0.060324 0.929822 2.716341 0.000000 0.000000 0.000000 1.000000
0.920580 -0.057681 -0.386270 -9.520274 0.030797 0.996675 -0.075435 105.206703 0.389337 0.057548 0.919296 2.612469 0.000000 0.000000 0.000000 1.000000
0.909059 -0.058448 -0.412548 -9.283031 0.030494 0.996790 -0.074027 105.072609 0.415550 0.054715 0.907923 2.508085 0.000000 0.000000 0.000000 1.000000
0.896702 -0.059060 -0.438676 -9.044746 0.030168 0.996908 -0.072550 104.935776 0.441605 0.051822 0.895712 2.402152 0.000000 0.000000 0.000000 1.000000
0.883523 -0.059522 -0.464591 -8.803918 0.029836 0.997030 -0.070998 104.795883 0.467437 0.048867 0.882675 2.293630 0.000000 0.000000 0.000000 1.000000
0.869539 -0.059843 -0.490226 -8.559045 0.029516 0.997154 -0.069370 104.652634 0.492982 0.045850 0.868831 2.181482 0.000000 0.000000 0.000000 1.000000
0.854773 -0.060026 -0.515520 -8.308624 0.029225 0.997280 -0.067662 104.505684 0.518179 0.042770 0.854202 2.064667 0.000000 0.000000 0.000000 1.000000
0.839253 -0.060077 -0.540413 -8.051153 0.028977 0.997407 -0.065878 104.354744 0.542969 0.039629 0.838817 1.942148 0.000000 0.000000 0.000000 1.000000
0.823011 -0.060000 -0.564847 -7.785131 0.028786 0.997533 -0.064019 104.199493 0.567295 0.036429 0.822708 1.812885 0.000000 0.000000 0.000000 1.000000
0.806086 -0.059802 -0.588769 -7.509055 0.028663 0.997659 -0.062090 104.039612 0.591104 0.033174 0.805913 1.675839 0.000000 0.000000 0.000000 1.000000
0.788134 -0.059533 -0.612618 -7.122617 0.029953 0.997842 -0.058434 103.807693 0.614775 0.027704 0.788216 1.434918 0.000000 0.000000 0.000000 1.000000
0.768350 -0.059371 -0.637270 -6.618399 0.031560 0.997992 -0.054927 103.520294 0.639251 0.022091 0.768681 1.125349 0.000000 0.000000 0.000000 1.000000
0.746085 -0.059325 -0.663202 -6.081749 0.031800 0.998061 -0.053506 103.240280 0.665091 0.018830 0.746525 0.844877 0.000000 0.000000 0.000000 1.000000
0.722071 -0.059196 -0.689281 -5.520138 0.031621 0.998115 -0.052594 102.953506 0.691096 0.016181 0.722582 0.562587 0.000000 0.000000 0.000000 1.000000
0.697865 -0.059217 -0.713777 -4.954574 0.031455 0.998149 -0.052056 102.670067 0.715538 0.013876 0.698436 0.281435 0.000000 0.000000 0.000000 1.000000
0.675244 -0.059606 -0.735182 -4.406069 0.031705 0.998154 -0.051806 102.400078 0.736913 0.011673 0.675887 0.004378 0.000000 0.000000 0.000000 1.000000
0.656386 -0.060853 -0.751967 -3.885505 0.032665 0.998099 -0.052258 102.153305 0.753717 0.009738 0.657126 -0.266854 0.000000 0.000000 0.000000 1.000000
0.640535 -0.062824 -0.765355 -3.382817 0.034177 0.997993 -0.053318 101.924454 0.767168 0.007995 0.641396 -0.532558 0.000000 0.000000 0.000000 1.000000
0.625015 -0.064724 -0.777925 -2.887595 0.035932 0.997886 -0.054156 101.701073 0.779785 0.005896 0.626020 -0.792818 0.000000 0.000000 0.000000 1.000000
0.611359 -0.066220 -0.788578 -2.426231 0.039282 0.997804 -0.053335 101.500862 0.790378 0.001631 0.612617 -1.025886 0.000000 0.000000 0.000000 1.000000
0.598274 -0.068426 -0.798365 -2.035143 0.043724 0.997651 -0.052740 101.335266 0.800098 -0.003355 0.599860 -1.196971 0.000000 0.000000 0.000000 1.000000
0.585281 -0.070553 -0.807755 -1.661668 0.048134 0.997473 -0.052248 101.178543 0.809401 -0.008301 0.587198 -1.351820 0.000000 0.000000 0.000000 1.000000
0.574255 -0.071307 -0.815565 -1.359194 0.051817 0.997368 -0.050717 101.059853 0.817035 -0.013135 0.576439 -1.432860 0.000000 0.000000 0.000000 1.000000
0.565210 -0.070615 -0.821919 -1.125930 0.054787 0.997343 -0.048011 100.978119 0.823126 -0.017894 0.567577 -1.444783 0.000000 0.000000 0.000000 1.000000
0.556780 -0.069360 -0.827759 -0.918864 0.057493 0.997336 -0.044897 100.910027 0.828668 -0.022593 0.559285 -1.433701 0.000000 0.000000 0.000000 1.000000
0.548832 -0.067712 -0.833186 -0.729547 0.059987 0.997335 -0.041537 100.851440 0.833777 -0.027184 0.551431 -1.404167 0.000000 0.000000 0.000000 1.000000
0.541226 -0.065840 -0.838295 -0.549534 0.062315 0.997329 -0.038099 100.798241 0.838565 -0.031619 0.543884 -1.360732 0.000000 0.000000 0.000000 1.000000
0.533819 -0.063913 -0.843180 -0.370375 0.064515 0.997311 -0.034751 100.746284 0.843134 -0.035847 0.536507 -1.307948 0.000000 0.000000 0.000000 1.000000
0.526463 -0.062095 -0.847927 -0.183624 0.066618 0.997276 -0.031670 100.691467 0.847584 -0.039814 0.529165 -1.250367 0.000000 0.000000 0.000000 1.000000
0.523568 -0.060888 -0.849805 -0.005652 0.068037 0.997246 -0.029534 100.656387 0.849263 -0.042355 0.526269 -1.023620 0.000000 0.000000 0.000000 1.000000
0.522570 -0.060167 -0.850471 0.204935 0.069742 0.997181 -0.027693 100.640854 0.849739 -0.044842 0.525292 -0.652186 0.000000 0.000000 0.000000 1.000000</float_array>
        <technique_common>
          <accessor source="#mixamorig_Hips-Matrix-animation-output-transform-array" count="157" stride="16">
            <param type="float4x4"/>
          </accessor>
        </technique_common>
      </source>
      <source id="mixamorig_Hips-Interpolations">
        <Name_array id="mixamorig_Hips-Interpolations-array" count="157">
 LINEAR LINEAR LINEAR LINEAR LINEAR LINEAR LINEAR LINEAR LINEAR LINEAR LINEAR
LINEAR LINEAR LINEAR LINEAR LINEAR LINEAR LINEAR LINEAR LINEAR LINEAR LINEAR LINEAR
LINEAR LINEAR LINEAR LINEAR LINEAR LINEAR LINEAR LINEAR LINEAR LINEAR LINEAR LINEAR
LINEAR LINEAR LINEAR LINEAR LINEAR LINEAR LINEAR LINEAR LINEAR LINEAR LINEAR LINEAR
LINEAR LINEAR LINEAR LINEAR LINEAR LINEAR LINEAR LINEAR LINEAR LINEAR LINEAR LINEAR
LINEAR LINEAR LINEAR LINEAR LINEAR LINEAR LINEAR LINEAR LINEAR LINEAR LINEAR LINEAR
LINEAR LINEAR LINEAR LINEAR LINEAR LINEAR LINEAR LINEAR LINEAR LINEAR LINEAR LINEAR
LINEAR LINEAR LINEAR LINEAR LINEAR LINEAR LINEAR LINEAR LINEAR LINEAR LINEAR LINEAR
LINEAR LINEAR LINEAR LINEAR LINEAR LINEAR LINEAR LINEAR LINEAR LINEAR LINEAR LINEAR
LINEAR LINEAR LINEAR LINEAR LINEAR LINEAR LINEAR LINEAR LINEAR LINEAR LINEAR LINEAR
LINEAR LINEAR LINEAR LINEAR LINEAR LINEAR LINEAR LINEAR LINEAR LINEAR LINEAR LINEAR
LINEAR LINEAR LINEAR LINEAR LINEAR LINEAR LINEAR LINEAR LINEAR LINEAR LINEAR LINEAR
LINEAR LINEAR LINEAR LINEAR LINEAR LINEAR LINEAR LINEAR LINEAR LINEAR LINEAR LINEAR
LINEAR LINEAR</Name_array>
        <technique_common>
          <accessor source="#mixamorig_Hips-Interpolations-array" count="157">
            <param type="name"/>
          </accessor>
        </technique_common>
      </source>
      <sampler id="mixamorig_Hips-Matrix-animation-transform">
        <input semantic="INPUT" source="#mixamorig_Hips-Matrix-animation-input"/>
        <input semantic="OUTPUT" source="#mixamorig_Hips-Matrix-animation-output-transform"/>
        <input semantic="INTERPOLATION" source="#mixamorig_Hips-Interpolations"/>
      </sampler>
      <channel source="#mixamorig_Hips-Matrix-animation-transform" target="mixamorig_Hips/matrix"/>
    </animation>
    <animation id="mixamorig_Spine-anim" name="mixamorig_Spine">
      <source id="mixamorig_Spine-Matrix-animation-input">
        <float_array id="mixamorig_Spine-Matrix-animation-input-array" count="157">

0.000000 0.033333 0.066667 0.100000 0.133333 0.166667 0.200000 0.233333 0.266667 0.300000 0.333333 0.366667 0.400000 0.433333 0.466667 0.500000
0.533333 0.566667 0.600000 0.633333 0.666667 0.700000 0.733333 0.766667 0.800000 0.833333 0.866667 0.900000 0.933333 0.966667 1.000000 1.033333
1.066667 1.100000 1.133333 1.166667 1.200000 1.233333 1.266667 1.300000 1.333333 1.366667 1.400000 1.433333 1.466667 1.500000 1.533333 1.566667
1.600000 1.633333 1.666667 1.700000 1.733333 1.766667 1.800000 1.833333 1.866667 1.900000 1.933333 1.966667 2.000000 2.033333 2.066667 2.100000
2.133333 2.166667 2.200000 2.233333 2.266667 2.300000 2.333333 2.366667 2.400000 2.433333 2.466667 2.500000 2.533333 2.566667 2.600000 2.633333
2.666667 2.700000 2.733333 2.766667 2.800000 2.833333 2.866667 2.900000 2.933333 2.966667 3.000000 3.033333 3.066667 3.100000 3.133333 3.166667
3.200000 3.233333 3.266667 3.300000 3.333333 3.366667 3.400000 3.433333 3.466667 3.500000 3.533333 3.566667 3.600000 3.633333 3.666667 3.700000
3.733333 3.766667 3.800000 3.833333 3.866667 3.900000 3.933333 3.966667 4.000000 4.033333 4.066667 4.100000 4.133333 4.166667 4.200000 4.233333
4.266667 4.300000 4.333333 4.366667 4.400000 4.433333 4.466667 4.500000 4.533333 4.566667 4.600000 4.633333 4.666667 4.700000 4.733333 4.766667
4.800000 4.833333 4.866667 4.900000 4.933333 4.966667 5.000000 5.033333 5.066667 5.100000 5.133333 5.166667 5.200000</float_array>
        <technique_common>
          <accessor source="#mixamorig_Spine-Matrix-animation-input-array" count="157">
            <param name="TIME" type="float"/>
          </accessor>
        </technique_common>
      </source>
      <source id="mixamorig_Spine-Matrix-animation-output-transform">
        <float_array id="mixamorig_Spine-Matrix-animation-output-transform-array" count="2512">

0.998816 0.048625 0.001208 0.000000 -0.047275 0.976313 -0.211137 8.536500 -0.011446 0.210830 0.977456 0.187100 0.000000 0.000000 0.000000 1.000000
0.998825 0.048446 0.001106 0.000000 -0.047125 0.976391 -0.210806 8.536500 -0.011293 0.210507 0.977527 0.187100 0.000000 0.000000 0.000000 1.000000
0.998843 0.048091 0.000854 0.000000 -0.046841 0.976603 -0.209886 8.536500 -0.010928 0.209603 0.977726 0.187100 0.000000 0.000000 0.000000 1.000000
0.998856 0.047813 0.000492 -0.000000 -0.046661 0.976944 -0.208336 8.536500 -0.010442 0.208075 0.978057 0.187100 0.000000 0.000000 0.000000 1.000000
0.998864 0.047647 0.000116 -0.000000 -0.046596 0.977323 -0.206563 8.536500 -0.009956 0.206323 0.978433 0.187100 0.000000 0.000000 0.000000 1.000000
0.998849 0.047964 -0.000213 0.000000 -0.046996 0.977781 -0.204296 8.536500 -0.009591 0.204070 0.978909 0.187100 0.000000 0.000000 0.000000 1.000000
0.998768 0.049624 -0.000467 -0.000000 -0.048704 0.978373 -0.201034 8.536500 -0.009519 0.200810 0.979584 0.187100 0.000000 0.000000 0.000000 1.000000
0.998711 0.050746 -0.000743 -0.000000 -0.049896 0.979083 -0.197246 8.536500 -0.009282 0.197029 0.980354 0.187100 0.000000 0.000000 0.000000 1.000000
0.998649 0.051947 -0.001510 0.000000 -0.051254 0.979693 -0.193841 8.536500 -0.008590 0.193657 0.981032 0.187100 0.000000 0.000000 0.000000 1.000000
0.998591 0.052967 -0.003218 0.000000 -0.052605 0.980143 -0.191185 8.536500 -0.006972 0.191085 0.981549 0.187100 0.000000 0.000000 0.000000 1.000000
0.998602 0.052589 -0.005429 -0.000000 -0.052662 0.980405 -0.189822 8.536500 -0.004660 0.189842 0.981804 0.187100 0.000000 0.000000 0.000000 1.000000
0.998673 0.050945 -0.007526 0.000000 -0.051450 0.980754 -0.188348 8.536500 -0.002214 0.188485 0.982074 0.187100 0.000000 0.000000 0.000000 1.000000
0.998780 0.048448 -0.009516 0.000000 -0.049372 0.981423 -0.185394 8.536500 0.000357 0.185638 0.982618 0.187100 0.000000 0.000000 0.000000 1.000000
0.998921 0.044901 -0.011828 0.000000 -0.046306 0.982159 -0.182263 8.536500 0.003433 0.182614 0.983179 0.187100 0.000000 0.000000 0.000000 1.000000
0.999037 0.041262 -0.014928 -0.000000 -0.043278 0.982699 -0.180085 8.536500 0.007239 0.180557 0.983538 0.187100 0.000000 0.000000 0.000000 1.000000
0.999131 0.037743 -0.017705 -0.000000 -0.040297 0.983172 -0.178182 8.536500 0.010682 0.178740 0.983838 0.187100 0.000000 0.000000 0.000000 1.000000
0.999195 0.034939 -0.019730 0.000000 -0.037862 0.983779 -0.175346 8.536500 0.013284 0.175952 0.984309 0.187100 0.000000 0.000000 0.000000 1.000000
0.999239 0.032424 -0.021694 -0.000000 -0.035676 0.984481 -0.171826 8.536500 0.015786 0.172469 0.984888 0.187100 0.000000 0.000000 0.000000 1.000000
0.999296 0.029441 -0.023238 0.000000 -0.032949 0.985089 -0.168859 8.536500 0.017920 0.169506 0.985366 0.187100 0.000000 0.000000 0.000000 1.000000
0.999362 0.027136 -0.023220 0.000000 -0.030627 0.985588 -0.166369 8.536500 0.018371 0.166974 0.985790 0.187100 0.000000 0.000000 0.000000 1.000000
0.999425 0.024906 -0.022989 0.000000 -0.028344 0.986064 -0.163934 8.536500 0.018586 0.164491 0.986203 0.187100 0.000000 0.000000 0.000000 1.000000
0.999484 0.022761 -0.022685 0.000000 -0.026133 0.986518 -0.161550 8.536500 0.018702 0.162059 0.986604 0.187100 0.000000 0.000000 0.000000 1.000000
0.999533 0.020711 -0.022447 0.000000 -0.024026 0.986952 -0.159215 8.536500 0.018856 0.159680 0.986989 0.187100 0.000000 0.000000 0.000000 1.000000
0.999561 0.019456 -0.022359 0.000000 -0.022736 0.987287 -0.157311 8.536500 0.019015 0.157751 0.987296 0.187100 0.000000 0.000000 0.000000 1.000000
0.999562 0.018745 -0.022914 0.000000 -0.022083 0.987608 -0.155380 8.536500 0.019717 0.155818 0.987589 0.187100 0.000000 0.000000 0.000000 1.000000
0.999554 0.018186 -0.023708 0.000000 -0.021620 0.987877 -0.153728 8.536500 0.020625 0.154172 0.987829 0.187100 0.000000 0.000000 0.000000 1.000000
0.999549 0.017398 -0.024475 0.000000 -0.020928 0.988109 -0.152327 8.536500 0.021534 0.152770 0.988027 0.187100 0.000000 0.000000 0.000000 1.000000
0.999543 0.016568 -0.025292 -0.000000 -0.020202 0.988332 -0.150971 8.536500 0.022495 0.151413 0.988215 0.187100 0.000000 0.000000 0.000000 1.000000
0.999528 0.015756 -0.026380 0.000000 -0.019531 0.988555 -0.149590 8.536500 0.023721 0.150034 0.988396 0.187100 0.000000 0.000000 0.000000 1.000000
0.999506 0.015300 -0.027449 -0.000000 -0.019210 0.988749 -0.148348 8.536500 0.024871 0.148802 0.988554 0.187100 0.000000 0.000000 0.000000 1.000000
0.999492 0.014887 -0.028182 0.000000 -0.018889 0.988876 -0.147539 8.536500 0.025672 0.147997 0.988655 0.187100 0.000000 0.000000 0.000000 1.000000
0.999488 0.014660 -0.028430 0.000000 -0.018682 0.988990 -0.146800 8.536500 0.025965 0.147256 0.988758 0.187100 0.000000 0.000000 0.000000 1.000000
0.999462 0.014611 -0.029349 -0.000000 -0.018752 0.989079 -0.146188 8.536500 0.026893 0.146659 0.988821 0.187100 0.000000 0.000000 0.000000 1.000000
0.999433 0.014569 -0.030369 0.000000 -0.018844 0.989166 -0.145584 8.536500 0.027919 0.146073 0.988880 0.187100 0.000000 0.000000 0.000000 1.000000
0.999400 0.014590 -0.031408 0.000000 -0.018999 0.989248 -0.145011 8.536500 0.028955 0.145521 0.988931 0.187100 0.000000 0.000000 0.000000 1.000000
0.999367 0.014729 -0.032385 -0.000000 -0.019263 0.989318 -0.144494 8.536500 0.029911 0.145026 0.988976 0.187100 0.000000 0.000000 0.000000 1.000000
0.999333 0.014992 -0.033302 0.000000 -0.019642 0.989379 -0.144025 8.536500 0.030789 0.144583 0.989014 0.187100 0.000000 0.000000 0.000000 1.000000
0.999297 0.015328 -0.034211 -0.000000 -0.020092 0.989435 -0.143580 8.536500 0.031649 0.144167 0.989047 0.187100 0.000000 0.000000 0.000000 1.000000
0.999260 0.015709 -0.035104 0.000000 -0.020584 0.989486 -0.143156 8.536500 0.032486 0.143772 0.989077 0.187100 0.000000 0.000000 0.000000 1.000000
0.999223 0.016105 -0.035973 0.000000 -0.021088 0.989535 -0.142747 8.536500 0.033298 0.143395 0.989105 0.187100 0.000000 0.000000 0.000000 1.000000
0.999186 0.016487 -0.036811 0.000000 -0.021573 0.989581 -0.142350 8.536500 0.034080 0.143028 0.989132 0.187100 0.000000 0.000000 0.000000 1.000000
0.999151 0.016826 -0.037609 0.000000 -0.022009 0.989628 -0.141960 8.536500 0.034830 0.142668 0.989158 0.187100 0.000000 0.000000 0.000000 1.000000
0.999142 0.016874 -0.037824 0.000000 -0.022081 0.989649 -0.141800 8.536500 0.035040 0.142513 0.989172 0.187100 0.000000 0.000000 0.000000 1.000000
0.999151 0.016760 -0.037633 0.000000 -0.021931 0.989695 -0.141503 8.536500 0.034873 0.142209 0.989222 0.187100 0.000000 0.000000 0.000000 1.000000
0.999142 0.016641 -0.037918 0.000000 -0.021857 0.989683 -0.141595 8.536500 0.035170 0.142303 0.989198 0.187100 0.000000 0.000000 0.000000 1.000000
0.999129 0.016529 -0.038318 -0.000000 -0.021813 0.989644 -0.141879 8.536500 0.035576 0.142591 0.989142 0.187100 0.000000 0.000000 0.000000 1.000000
0.999111 0.016453 -0.038817 0.000000 -0.021841 0.989520 -0.142733 8.536500 0.036062 0.143454 0.989000 0.187100 0.000000 0.000000 0.000000 1.000000
0.999116 0.016105 -0.038836 0.000000 -0.021524 0.989426 -0.143434 8.536500 0.036116 0.144143 0.988898 0.187100 0.000000 0.000000 0.000000 1.000000
0.999145 0.015830 -0.038202 -0.000000 -0.021171 0.989391 -0.143726 8.536500 0.035521 0.144412 0.988880 0.187100 0.000000 0.000000 0.000000 1.000000
0.999171 0.015967 -0.037448 0.000000 -0.021206 0.989354 -0.143979 8.536500 0.034751 0.144653 0.988872 0.187100 0.000000 0.000000 0.000000 1.000000
0.999196 0.016152 -0.036684 0.000000 -0.021288 0.989315 -0.144230 8.536500 0.033962 0.144895 0.988864 0.187100 0.000000 0.000000 0.000000 1.000000
0.999221 0.016359 -0.035912 0.000000 -0.021389 0.989277 -0.144478 8.536500 0.033163 0.145134 0.988856 0.187100 0.000000 0.000000 0.000000 1.000000
0.999245 0.016560 -0.035136 0.000000 -0.021483 0.989240 -0.144719 8.536500 0.032361 0.145364 0.988849 0.187100 0.000000 0.000000 0.000000 1.000000
0.999270 0.016727 -0.034359 -0.000000 -0.021542 0.989205 -0.144949 8.536500 0.031563 0.145583 0.988842 0.187100 0.000000 0.000000 0.000000 1.000000
0.999298 0.016667 -0.033543 0.000000 -0.021367 0.989192 -0.145064 8.536500 0.030763 0.145679 0.988854 0.187100 0.000000 0.000000 0.000000 1.000000
0.999324 0.016622 -0.032793 0.000000 -0.021222 0.989155 -0.145331 8.536500 0.030022 0.145929 0.988839 0.187100 0.000000 0.000000 0.000000 1.000000
0.999343 0.016578 -0.032225 -0.000000 -0.021104 0.989116 -0.145614 8.536500 0.029460 0.146199 0.988816 0.187100 0.000000 0.000000 0.000000 1.000000
0.999357 0.016621 -0.031763 0.000000 -0.021083 0.989096 -0.145757 8.536500 0.028994 0.146333 0.988810 0.187100 0.000000 0.000000 0.000000 1.000000
0.999370 0.016681 -0.031320 0.000000 -0.021081 0.989079 -0.145870 8.536500 0.028545 0.146438 0.988808 0.187100 0.000000 0.000000 0.000000 1.000000
0.999383 0.016744 -0.030871 -0.000000 -0.021079 0.989071 -0.145928 8.536500 0.028090 0.146488 0.988813 0.187100 0.000000 0.000000 0.000000 1.000000
0.999396 0.016805 -0.030412 0.000000 -0.021071 0.989074 -0.145906 8.536500 0.027628 0.146459 0.988831 0.187100 0.000000 0.000000 0.000000 1.000000
0.999409 0.016868 -0.029946 0.000000 -0.021064 0.989085 -0.145830 8.536500 0.027159 0.146374 0.988856 0.187100 0.000000 0.000000 0.000000 1.000000
0.999422 0.016943 -0.029457 0.000000 -0.021064 0.989098 -0.145744 8.536500 0.026667 0.146280 0.988884 0.187100 0.000000 0.000000 0.000000 1.000000
0.999438 0.017075 -0.028851 0.000000 -0.021102 0.989114 -0.145628 8.536500 0.026050 0.146155 0.988919 0.187100 0.000000 0.000000 0.000000 1.000000
