<?xml version="1.0" encoding="utf-8"?>
<COLLADA xmlns="http://www.collada.org/2005/11/COLLADASchema" version="1.4.1">
  <asset>
    <contributor>
      <author>Mixamo</author>
      <authoring_tool>COLLADA Mixamo exporter</authoring_tool>
      <comments/>
    </contributor>
    <created>2025-11-14T05:17:41Z</created>
    <modified>2025-11-14T05:17:41Z</modified>
    <revision/>
    <title/>
    <unit meter="0.010000"/>
    <up_axis>Y_UP</up_axis>
  </asset>
  <library_animations>
    <animation id="mixamorig_Hips-anim" name="mixamorig_Hips">
      <source id="mixamorig_Hips-Matrix-animation-input">
        <float_array id="mixamorig_Hips-Matrix-animation-input-array" count="23">

0.000000 0.033333 0.066667 0.100000 0.133333 0.166667 0.200000 0.233333 0.266667 0.300000 0.333333 0.366667 0.400000 0.433333 0.466667 0.500000
0.533333 0.566667 0.600000 0.633333 0.666667 0.700000 0.733333</float_array>
        <technique_common>
          <accessor source="#mixamorig_Hips-Matrix-animation-input-array" count="23">
            <param name="TIME" type="float"/>
          </accessor>
        </technique_common>
      </source>
      <source id="mixamorig_Hips-Matrix-animation-output-transform">
        <float_array id="mixamorig_Hips-Matrix-animation-output-transform-array" count="368">

0.918144 0.000562 -0.396248 0.059611 -0.083645 0.977740 -0.192428 100.357819 0.387319 0.209821 0.897752 -0.043592 0.000000 0.000000 0.000000 1.000000
0.909809 -0.033637 -0.413662 -0.201160 -0.069520 0.970276 -0.231800 99.492172 0.409164 0.239652 0.880427 14.769071 0.000000 0.000000 0.000000 1.000000
0.903374 -0.066234 -0.423707 -0.387302 -0.057196 0.960567 -0.272103 99.784485 0.425022 0.270045 0.863963 30.093241 0.000000 0.000000 0.000000 1.000000
0.914624 -0.093055 -0.393450 -0.451601 -0.035360 0.951013 -0.307122 101.097122 0.402755 0.294813 0.866529 45.569286 0.000000 0.000000 0.000000 1.000000
0.931567 -0.107429 -0.347335 -0.402793 -0.015004 0.943174 -0.331962 102.916328 0.363259 0.314456 0.877018 61.171394 0.000000 0.000000 0.000000 1.000000
0.934724 -0.072020 -0.347999 0.190967 -0.046661 0.945899 -0.321089 104.205254 0.352297 0.316368 0.880794 76.392227 0.000000 0.000000 0.000000 1.000000
0.925918 -0.021568 -0.377109 0.946810 -0.091076 0.956164 -0.278307 103.959488 0.366581 0.292035 0.883365 90.222160 0.000000 0.000000 0.000000 1.000000
0.924149 -0.022575 -0.381366 1.140510 -0.078588 0.965669 -0.247603 102.576218 0.373862 0.258793 0.890648 103.702660 0.000000 0.000000 0.000000 1.000000
0.936592 -0.067827 -0.343794 1.141696 -0.017842 0.970586 -0.240093 101.028748 0.349967 0.231003 0.907833 116.275574 0.000000 0.000000 0.000000 1.000000
0.940389 -0.117499 -0.319159 1.337523 0.040599 0.970498 -0.237666 99.770752 0.337669 0.210541 0.917416 128.667313 0.000000 0.000000 0.000000 1.000000
0.932250 -0.131751 -0.336975 1.815691 0.035924 0.960448 -0.276131 99.188324 0.360028 0.245318 0.900111 142.672440 0.000000 0.000000 0.000000 1.000000
0.919181 -0.116451 -0.376226 2.190835 0.007701 0.960417 -0.278458 99.654236 0.393760 0.253056 0.883694 156.741241 0.000000 0.000000 0.000000 1.000000
0.922593 -0.062738 -0.380639 2.413523 -0.034628 0.969236 -0.243684 100.833069 0.384217 0.238002 0.892038 171.735138 0.000000 0.000000 0.000000 1.000000
0.926298 -0.011168 -0.376625 2.559001 -0.074005 0.974699 -0.210916 102.199066 0.369452 0.223243 0.902035 187.149429 0.000000 0.000000 0.000000 1.000000
0.925393 0.015983 -0.378671 2.606359 -0.098775 0.974754 -0.200243 103.721817 0.365911 0.222707 0.903610 203.174637 0.000000 0.000000 0.000000 1.000000
0.924360 0.026917 -0.380571 2.564245 -0.111256 0.973170 -0.201399 105.165825 0.364940 0.228506 0.902554 219.406845 0.000000 0.000000 0.000000 1.000000
0.927364 -0.000632 -0.374159 2.302231 -0.090107 0.970190 -0.224972 105.860313 0.363148 0.242345 0.899662 235.390747 0.000000 0.000000 0.000000 1.000000
0.931091 -0.033741 -0.363223 1.850981 -0.058996 0.968677 -0.241215 105.744438 0.359984 0.246021 0.899936 250.812225 0.000000 0.000000 0.000000 1.000000
0.935737 -0.042268 -0.350156 1.489701 -0.037253 0.975395 -0.217294 104.984474 0.350725 0.216374 0.911139 265.267944 0.000000 0.000000 0.000000 1.000000
0.940078 -0.012883 -0.340716 1.136729 -0.047409 0.984640 -0.168036 103.911606 0.337648 0.174120 0.925028 279.544739 0.000000 0.000000 0.000000 1.000000
0.936523 0.016468 -0.350218 0.779997 -0.072392 0.986454 -0.147199 103.050606 0.343050 0.163209 0.925029 292.601562 0.000000 0.000000 0.000000 1.000000
0.927819 0.011306 -0.372859 0.344070 -0.078870 0.982890 -0.166456 101.781181 0.364597 0.183849 0.912835 303.865204 0.000000 0.000000 0.000000 1.000000
0.918144 0.000562 -0.396248 0.059620 -0.083645 0.977740 -0.192428 100.357803 0.387319 0.209821 0.897752 316.137909 0.000000 0.000000 0.000000 1.000000</float_array>
        <technique_common>
          <accessor source="#mixamorig_Hips-Matrix-animation-output-transform-array" count="23" stride="16">
            <param type="float4x4"/>
          </accessor>
        </technique_common>
      </source>
      <source id="mixamorig_Hips-Interpolations">
        <Name_array id="mixamorig_Hips-Interpolations-array" count="23">
 LINEAR LINEAR LINEAR LINEAR LINEAR LINEAR LINEAR LINEAR LINEAR LINEAR LINEAR
LINEAR LINEAR LINEAR LINEAR LINEAR LINEAR LINEAR LINEAR LINEAR LINEAR LINEAR LINEAR</Name_array>
        <technique_common>
          <accessor source="#mixamorig_Hips-Interpolations-array" count="23">
            <param type="name"/>
          </accessor>
        </technique_common>
      </source>
      <sampler id="mixamorig_Hips-Matrix-animation-transform">
        <input semantic="INPUT" source="#mixamorig_Hips-Matrix-animation-input"/>
        <input semantic="OUTPUT" source="#mixamorig_Hips-Matrix-animation-output-transform"/>
        <input semantic="INTERPOLATION" source="#mixamorig_Hips-Interpolations"/>
      </sampler>
      <channel source="#mixamorig_Hips-Matrix-animation-transform" target="mixamorig_Hips/matrix"/>
    </animation>
    <animation id="mixamorig_Spine-anim" name="mixamorig_Spine">
      <source id="mixamorig_Spine-Matrix-animation-input">
        <float_array id="mixamorig_Spine-Matrix-animation-input-array" count="23">

0.000000 0.033333 0.066667 0.100000 0.133333 0.166667 0.200000 0.233333 0.266667 0.300000 0.333333 0.366667 0.400000 0.433333 0.466667 0.500000
0.533333 0.566667 0.600000 0.633333 0.666667 0.700000 0.733333</float_array>
        <technique_common>
          <accessor source="#mixamorig_Spine-Matrix-animation-input-array" count="23">
            <param name="TIME" type="float"/>
          </accessor>
        </technique_common>
      </source>
      <source id="mixamorig_Spine-Matrix-animation-output-transform">
        <float_array id="mixamorig_Spine-Matrix-animation-output-transform-array" count="368">

0.996376 0.011708 -0.084253 0.000000 -0.040784 0.934962 -0.352396 8.536500 0.074647 0.354555 0.932051 0.187100 0.000000 0.000000 0.000000 1.000000
0.995824 0.046968 -0.078288 0.000000 -0.071084 0.936990 -0.342047 8.536500 0.057290 0.346183 0.936416 0.187100 0.000000 0.000000 0.000000 1.000000
0.993905 0.078520 -0.077383 -0.000000 -0.098492 0.947786 -0.303315 8.536500 0.049527 0.309088 0.949743 0.187100 0.000000 0.000000 0.000000 1.000000
0.990560 0.110427 -0.081219 0.000000 -0.127584 0.959371 -0.251652 8.536500 0.050130 0.259639 0.964404 0.187100 0.000000 0.000000 0.000000 1.000000
0.987917 0.131808 -0.081528 -0.000000 -0.145900 0.968386 -0.202339 8.536500 0.052280 0.211789 0.975916 0.187100 0.000000 0.000000 0.000000 1.000000
0.992395 0.103753 -0.066238 0.000000 -0.114119 0.977182 -0.179145 8.536500 0.046140 0.185342 0.981590 0.187100 0.000000 0.000000 0.000000 1.000000
0.995465 0.078559 -0.053644 0.000000 -0.087320 0.978350 -0.187634 8.536500 0.037742 0.191468 0.980773 0.187100 0.000000 0.000000 0.000000 1.000000
0.990758 0.118459 -0.066081 -0.000000 -0.129486 0.971077 -0.200605 8.536500 0.040407 0.207308 0.977441 0.187100 0.000000 0.000000 0.000000 1.000000
0.976396 0.192624 -0.097712 0.000000 -0.210408 0.950450 -0.228853 8.536500 0.048788 0.244010 0.968545 0.187100 0.000000 0.000000 0.000000 1.000000
0.960759 0.248185 -0.123881 0.000000 -0.272787 0.926352 -0.259728 8.536500 0.050297 0.283329 0.957703 0.187100 0.000000 0.000000 0.000000 1.000000
0.964367 0.236570 -0.118455 0.000000 -0.256969 0.944079 -0.206594 8.536500 0.062957 0.229672 0.971230 0.187100 0.000000 0.000000 0.000000 1.000000
0.971953 0.206706 -0.112156 0.000000 -0.224520 0.957514 -0.180988 8.536500 0.069980 0.201094 0.977069 0.187100 0.000000 0.000000 0.000000 1.000000
0.984172 0.132380 -0.117820 0.000000 -0.153615 0.968760 -0.194694 8.536500 0.088366 0.209711 0.973762 0.187100 0.000000 0.000000 0.000000 1.000000
0.990798 0.055671 -0.123368 0.000000 -0.080877 0.974385 -0.209841 8.536500 0.108526 0.217888 0.969921 0.187100 0.000000 0.000000 0.000000 1.000000
0.991505 -0.003184 -0.130031 0.000000 -0.023790 0.978397 -0.205362 8.536500 0.127876 0.206710 0.970010 0.187100 0.000000 0.000000 0.000000 1.000000
0.989215 -0.047728 -0.138476 0.000000 0.021056 0.981939 -0.188025 8.536500 0.144949 0.183081 0.972353 0.187100 0.000000 0.000000 0.000000 1.000000
0.988005 -0.051167 -0.145701 -0.000000 0.031285 0.990267 -0.135616 8.536500 0.151222 0.129431 0.979990 0.187100 0.000000 0.000000 0.000000 1.000000
0.988343 -0.031503 -0.148948 0.000000 0.018944 0.996201 -0.085000 8.536500 0.151060 0.081187 0.985185 0.187100 0.000000 0.000000 0.000000 1.000000
0.989349 -0.027838 -0.142874 0.000000 0.013015 0.994528 -0.103652 8.536500 0.144978 0.100688 0.984298 0.187100 0.000000 0.000000 0.000000 1.000000
0.990119 -0.051450 -0.130448 0.000000 0.027012 0.982814 -0.182611 8.536500 0.137602 0.177283 0.974493 0.187100 0.000000 0.000000 0.000000 1.000000
0.991277 -0.073680 -0.109280 0.000000 0.041692 0.961865 -0.270329 8.536500 0.125030 0.263415 0.956546 0.187100 0.000000 0.000000 0.000000 1.000000
0.994502 -0.043142 -0.095414 0.000000 0.010068 0.946359 -0.322960 8.536500 0.104229 0.320224 0.941591 0.187100 0.000000 0.000000 0.000000 1.000000
0.996376 0.011707 -0.084253 0.000000 -0.040784 0.934962 -0.352396 8.536500 0.074648 0.354555 0.932051 0.187100 0.000000 0.000000 0.000000 1.000000</float_array>
        <technique_common>
          <accessor source="#mixamorig_Spine-Matrix-animation-output-transform-array" count="23" stride="16">
            <param type="float4x4"/>
          </accessor>
        </technique_common>
      </source>
      <source id="mixamorig_Spine-Interpolations">
        <Name_array id="mixamorig_Spine-Interpolations-array" count="23">
 LINEAR LINEAR LINEAR LINEAR LINEAR LINEAR LINEAR LINEAR LINEAR LINEAR LINEAR
LINEAR LINEAR LINEAR LINEAR LINEAR LINEAR LINEAR LINEAR LINEAR LINEAR LINEAR LINEAR</Name_array>
        <technique_common>
          <accessor source="#mixamorig_Spine-Interpolations-array" count="23">
            <param type="name"/>
          </accessor>
        </technique_common>
      </source>
      <sampler id="mixamorig_Spine-Matrix-animation-transform">
        <input semantic="INPUT" source="#mixamorig_Spine-Matrix-animation-input"/>
        <input semantic="OUTPUT" source="#mixamorig_Spine-Matrix-animation-output-transform"/>
        <input semantic="INTERPOLATION" source="#mixamorig_Spine-Interpolations"/>
      </sampler>
      <channel source="#mixamorig_Spine-Matrix-animation-transform" target="mixamorig_Spine/matrix"/>
    </animation>
    <animation id="mixamorig_Spine1-anim" name="mixamorig_Spine1">
      <source id="mixamorig_Spine1-Matrix-animation-input">
        <float_array id="mixamorig_Spine1-Matrix-animation-input-array" count="23">

0.000000 0.033333 0.066667 0.100000 0.133333 0.166667 0.200000 0.233333 0.266667 0.300000 0.333333 0.366667 0.400000 0.433333 0.466667 0.500000
0.533333 0.566667 0.600000 0.633333 0.666667 0.700000 0.733333</float_array>
        <technique_common>
          <accessor source="#mixamorig_Spine1-Matrix-animation-input-array" count="23">
            <param name="TIME" type="float"/>
          </accessor>
        </technique_common>
      </source>
      <source id="mixamorig_Spine1-Matrix-animation-output-transform">
        <float_array id="mixamorig_Spine1-Matrix-animation-output-transform-array" count="368">

0.995425 -0.041743 -0.085944 -0.000000 0.041643 0.999128 -0.002959 9.685800 0.085993 -0.000634 0.996296 -0.000000 0.000000 0.000000 0.000000 1.000000
0.996894 -0.030361 -0.072670 0.000000 0.030376 0.999538 -0.000895 9.685800 0.072664 -0.001315 0.997356 -0.000000 0.000000 0.000000 0.000000 1.000000
0.997615 -0.024485 -0.064537 0.000000 0.024998 0.999662 0.007152 9.685800 0.064340 -0.008748 0.997890 -0.000000 0.000000 0.000000 0.000000 1.000000
0.997466 -0.035878 -0.061443 0.000000 0.036850 0.999212 0.014756 9.685800 0.060865 -0.016983 0.998002 0.000000 0.000000 0.000000 0.000000 1.000000
0.997119 -0.040852 -0.063914 -0.000000 0.042167 0.998923 0.019370 9.685800 0.063054 -0.022010 0.997767 -0.000000 0.000000 0.000000 0.000000 1.000000
0.997599 -0.040701 -0.056036 0.000000 0.041532 0.999043 0.013745 9.685800 0.055423 -0.016039 0.998334 0.000000 0.000000 0.000000 0.000000 1.000000
0.997873 -0.045093 -0.047069 0.000000 0.045353 0.998961 0.004466 9.685800 0.046818 -0.006591 0.998882 0.000000 0.000000 0.000000 0.000000 1.000000
0.997221 -0.052316 -0.053035 -0.000000 0.052436 0.998624 0.000862 9.685800 0.052917 -0.003641 0.998592 -0.000000 0.000000 0.000000 0.000000 1.000000
0.995361 -0.066399 -0.069625 -0.000000 0.067166 0.997704 0.008734 9.685800 0.068885 -0.013370 0.997535 -0.000000 0.000000 0.000000 0.000000 1.000000
0.994161 -0.069998 -0.082117 0.000000 0.071143 0.997404 0.011097 9.685800 0.081127 -0.016874 0.996561 0.000000 0.000000 0.000000 0.000000 1.000000
0.994197 -0.063852 -0.086579 -0.000000 0.063487 0.997958 -0.006964 9.685800 0.086847 0.001427 0.996221 0.000000 0.000000 0.000000 0.000000 1.000000
0.994145 -0.060506 -0.089521 0.000000 0.059058 0.998079 -0.018737 9.685800 0.090482 0.013340 0.995809 0.000000 0.000000 0.000000 0.000000 1.000000
0.993298 -0.051227 -0.103611 0.000000 0.048902 0.998494 -0.024853 9.685800 0.104728 0.019620 0.994307 0.000000 0.000000 0.000000 0.000000 1.000000
0.991973 -0.043372 -0.118776 0.000000 0.040336 0.998798 -0.027851 9.685800 0.119841 0.022837 0.992530 0.000000 0.000000 0.000000 0.000000 1.000000
0.990536 -0.041985 -0.130673 0.000000 0.038951 0.998911 -0.025684 9.685800 0.131609 0.020351 0.991093 -0.000000 0.000000 0.000000 0.000000 1.000000
0.989094 -0.043708 -0.140651 -0.000000 0.040799 0.998891 -0.023504 9.685800 0.141522 0.017509 0.989780 0.000000 0.000000 0.000000 0.000000 1.000000
0.988062 -0.050104 -0.145681 0.000000 0.046086 0.998462 -0.030823 9.685800 0.147002 0.023742 0.988851 0.000000 0.000000 0.000000 0.000000 1.000000
0.988155 -0.053021 -0.144007 0.000000 0.047704 0.998055 -0.040126 9.685800 0.145855 0.032781 0.988763 0.000000 0.000000 0.000000 0.000000 1.000000
0.989339 -0.041197 -0.139684 0.000000 0.036277 0.998635 -0.037590 9.685800 0.141042 0.032122 0.989482 0.000000 0.000000 0.000000 0.000000 1.000000
0.990426 -0.033103 -0.134015 -0.000000 0.030654 0.999324 -0.020297 9.685800 0.134596 0.015995 0.990771 0.000000 0.000000 0.000000 0.000000 1.000000
0.991759 -0.024699 -0.125713 0.000000 0.025631 0.999655 0.005802 9.685800 0.125526 -0.008976 0.992050 0.000000 0.000000 0.000000 0.000000 1.000000
0.993853 -0.022006 -0.108501 0.000000 0.023457 0.999651 0.012117 9.685800 0.108196 -0.014588 0.994023 0.000000 0.000000 0.000000 0.000000 1.000000
0.995425 -0.041743 -0.085945 0.000000 0.041643 0.999128 -0.002959 9.685800 0.085993 -0.000634 0.996296 0.000000 0.000000 0.000000 0.000000 1.000000</float_array>
        <technique_common>
          <accessor source="#mixamorig_Spine1-Matrix-animation-output-transform-array" count="23" stride="16">
            <param type="float4x4"/>
          </accessor>
        </technique_common>
      </source>
      <source id="mixamorig_Spine1-Interpolations">
        <Name_array id="mixamorig_Spine1-Interpolations-array" count="23">
 LINEAR LINEAR LINEAR LINEAR LINEAR LINEAR LINEAR LINEAR LINEAR LINEAR LINEAR
LINEAR LINEAR LINEAR LINEAR LINEAR LINEAR LINEAR LINEAR LINEAR LINEAR LINEAR LINEAR</Name_array>
        <technique_common>
          <accessor source="#mixamorig_Spine1-Interpolations-array" count="23">
            <param type="name"/>
          </accessor>
        </technique_common>
      </source>
      <sampler id="mixamorig_Spine1-Matrix-animation-transform">
        <input semantic="INPUT" source="#mixamorig_Spine1-Matrix-animation-input"/>
        <input semantic="OUTPUT" source="#mixamorig_Spine1-Matrix-animation-output-transform"/>
        <input semantic="INTERPOLATION" source="#mixamorig_Spine1-Interpolations"/>
      </sampler>
      <channel source="#mixamorig_Spine1-Matrix-animation-transform" target="mixamorig_Spine1/matrix"/>
    </animation>
    <animation id="mixamorig_Spine2-anim" name="mixamorig_Spine2">
      <source id="mixamorig_Spine2-Matrix-animation-input">
        <float_array id="mixamorig_Spine2-Matrix-animation-input-array" count="23">

0.000000 0.033333 0.066667 0.100000 0.133333 0.166667 0.200000 0.233333 0.266667 0.300000 0.333333 0.366667 0.400000 0.433333 0.466667 0.500000
0.533333 0.566667 0.600000 0.633333 0.666667 0.700000 0.733333</float_array>
        <technique_common>
          <accessor source="#mixamorig_Spine2-Matrix-animation-input-array" count="23">
            <param name="TIME" type="float"/>
          </accessor>
        </technique_common>
      </source>
      <source id="mixamorig_Spine2-Matrix-animation-output-transform">
        <float_array id="mixamorig_Spine2-Matrix-animation-output-transform-array" count="368">

0.995423 -0.044153 -0.084762 0.000000 0.045176 0.998927 0.010190 15.875400 0.084221 -0.013972 0.996349 -0.000000 0.000000 0.000000 0.000000 1.000000
0.996876 -0.034044 -0.071273 -0.000000 0.034965 0.999320 0.011712 15.875400 0.070826 -0.014168 0.997388 0.000000 0.000000 0.000000 0.000000 1.000000
0.997559 -0.028709 -0.063656 -0.000000 0.029981 0.999368 0.019118 15.875400 0.063067 -0.020979 0.997789 -0.000000 0.000000 0.000000 0.000000 1.000000
0.997240 -0.039011 -0.063170 0.000000 0.040719 0.998833 0.025975 15.875400 0.062083 -0.028476 0.997665 0.000000 0.000000 0.000000 0.000000 1.000000
0.996971 -0.042110 -0.065383 0.000000 0.044159 0.998567 0.030217 15.875400 0.064017 -0.033013 0.997403 0.000000 0.000000 0.000000 0.000000 1.000000
0.997553 -0.040831 -0.056748 -0.000000 0.042309 0.998789 0.025096 15.875400 0.055655 -0.027436 0.998073 -0.000000 0.000000 0.000000 0.000000 1.000000
0.997850 -0.045637 -0.047030 -0.000000 0.046435 0.998793 0.016020 15.875400 0.046242 -0.018169 0.998765 -0.000000 0.000000 0.000000 0.000000 1.000000
0.997224 -0.052636 -0.052674 -0.000000 0.053306 0.998513 0.011388 15.875400 0.051996 -0.014165 0.998547 -0.000000 0.000000 0.000000 0.000000 1.000000
0.995323 -0.067763 -0.068845 0.000000 0.068971 0.997501 0.015322 15.875400 0.067634 -0.019998 0.997510 0.000000 0.000000 0.000000 0.000000 1.000000
0.994088 -0.072875 -0.080489 0.000000 0.074205 0.997149 0.013661 15.875400 0.079264 -0.019553 0.996662 0.000000 0.000000 0.000000 0.000000 1.000000
0.994341 -0.064146 -0.084683 -0.000000 0.064036 0.997939 -0.004019 15.875400 0.084766 -0.001426 0.996400 0.000000 0.000000 0.000000 0.000000 1.000000
0.994392 -0.059435 -0.087478 0.000000 0.058376 0.998188 -0.014622 15.875400 0.088189 0.009434 0.996059 0.000000 0.000000 0.000000 0.000000 1.000000
0.993572 -0.049622 -0.101751 0.000000 0.048023 0.998682 -0.018101 15.875400 0.102516 0.013098 0.994645 0.000000 0.000000 0.000000 0.000000 1.000000
0.992227 -0.041580 -0.117288 0.000000 0.039708 0.999045 -0.018255 15.875400 0.117935 0.013456 0.992930 0.000000 0.000000 0.000000 0.000000 1.000000
0.990669 -0.040961 -0.129987 0.000000 0.039551 0.999127 -0.013417 15.875400 0.130423 0.008151 0.991425 -0.000000 0.000000 0.000000 0.000000 1.000000
0.989076 -0.042961 -0.141009 0.000000 0.042119 0.999072 -0.008952 15.875400 0.141263 0.002915 0.989968 0.000000 0.000000 0.000000 0.000000 1.000000
0.988029 -0.045760 -0.147326 0.000000 0.043946 0.998913 -0.015547 15.875400 0.147877 0.008886 0.988966 0.000000 0.000000 0.000000 0.000000 1.000000
0.988146 -0.045713 -0.146554 0.000000 0.042609 0.998797 -0.024256 15.875400 0.147487 0.017724 0.988905 0.000000 0.000000 0.000000 0.000000 1.000000
0.989306 -0.035625 -0.141436 -0.000000 0.032906 0.999227 -0.021518 15.875400 0.142093 0.016634 0.989713 0.000000 0.000000 0.000000 0.000000 1.000000
0.990491 -0.032202 -0.133758 -0.000000 0.031701 0.999480 -0.005878 15.875400 0.133878 0.001582 0.990997 -0.000000 0.000000 0.000000 0.000000 1.000000
0.992112 -0.028897 -0.121979 0.000000 0.031746 0.999265 0.021473 15.875400 0.121269 -0.025176 0.992300 0.000000 0.000000 0.000000 0.000000 1.000000
0.994094 -0.028412 -0.104740 0.000000 0.031508 0.999111 0.028023 15.875400 0.103851 -0.031158 0.994105 0.000000 0.000000 0.000000 0.000000 1.000000
0.995422 -0.044153 -0.084762 0.000000 0.045176 0.998927 0.010190 15.875400 0.084221 -0.013972 0.996349 -0.000000 0.000000 0.000000 0.000000 1.000000</float_array>
        <technique_common>
          <accessor source="#mixamorig_Spine2-Matrix-animation-output-transform-array" count="23" stride="16">
            <param type="float4x4"/>
          </accessor>
        </technique_common>
      </source>
      <source id="mixamorig_Spine2-Interpolations">
        <Name_array id="mixamorig_Spine2-Interpolations-array" count="23">
 LINEAR LINEAR LINEAR LINEAR LINEAR LINEAR LINEAR LINEAR LINEAR LINEAR LINEAR
LINEAR LINEAR LINEAR LINEAR LINEAR LINEAR LINEAR LINEAR LINEAR LINEAR LINEAR LINEAR</Name_array>
        <technique_common>
          <accessor source="#mixamorig_Spine2-Interpolations-array" count="23">
            <param type="name"/>
          </accessor>
        </technique_common>
      </source>
      <sampler id="mixamorig_Spine2-Matrix-animation-transform">
        <input semantic="INPUT" source="#mixamorig_Spine2-Matrix-animation-input"/>
        <input semantic="OUTPUT" source="#mixamorig_Spine2-Matrix-animation-output-transform"/>
        <input semantic="INTERPOLATION" source="#mixamorig_Spine2-Interpolations"/>
      </sampler>
      <channel source="#mixamorig_Spine2-Matrix-animation-transform" target="mixamorig_Spine2/matrix"/>
    </animation>
    <animation id="mixamorig_Neck-anim" name="mixamorig_Neck">
      <source id="mixamorig_Neck-Matrix-animation-input">
        <float_array id="mixamorig_Neck-Matrix-animation-input-array" count="23">

0.000000 0.033333 0.066667 0.100000 0.133333 0.166667 0.200000 0.233333 0.266667 0.300000 0.333333 0.366667 0.400000 0.433333 0.466667 0.500000
0.533333 0.566667 0.600000 0.633333 0.666667 0.700000 0.733333</float_array>
        <technique_common>
          <accessor source="#mixamorig_Neck-Matrix-animation-input-array" count="23">
            <param name="TIME" type="float"/>
          </accessor>
        </technique_common>
      </source>
      <source id="mixamorig_Neck-Matrix-animation-output-transform">
        <float_array id="mixamorig_Neck-Matrix-animation-output-transform-array" count="368">

0.940426 0.067353 0.333261 0.000000 -0.116204 0.984828 0.128880 26.173401 -0.319525 -0.159928 0.933984 -0.161200 0.000000 0.000000 0.000000 1.000000
0.948973 0.034695 0.313444 0.000000 -0.091100 0.981714 0.167146 26.173401 -0.301913 -0.187172 0.934781 -0.161200 0.000000 0.000000 0.000000 1.000000
0.955848 -0.002115 0.293853 0.000000 -0.059049 0.978195 0.199117 26.173401 -0.287867 -0.207677 0.934881 -0.161200 0.000000 0.000000 0.000000 1.000000
0.959776 -0.042055 0.277599 -0.000000 -0.019222 0.976557 0.214401 26.173401 -0.280107 -0.211113 0.936467 -0.161200 0.000000 0.000000 0.000000 1.000000
0.960733 -0.078676 0.266087 -0.000000 0.022729 0.978051 0.207124 26.173401 -0.276543 -0.192943 0.941434 -0.161200 0.000000 0.000000 0.000000 1.000000
0.959802 -0.098089 0.262980 0.000000 0.049027 0.981133 0.187016 26.173401 -0.276363 -0.166605 0.946502 -0.161200 0.000000 0.000000 0.000000 1.000000
0.956741 -0.088645 0.277107 0.000000 0.044694 0.985928 0.161083 26.173401 -0.287487 -0.141730 0.947240 -0.161200 0.000000 0.000000 0.000000 1.000000
0.952802 -0.058106 0.297980 0.000000 0.017055 0.990208 0.138557 26.173401 -0.303113 -0.126935 0.944463 -0.161200 0.000000 0.000000 0.000000 1.000000
0.954784 -0.027521 0.296025 0.000000 -0.010718 0.991873 0.126781 26.173401 -0.297108 -0.124221 0.946729 -0.161200 0.000000 0.000000 0.000000 1.000000
0.957212 -0.001861 0.289381 0.000000 -0.035026 0.991882 0.122240 26.173401 -0.287259 -0.127146 0.949377 -0.161200 0.000000 0.000000 0.000000 1.000000
0.957074 0.019619 0.289179 0.000000 -0.056863 0.991028 0.120958 26.173401 -0.284212 -0.132209 0.949602 -0.161200 0.000000 0.000000 0.000000 1.000000
0.952792 0.032081 0.301924 0.000000 -0.071418 0.990182 0.120163 26.173401 -0.295105 -0.136053 0.945729 -0.161200 0.000000 0.000000 0.000000 1.000000
0.947601 0.026504 0.318354 0.000000 -0.065305 0.991579 0.111831 26.173401 -0.312709 -0.126762 0.941352 -0.161200 0.000000 0.000000 0.000000 1.000000
0.941140 0.027549 0.336891 0.000000 -0.063749 0.993253 0.096869 26.173401 -0.331950 -0.112644 0.936547 -0.161200 0.000000 0.000000 0.000000 1.000000
0.932230 0.054268 0.357775 0.000000 -0.083240 0.994337 0.066069 26.173401 -0.352164 -0.091373 0.931468 -0.161200 0.000000 0.000000 0.000000 1.000000
0.921006 0.095453 0.377672 0.000000 -0.115309 0.992869 0.030260 26.173401 -0.372090 -0.071418 0.925445 -0.161200 0.000000 0.000000 0.000000 1.000000
0.905038 0.158259 0.394791 0.000000 -0.173472 0.984835 0.002888 26.173401 -0.388347 -0.071099 0.918766 -0.161200 0.000000 0.000000 0.000000 1.000000
0.896743 0.189219 0.400060 0.000000 -0.198006 0.980003 -0.019685 26.173401 -0.395785 -0.061562 0.916277 -0.161200 0.000000 0.000000 0.000000 1.000000
0.903827 0.172511 0.391583 0.000000 -0.179151 0.983622 -0.019828 26.173401 -0.388590 -0.052232 0.919929 -0.161200 0.000000 0.000000 0.000000 1.000000
0.916281 0.142667 0.374265 0.000000 -0.155379 0.987847 0.003841 26.173401 -0.369169 -0.061672 0.927314 -0.161200 0.000000 0.000000 0.000000 1.000000
0.929072 0.104414 0.354856 0.000000 -0.123943 0.991751 0.032687 26.173401 -0.348516 -0.074351 0.934349 -0.161200 0.000000 0.000000 0.000000 1.000000
0.936914 0.068572 0.342768 0.000000 -0.098391 0.992658 0.070357 26.173401 -0.335427 -0.099644 0.936782 -0.161200 0.000000 0.000000 0.000000 1.000000
0.940425 0.067363 0.333262 0.000000 -0.116208 0.984830 0.128861 26.173401 -0.319526 -0.159912 0.933987 -0.161200 0.000000 0.000000 0.000000 1.000000</float_array>
        <technique_common>
          <accessor source="#mixamorig_Neck-Matrix-animation-output-transform-array" count="23" stride="16">
            <param type="float4x4"/>
          </accessor>
        </technique_common>
      </source>
      <source id="mixamorig_Neck-Interpolations">
        <Name_array id="mixamorig_Neck-Interpolations-array" count="23">
 LINEAR LINEAR LINEAR LINEAR LINEAR LINEAR LINEAR LINEAR LINEAR LINEAR LINEAR
LINEAR LINEAR LINEAR LINEAR LINEAR LINEAR LINEAR LINEAR LINEAR LINEAR LINEAR LINEAR</Name_array>
        <technique_common>
          <accessor source="#mixamorig_Neck-Interpolations-array" count="23">
            <param type="name"/>
          </accessor>
        </technique_common>
      </source>
      <sampler id="mixamorig_Neck-Matrix-animation-transform">
        <input semantic="INPUT" source="#mixamorig_Neck-Matrix-animation-input"/>
        <input semantic="OUTPUT" source="#mixamorig_Neck-Matrix-animation-output-transform"/>
        <input semantic="INTERPOLATION" source="#mixamorig_Neck-Interpolations"/>
      </sampler>
      <channel source="#mixamorig_Neck-Matrix-animation-transform" target="mixamorig_Neck/matrix"/>
    </animation>
    <animation id="mixamorig_Head-anim" name="mixamorig_Head">
      <source id="mixamorig_Head-Matrix-animation-input">
        <float_array id="mixamorig_Head-Matrix-animation-input-array" count="23">

0.000000 0.033333 0.066667 0.100000 0.133333 0.166667 0.200000 0.233333 0.266667 0.300000 0.333333 0.366667 0.400000 0.433333 0.466667 0.500000
0.533333 0.566667 0.600000 0.633333 0.666667 0.700000 0.733333</float_array>
        <technique_common>
          <accessor source="#mixamorig_Head-Matrix-animation-input-array" count="23">
            <param name="TIME" type="float"/>
          </accessor>
        </technique_common>
      </source>
      <source id="mixamorig_Head-Matrix-animation-output-transform">
        <float_array id="mixamorig_Head-Matrix-animation-output-transform-array" count="368">

0.939379 -0.108719 0.325189 -0.000000 0.026899 0.968844 0.246207 14.369300 -0.341825 -0.222535 0.913036 0.127800 0.000000 0.000000 0.000000 1.000000
0.938094 -0.095918 0.332834 0.000000 0.016976 0.972471 0.232406 14.369300 -0.345963 -0.212369 0.913898 0.127800 0.000000 0.000000 0.000000 1.000000
0.931831 -0.074701 0.355120 -0.000000 0.010383 0.983671 0.179675 14.369300 -0.362743 -0.163739 0.917391 0.127800 0.000000 0.000000 0.000000 1.000000
0.933758 -0.023017 0.357165 -0.000000 -0.016057 0.994231 0.106050 14.369300 -0.357546 -0.104760 0.928001 0.127800 0.000000 0.000000 0.000000 1.000000
0.941694 0.009759 0.336330 0.000000 -0.031276 0.997790 0.058617 14.369300 -0.335015 -0.065718 0.939918 0.127800 0.000000 0.000000 0.000000 1.000000
0.951067 0.023344 0.308103 0.000000 -0.037915 0.998423 0.041390 14.369300 -0.306651 -0.051046 0.950452 0.127800 0.000000 0.000000 0.000000 1.000000
0.959135 0.001897 0.282942 0.000000 -0.016883 0.998580 0.050536 14.369300 -0.282445 -0.053248 0.957805 0.127800 0.000000 0.000000 0.000000 1.000000
0.961854 -0.063335 0.266131 -0.000000 0.043196 0.995789 0.080863 14.369300 -0.270132 -0.066282 0.960539 0.127800 0.000000 0.000000 0.000000 1.000000
0.958877 -0.114386 0.259751 0.000000 0.086557 0.989448 0.116191 14.369300 -0.270300 -0.088930 0.958660 0.127800 0.000000 0.000000 0.000000 1.000000
0.957711 -0.143029 0.249662 -0.000000 0.103098 0.980666 0.166327 14.369300 -0.268625 -0.133554 0.953941 0.127800 0.000000 0.000000 0.000000 1.000000
0.954052 -0.153968 0.257059 0.000000 0.103161 0.974217 0.200645 14.369300 -0.281324 -0.164908 0.945337 0.127800 0.000000 0.000000 0.000000 1.000000
0.950125 -0.149180 0.273875 0.000000 0.092490 0.973452 0.209374 14.369300 -0.297838 -0.173601 0.938699 0.127800 0.000000 0.000000 0.000000 1.000000
0.946641 -0.134335 0.292958 0.000000 0.076027 0.976417 0.202066 14.369300 -0.313194 -0.169011 0.934529 0.127800 0.000000 0.000000 0.000000 1.000000
0.942354 -0.119676 0.312483 -0.000000 0.060808 0.979553 0.191775 14.369300 -0.329045 -0.161718 0.930364 0.127800 0.000000 0.000000 0.000000 1.000000
0.935912 -0.110201 0.334551 0.000000 0.050473 0.981954 0.182258 14.369300 -0.348599 -0.153691 0.924585 0.127800 0.000000 0.000000 0.000000 1.000000
0.929708 -0.106156 0.352668 -0.000000 0.045529 0.983342 0.175970 14.369300 -0.365473 -0.147544 0.919054 0.127800 0.000000 0.000000 0.000000 1.000000
0.929532 -0.121013 0.348320 0.000000 0.057760 0.980739 0.186589 14.369300 -0.364191 -0.153321 0.918617 0.127800 0.000000 0.000000 0.000000 1.000000
0.932665 -0.123723 0.338865 0.000000 0.058293 0.978691 0.196891 14.369300 -0.356004 -0.163880 0.920002 0.127800 0.000000 0.000000 0.000000 1.000000
0.934891 -0.117542 0.334907 0.000000 0.053440 0.979431 0.194572 14.369300 -0.350889 -0.164006 0.921943 0.127800 0.000000 0.000000 0.000000 1.000000
0.934014 -0.110868 0.339596 0.000000 0.053093 0.983146 0.174941 14.369300 -0.353268 -0.145367 0.924159 0.127800 0.000000 0.000000 0.000000 1.000000
0.931047 -0.103184 0.350007 0.000000 0.041394 0.982861 0.179643 14.369300 -0.362545 -0.152768 0.919360 0.127800 0.000000 0.000000 0.000000 1.000000
0.933250 -0.103350 0.344040 -0.000000 0.026555 0.974949 0.220840 14.369300 -0.358245 -0.196962 0.912615 0.127800 0.000000 0.000000 0.000000 1.000000
0.939379 -0.108723 0.325186 -0.000000 0.026897 0.968840 0.246222 14.369300 -0.341824 -0.222549 0.913033 0.127800 0.000000 0.000000 0.000000 1.000000</float_array>
        <technique_common>
          <accessor source="#mixamorig_Head-Matrix-animation-output-transform-array" count="23" stride="16">
            <param type="float4x4"/>
          </accessor>
        </technique_common>
      </source>
      <source id="mixamorig_Head-Interpolations">
        <Name_array id="mixamorig_Head-Interpolations-array" count="23">
 LINEAR LINEAR LINEAR LINEAR LINEAR LINEAR LINEAR LINEAR LINEAR LINEAR LINEAR
LINEAR LINEAR LINEAR LINEAR LINEAR LINEAR LINEAR LINEAR LINEAR LINEAR LINEAR LINEAR</Name_array>
        <technique_common>
          <accessor source="#mixamorig_Head-Interpolations-array" count="23">
            <param type="name"/>
          </accessor>
        </technique_common>
      </source>
      <sampler id="mixamorig_Head-Matrix-animation-transform">
        <input semantic="INPUT" source="#mixamorig_Head-Matrix-animation-input"/>
        <input semantic="OUTPUT" source="#mixamorig_Head-Matrix-animation-output-transform"/>
        <input semantic="INTERPOLATION" source="#mixamorig_Head-Interpolations"/>
      </sampler>
      <channel source="#mixamorig_Head-Matrix-animation-transform" target="mixamorig_Head/matrix"/>
    </animation>
    <animation id="mixamorig_LeftShoulder-anim" name="mixamorig_LeftShoulder">
      <source id="mixamorig_LeftShoulder-Matrix-animation-input">
        <float_array id="mixamorig_LeftShoulder-Matrix-animation-input-array" count="23">

0.000000 0.033333 0.066667 0.100000 0.133333 0.166667 0.200000 0.233333 0.266667 0.300000 0.333333 0.366667 0.400000 0.433333 0.466667 0.500000
0.533333 0.566667 0.600000 0.633333 0.666667 0.700000 0.733333</float_array>
        <technique_common>
          <accessor source="#mixamorig_LeftShoulder-Matrix-animation-input-array" count="23">
            <param name="TIME" type="float"/>
          </accessor>
        </technique_common>
      </source>
      <source id="mixamorig_LeftShoulder-Matrix-animation-output-transform">
        <float_array id="mixamorig_LeftShoulder-Matrix-animation-output-transform-array" count="368">

0.050383 0.949896 -0.308479 9.358700 -0.047082 -0.306269 -0.950780 25.286100 -0.997620 0.062427 0.029293 -1.885500 0.000000 0.000000 0.000000 1.000000
0.032935 0.963419 -0.265969 9.358700 -0.044808 -0.264423 -0.963365 25.286100 -0.998453 0.043646 0.034460 -1.885500 0.000000 0.000000 0.000000 1.000000
0.021548 0.973434 -0.227950 9.358700 -0.044964 -0.226828 -0.972896 25.286100 -0.998756 0.031214 0.038882 -1.885500 0.000000 0.000000 0.000000 1.000000
0.043115 0.971027 -0.235047 9.358700 -0.042410 -0.233275 -0.971486 25.286100 -0.998170 0.051854 0.031123 -1.885500 0.000000 0.000000 0.000000 1.000000
0.086052 0.960823 -0.263467 9.358700 -0.040696 -0.260837 -0.964525 25.286100 -0.995459 0.093721 0.016656 -1.885500 0.000000 0.000000 0.000000 1.000000
0.117043 0.956150 -0.268474 9.358700 -0.041683 -0.265364 -0.963247 25.286100 -0.992252 0.123933 0.008796 -1.885500 0.000000 0.000000 0.000000 1.000000
0.108350 0.955323 -0.274988 9.358700 -0.045417 -0.271571 -0.961346 25.286100 -0.993075 0.116651 0.013963 -1.885500 0.000000 0.000000 0.000000 1.000000
0.099714 0.955091 -0.279033 9.358700 -0.047993 -0.275487 -0.960106 25.286100 -0.993858 0.109128 0.018368 -1.885500 0.000000 0.000000 0.000000 1.000000
0.117760 0.954883 -0.272638 9.358700 -0.043413 -0.269336 -0.962067 25.286100 -0.992093 0.125129 0.009737 -1.885500 0.000000 0.000000 0.000000 1.000000
0.138274 0.957844 -0.251825 9.358700 -0.040094 -0.248646 -0.967764 25.286100 -0.989582 0.143913 0.004023 -1.885500 0.000000 0.000000 0.000000 1.000000
0.147138 0.962302 -0.228749 9.358700 -0.039578 -0.225353 -0.973473 25.286100 -0.988324 0.152288 0.004928 -1.885500 0.000000 0.000000 0.000000 1.000000
0.140912 0.963817 -0.226277 9.358700 -0.039434 -0.222912 -0.974041 25.286100 -0.989236 0.146177 0.006596 -1.885500 0.000000 0.000000 0.000000 1.000000
0.141368 0.962452 -0.231735 9.358700 -0.040480 -0.228270 -0.972756 25.286100 -0.989129 0.146897 0.006690 -1.885500 0.000000 0.000000 0.000000 1.000000
0.138821 0.959800 -0.243951 9.358700 -0.041938 -0.240417 -0.969763 25.286100 -0.989429 0.144854 0.006877 -1.885500 0.000000 0.000000 0.000000 1.000000
0.123343 0.954975 -0.269832 9.358700 -0.043962 -0.266383 -0.962864 25.286100 -0.991390 0.130625 0.009126 -1.885500 0.000000 0.000000 0.000000 1.000000
0.105724 0.948040 -0.300072 9.358700 -0.045869 -0.296792 -0.953840 25.286100 -0.993337 0.114608 0.012108 -1.885500 0.000000 0.000000 0.000000 1.000000
0.099759 0.939864 -0.326655 9.358700 -0.046086 -0.323576 -0.945079 25.286100 -0.993944 0.109335 0.011035 -1.885500 0.000000 0.000000 0.000000 1.000000
0.096017 0.933738 -0.344838 9.358700 -0.045801 -0.341927 -0.938610 25.286100 -0.994325 0.105916 0.009935 -1.885500 0.000000 0.000000 0.000000 1.000000
0.093579 0.931881 -0.350488 9.358700 -0.046058 -0.347604 -0.936510 25.286100 -0.994546 0.103780 0.010392 -1.885500 0.000000 0.000000 0.000000 1.000000
0.093115 0.933107 -0.347334 9.358700 -0.047800 -0.344258 -0.937658 25.286100 -0.994507 0.103912 0.012547 -1.885500 0.000000 0.000000 0.000000 1.000000
0.081783 0.937037 -0.339518 9.358700 -0.048178 -0.336544 -0.940435 25.286100 -0.995485 0.093269 0.017621 -1.885500 0.000000 0.000000 0.000000 1.000000
0.066222 0.942258 -0.328274 9.358700 -0.048493 -0.325568 -0.944274 25.286100 -0.996626 0.078450 0.024133 -1.885500 0.000000 0.000000 0.000000 1.000000
0.050383 0.949896 -0.308478 9.358700 -0.047082 -0.306268 -0.950780 25.286100 -0.997620 0.062427 0.029293 -1.885500 0.000000 0.000000 0.000000 1.000000</float_array>
        <technique_common>
          <accessor source="#mixamorig_LeftShoulder-Matrix-animation-output-transform-array" count="23" stride="16">
            <param type="float4x4"/>
          </accessor>
        </technique_common>
      </source>
      <source id="mixamorig_LeftShoulder-Interpolations">
        <Name_array id="mixamorig_LeftShoulder-Interpolations-array" count="23">
 LINEAR LINEAR LINEAR LINEAR LINEAR LINEAR LINEAR LINEAR LINEAR LINEAR LINEAR
LINEAR LINEAR LINEAR LINEAR LINEAR LINEAR LINEAR LINEAR LINEAR LINEAR LINEAR LINEAR</Name_array>
        <technique_common>
          <accessor source="#mixamorig_LeftShoulder-Interpolations-array" count="23">
            <param type="name"/>
          </accessor>
        </technique_common>
      </source>
      <sampler id="mixamorig_LeftShoulder-Matrix-animation-transform">
        <input semantic="INPUT" source="#mixamorig_LeftShoulder-Matrix-animation-input"/>
        <input semantic="OUTPUT" source="#mixamorig_LeftShoulder-Matrix-animation-output-transform"/>
        <input semantic="INTERPOLATION" source="#mixamorig_LeftShoulder-Interpolations"/>
      </sampler>
      <channel source="#mixamorig_LeftShoulder-Matrix-animation-transform" target="mixamorig_LeftShoulder/matrix"/>
    </animation>
    <animation id="mixamorig_LeftArm-anim" name="mixamorig_LeftArm">
      <source id="mixamorig_LeftArm-Matrix-animation-input">
        <float_array id="mixamorig_LeftArm-Matrix-animation-input-array" count="23">

0.000000 0.033333 0.066667 0.100000 0.133333 0.166667 0.200000 0.233333 0.266667 0.300000 0.333333 0.366667 0.400000 0.433333 0.466667 0.500000
0.533333 0.566667 0.600000 0.633333 0.666667 0.700000 0.733333</float_array>
        <technique_common>
          <accessor source="#mixamorig_LeftArm-Matrix-animation-input-array" count="23">
            <param name="TIME" type="float"/>
          </accessor>
        </technique_common>
      </source>
      <source id="mixamorig_LeftArm-Matrix-animation-output-transform">
        <float_array id="mixamorig_LeftArm-Matrix-animation-output-transform-array" count="368">

0.854607 -0.501799 -0.133585 0.000000 0.459249 0.850446 -0.256578 14.052700 0.242358 0.157925 0.957247 0.000000 0.000000 0.000000 0.000000 1.000000
