<?xml version="1.0" encoding="utf-8"?>
<COLLADA xmlns="http://www.collada.org/2005/11/COLLADASchema" version="1.4.1">
  <asset>
    <contributor>
      <author>Mixamo</author>
      <authoring_tool>COLLADA Mixamo exporter</authoring_tool>
      <comments/>
    </contributor>
    <created>2025-11-14T05:17:18Z</created>
    <modified>2025-11-14T05:17:18Z</modified>
    <revision/>
    <title/>
    <unit meter="0.010000"/>
    <up_axis>Y_UP</up_axis>
  </asset>
  <library_animations>
    <animation id="mixamorig_Hips-anim" name="mixamorig_Hips">
      <source id="mixamorig_Hips-Matrix-animation-input">
        <float_array id="mixamorig_Hips-Matrix-animation-input-array" count="66">

0.000000 0.033333 0.066667 0.100000 0.133333 0.166667 0.200000 0.233333 0.266667 0.300000 0.333333 0.366667 0.400000 0.433333 0.466667 0.500000
0.533333 0.566667 0.600000 0.633333 0.666667 0.700000 0.733333 0.766667 0.800000 0.833333 0.866667 0.900000 0.933333 0.966667 1.000000 1.033333
1.066667 1.100000 1.133333 1.166667 1.200000 1.233333 1.266667 1.300000 1.333333 1.366667 1.400000 1.433333 1.466667 1.500000 1.533333 1.566667
1.600000 1.633333 1.666667 1.700000 1.733333 1.766667 1.800000 1.833333 1.866667 1.900000 1.933333 1.966667 2.000000 2.033333 2.066667 2.100000
2.133333 2.166667</float_array>
        <technique_common>
          <accessor source="#mixamorig_Hips-Matrix-animation-input-array" count="66">
            <param name="TIME" type="float"/>
          </accessor>
        </technique_common>
      </source>
      <source id="mixamorig_Hips-Matrix-animation-output-transform">
        <float_array id="mixamorig_Hips-Matrix-animation-output-transform-array" count="1056">

0.522569 -0.060166 -0.850471 0.204932 0.069742 0.997181 -0.027692 100.640785 0.849740 -0.044842 0.525292 -0.652173 0.000000 0.000000 0.000000 1.000000
0.527523 -0.051164 -0.847999 0.046803 0.060764 0.997901 -0.022409 100.953735 0.847365 -0.039706 0.529524 -0.349080 0.000000 0.000000 0.000000 1.000000
0.539569 -0.039664 -0.841006 -0.520235 0.049545 0.998655 -0.015313 101.755646 0.840482 -0.033405 0.540809 0.357118 0.000000 0.000000 0.000000 1.000000
0.556881 -0.026721 -0.830162 -1.359668 0.037297 0.999279 -0.007146 102.910683 0.829754 -0.026983 0.557476 1.319367 0.000000 0.000000 0.000000 1.000000
0.577666 -0.013386 -0.816164 -2.337950 0.025157 0.999683 0.001410 104.268692 0.815886 -0.021347 0.577819 2.389226 0.000000 0.000000 0.000000 1.000000
0.600227 -0.000795 -0.799830 -3.321123 0.014353 0.999849 0.009777 105.678085 0.799701 -0.017349 0.600148 3.417298 0.000000 0.000000 0.000000 1.000000
0.626765 0.009491 -0.779151 -4.260162 0.007329 0.999810 0.018075 107.231796 0.779174 -0.017039 0.626576 4.310734 0.000000 0.000000 0.000000 1.000000
0.660211 0.013048 -0.750967 -5.150513 0.005368 0.999742 0.022090 108.493073 0.751061 -0.018615 0.659970 5.074999 0.000000 0.000000 0.000000 1.000000
0.693210 0.011576 -0.720643 -5.878743 0.005430 0.999759 0.021283 109.315880 0.720716 -0.018667 0.692979 5.730785 0.000000 0.000000 0.000000 1.000000
0.723282 0.011170 -0.690462 -6.455010 0.003806 0.999790 0.020161 109.459167 0.690542 -0.017210 0.723087 6.331449 0.000000 0.000000 0.000000 1.000000
0.750398 -0.003061 -0.660980 -6.837942 0.019139 0.999671 0.017099 108.838371 0.660710 -0.025481 0.750209 6.768569 0.000000 0.000000 0.000000 1.000000
0.778448 -0.034874 -0.626740 -7.036386 0.043785 0.999040 -0.001206 107.254776 0.626180 -0.026503 0.779228 7.177114 0.000000 0.000000 0.000000 1.000000
0.807901 -0.046868 -0.587451 -7.144688 0.053675 0.998541 -0.005848 104.629562 0.586869 -0.026807 0.809238 7.389610 0.000000 0.000000 0.000000 1.000000
0.834896 -0.059925 -0.547136 -7.296305 0.062407 0.997952 -0.014072 101.170807 0.546859 -0.022396 0.836925 7.425562 0.000000 0.000000 0.000000 1.000000
0.865845 -0.077130 -0.494331 -7.595680 0.074573 0.996904 -0.024927 97.108444 0.494723 -0.015281 0.868917 7.194934 0.000000 0.000000 0.000000 1.000000
0.899892 -0.095964 -0.425423 -8.105744 0.087020 0.995385 -0.040460 92.408615 0.427342 -0.000610 0.904090 6.711620 0.000000 0.000000 0.000000 1.000000
0.930202 -0.116527 -0.348059 -8.668441 0.100088 0.992859 -0.064909 87.700577 0.353137 0.025542 0.935223 6.223199 0.000000 0.000000 0.000000 1.000000
0.945703 -0.143267 -0.291752 -9.084942 0.118907 0.987889 -0.099678 83.515312 0.302500 0.059574 0.951286 5.831622 0.000000 0.000000 0.000000 1.000000
0.953800 -0.160821 -0.253777 -9.377382 0.130062 0.982443 -0.133755 80.223274 0.270832 0.094568 0.957970 5.542839 0.000000 0.000000 0.000000 1.000000
0.961149 -0.154845 -0.228506 -9.339544 0.130144 0.984260 -0.119561 77.713150 0.243422 0.085177 0.966173 5.272888 0.000000 0.000000 0.000000 1.000000
0.970359 -0.144460 -0.193736 -9.164420 0.129101 0.987561 -0.089756 75.628754 0.204293 0.062084 0.976939 5.118351 0.000000 0.000000 0.000000 1.000000
0.975162 -0.138241 -0.173059 -8.970563 0.128213 0.989420 -0.067897 73.872505 0.180614 0.044023 0.982568 4.835954 0.000000 0.000000 0.000000 1.000000
0.976367 -0.134671 -0.169030 -8.627567 0.126543 0.990263 -0.058023 72.592072 0.175198 0.035262 0.983902 4.491827 0.000000 0.000000 0.000000 1.000000
0.978560 -0.130355 -0.159461 -8.423383 0.123482 0.990967 -0.052321 71.776810 0.164841 0.031508 0.985817 4.375921 0.000000 0.000000 0.000000 1.000000
0.979458 -0.130167 -0.154009 -8.317872 0.125003 0.991233 -0.042795 71.137848 0.158229 0.022664 0.987142 4.210607 0.000000 0.000000 0.000000 1.000000
0.979273 -0.131626 -0.153943 -8.213478 0.126644 0.991068 -0.041776 70.764168 0.158067 0.021414 0.987196 4.151399 0.000000 0.000000 0.000000 1.000000
0.979237 -0.133267 -0.152756 -8.142046 0.128480 0.990871 -0.040839 70.667664 0.156803 0.020365 0.987420 4.165600 0.000000 0.000000 0.000000 1.000000
0.979709 -0.132018 -0.150806 -8.038030 0.127166 0.991016 -0.041418 70.934769 0.154919 0.021400 0.987695 4.218427 0.000000 0.000000 0.000000 1.000000
0.981561 -0.125899 -0.143832 -7.912103 0.121467 0.991820 -0.039228 71.392654 0.147594 0.021034 0.988824 4.202866 0.000000 0.000000 0.000000 1.000000
0.983128 -0.124344 -0.134153 -7.890387 0.120202 0.992000 -0.038577 71.969154 0.137876 0.021801 0.990209 4.230561 0.000000 0.000000 0.000000 1.000000
0.982543 -0.125463 -0.137362 -8.008858 0.119587 0.991551 -0.050261 72.716209 0.142507 0.032957 0.989245 4.461771 0.000000 0.000000 0.000000 1.000000
0.982770 -0.127377 -0.133931 -8.191676 0.119976 0.990840 -0.061980 73.765175 0.140599 0.044843 0.989051 4.815225 0.000000 0.000000 0.000000 1.000000
0.985837 -0.115058 -0.122016 -8.479734 0.106985 0.991737 -0.070794 75.377518 0.129153 0.056737 0.990000 5.440803 0.000000 0.000000 0.000000 1.000000
0.990631 -0.098288 -0.094810 -8.963274 0.092920 0.993896 -0.059470 77.852890 0.100076 0.050103 0.993717 6.435665 0.000000 0.000000 0.000000 1.000000
0.994751 -0.081321 -0.062107 -9.476307 0.079456 0.996326 -0.031944 81.061974 0.064476 0.026841 0.997558 7.758028 0.000000 0.000000 0.000000 1.000000
0.997507 -0.057481 -0.040936 -9.679270 0.057558 0.998342 0.000713 84.804207 0.040827 -0.003067 0.999162 9.210884 0.000000 0.000000 0.000000 1.000000
0.997842 -0.037596 -0.053829 -9.626014 0.038262 0.999203 0.011395 89.010315 0.053357 -0.013430 0.998485 10.817782 0.000000 0.000000 0.000000 1.000000
0.994310 -0.019694 -0.104688 -9.371982 0.021096 0.999702 0.012298 93.442673 0.104414 -0.014436 0.994429 12.198231 0.000000 0.000000 0.000000 1.000000
0.985326 -0.003632 -0.170644 -8.973989 0.004956 0.999961 0.007335 97.216515 0.170611 -0.008073 0.985305 13.200480 0.000000 0.000000 0.000000 1.000000
0.970944 0.000443 -0.239307 -8.519381 -0.001037 0.999997 -0.002357 100.497368 0.239305 0.002537 0.970941 14.207829 0.000000 0.000000 0.000000 1.000000
0.955122 0.011834 -0.295976 -8.234131 -0.015452 0.999832 -0.009886 104.269272 0.295810 0.014015 0.955144 15.526695 0.000000 0.000000 0.000000 1.000000
0.944778 0.021173 -0.327026 -8.337136 -0.028219 0.999460 -0.016814 107.782394 0.326494 0.025113 0.944866 16.820251 0.000000 0.000000 0.000000 1.000000
0.945471 0.022074 -0.324957 -8.604346 -0.029963 0.999365 -0.019292 110.324554 0.324325 0.027977 0.945532 17.752354 0.000000 0.000000 0.000000 1.000000
0.951381 0.026487 -0.306875 -8.866903 -0.030165 0.999519 -0.007248 112.103210 0.306535 0.016152 0.951722 18.247646 0.000000 0.000000 0.000000 1.000000
0.952691 0.032445 -0.302204 -9.080464 -0.033162 0.999446 0.002762 113.165375 0.302126 0.007390 0.953239 18.603170 0.000000 0.000000 0.000000 1.000000
0.942660 0.037643 -0.331624 -9.150354 -0.036211 0.999289 0.010499 113.643280 0.331783 0.002112 0.943353 18.871906 0.000000 0.000000 0.000000 1.000000
0.922106 0.042188 -0.384631 -8.959450 -0.036515 0.999090 0.022045 113.644119 0.385211 -0.006283 0.922807 18.855524 0.000000 0.000000 0.000000 1.000000
0.892216 0.044858 -0.449375 -8.549168 -0.033867 0.998899 0.032470 113.199776 0.450337 -0.013752 0.892753 18.567101 0.000000 0.000000 0.000000 1.000000
0.856795 0.040522 -0.514063 -7.999386 -0.025409 0.999014 0.036399 112.362717 0.515031 -0.018125 0.856980 18.004673 0.000000 0.000000 0.000000 1.000000
0.817576 0.029570 -0.575061 -7.311200 -0.010942 0.999298 0.035828 111.316254 0.575716 -0.023000 0.817326 17.216263 0.000000 0.000000 0.000000 1.000000
0.774695 0.016512 -0.632120 -6.503778 0.000570 0.999640 0.026810 110.101929 0.632335 -0.021130 0.774407 16.290552 0.000000 0.000000 0.000000 1.000000
0.728811 0.006972 -0.684680 -5.712631 0.007085 0.999818 0.017723 108.777740 0.684679 -0.017768 0.728628 15.243283 0.000000 0.000000 0.000000 1.000000
0.683190 -0.004433 -0.730227 -4.989652 0.016221 0.999827 0.009107 106.944267 0.730060 -0.018067 0.683144 14.048484 0.000000 0.000000 0.000000 1.000000
0.638613 -0.019038 -0.769293 -4.335083 0.030261 0.999542 0.000384 105.133003 0.768933 -0.023525 0.638896 12.660823 0.000000 0.000000 0.000000 1.000000
0.621175 -0.023940 -0.783306 -3.863464 0.036351 0.999338 -0.001715 104.142250 0.782828 -0.027409 0.621634 11.163791 0.000000 0.000000 0.000000 1.000000
0.604588 -0.028094 -0.796043 -3.397271 0.041826 0.999119 -0.003495 103.133942 0.795440 -0.031182 0.605230 9.618490 0.000000 0.000000 0.000000 1.000000
0.588911 -0.031682 -0.807577 -2.937967 0.046734 0.998894 -0.005108 102.147041 0.806846 -0.034734 0.589740 8.058861 0.000000 0.000000 0.000000 1.000000
0.574196 -0.034894 -0.817974 -2.487015 0.051125 0.998670 -0.006713 101.220474 0.817120 -0.037964 0.575216 6.518839 0.000000 0.000000 0.000000 1.000000
0.560488 -0.037924 -0.827294 -2.045876 0.055046 0.998448 -0.008477 100.393188 0.826331 -0.040788 0.561706 5.032364 0.000000 0.000000 0.000000 1.000000
0.547821 -0.040974 -0.835591 -1.616013 0.058543 0.998229 -0.010567 99.704132 0.834545 -0.043129 0.549250 3.633374 0.000000 0.000000 0.000000 1.000000
0.536225 -0.044243 -0.842915 -1.198889 0.061659 0.998011 -0.013159 99.192245 0.841820 -0.044917 0.537886 2.355808 0.000000 0.000000 0.000000 1.000000
0.528271 -0.048015 -0.847717 -0.805641 0.064230 0.997799 -0.016489 99.130112 0.846643 -0.045739 0.530193 1.328626 0.000000 0.000000 0.000000 1.000000
0.524898 -0.052168 -0.849565 -0.445766 0.066274 0.997595 -0.020311 99.555824 0.848581 -0.045643 0.527093 0.575868 0.000000 0.000000 0.000000 1.000000
0.523619 -0.056266 -0.850092 -0.118267 0.068017 0.997393 -0.024120 100.156540 0.849233 -0.045191 0.526081 -0.025904 0.000000 0.000000 0.000000 1.000000
0.521917 -0.059853 -0.850894 0.177855 0.069613 0.997196 -0.027445 100.619438 0.850151 -0.044909 0.524621 -0.600128 0.000000 0.000000 0.000000 1.000000
0.522569 -0.060166 -0.850471 0.204937 0.069742 0.997181 -0.027692 100.640839 0.849740 -0.044842 0.525292 -0.652173 0.000000 0.000000 0.000000 1.000000</float_array>
        <technique_common>
          <accessor source="#mixamorig_Hips-Matrix-animation-output-transform-array" count="66" stride="16">
            <param type="float4x4"/>
          </accessor>
        </technique_common>
      </source>
      <source id="mixamorig_Hips-Interpolations">
        <Name_array id="mixamorig_Hips-Interpolations-array" count="66">
 LINEAR LINEAR LINEAR LINEAR LINEAR LINEAR LINEAR LINEAR LINEAR LINEAR LINEAR
LINEAR LINEAR LINEAR LINEAR LINEAR LINEAR LINEAR LINEAR LINEAR LINEAR LINEAR LINEAR
LINEAR LINEAR LINEAR LINEAR LINEAR LINEAR LINEAR LINEAR LINEAR LINEAR LINEAR LINEAR
LINEAR LINEAR LINEAR LINEAR LINEAR LINEAR LINEAR LINEAR LINEAR LINEAR LINEAR LINEAR
LINEAR LINEAR LINEAR LINEAR LINEAR LINEAR LINEAR LINEAR LINEAR LINEAR LINEAR LINEAR
LINEAR LINEAR LINEAR LINEAR LINEAR LINEAR LINEAR</Name_array>
        <technique_common>
          <accessor source="#mixamorig_Hips-Interpolations-array" count="66">
            <param type="name"/>
          </accessor>
        </technique_common>
      </source>
      <sampler id="mixamorig_Hips-Matrix-animation-transform">
        <input semantic="INPUT" source="#mixamorig_Hips-Matrix-animation-input"/>
        <input semantic="OUTPUT" source="#mixamorig_Hips-Matrix-animation-output-transform"/>
        <input semantic="INTERPOLATION" source="#mixamorig_Hips-Interpolations"/>
      </sampler>
      <channel source="#mixamorig_Hips-Matrix-animation-transform" target="mixamorig_Hips/matrix"/>
    </animation>
    <animation id="mixamorig_Spine-anim" name="mixamorig_Spine">
      <source id="mixamorig_Spine-Matrix-animation-input">
        <float_array id="mixamorig_Spine-Matrix-animation-input-array" count="66">

0.000000 0.033333 0.066667 0.100000 0.133333 0.166667 0.200000 0.233333 0.266667 0.300000 0.333333 0.366667 0.400000 0.433333 0.466667 0.500000
0.533333 0.566667 0.600000 0.633333 0.666667 0.700000 0.733333 0.766667 0.800000 0.833333 0.866667 0.900000 0.933333 0.966667 1.000000 1.033333
1.066667 1.100000 1.133333 1.166667 1.200000 1.233333 1.266667 1.300000 1.333333 1.366667 1.400000 1.433333 1.466667 1.500000 1.533333 1.566667
1.600000 1.633333 1.666667 1.700000 1.733333 1.766667 1.800000 1.833333 1.866667 1.900000 1.933333 1.966667 2.000000 2.033333 2.066667 2.100000
2.133333 2.166667</float_array>
        <technique_common>
          <accessor source="#mixamorig_Spine-Matrix-animation-input-array" count="66">
            <param name="TIME" type="float"/>
          </accessor>
        </technique_common>
      </source>
      <source id="mixamorig_Spine-Matrix-animation-output-transform">
        <float_array id="mixamorig_Spine-Matrix-animation-output-transform-array" count="1056">

0.998816 0.048625 0.001208 0.000000 -0.047275 0.976313 -0.211137 8.536500 -0.011446 0.210830 0.977456 0.187100 0.000000 0.000000 0.000000 1.000000
0.999103 0.042342 -0.000663 0.000000 -0.041550 0.977160 -0.208402 8.536500 -0.008176 0.208242 0.978043 0.187100 0.000000 0.000000 0.000000 1.000000
0.999275 0.037504 -0.006558 0.000000 -0.038049 0.977638 -0.206825 8.536500 -0.001346 0.206924 0.978356 0.187100 0.000000 0.000000 0.000000 1.000000
0.999415 0.033204 -0.008246 0.000000 -0.034187 0.978605 -0.202888 8.536500 0.001333 0.203051 0.979167 0.187100 0.000000 0.000000 0.000000 1.000000
0.999511 0.030385 -0.007321 0.000000 -0.031232 0.979818 -0.197437 8.536500 0.001174 0.197569 0.980288 0.187100 0.000000 0.000000 0.000000 1.000000
0.999596 0.027871 -0.005515 0.000000 -0.028412 0.980975 -0.192042 8.536500 0.000057 0.192122 0.981371 0.187100 0.000000 0.000000 0.000000 1.000000
0.999694 0.024438 -0.003945 0.000000 -0.024745 0.982052 -0.186982 8.536500 -0.000695 0.187022 0.982355 0.187100 0.000000 0.000000 0.000000 1.000000
0.999772 0.021240 -0.002196 0.000000 -0.021284 0.982937 -0.182707 8.536500 -0.001722 0.182712 0.983165 0.187100 0.000000 0.000000 0.000000 1.000000
0.999842 0.017752 0.000405 0.000000 -0.017393 0.983696 -0.178998 8.536500 -0.003576 0.178963 0.983849 0.187100 0.000000 0.000000 0.000000 1.000000
0.999880 0.014068 0.006495 0.000000 -0.012689 0.983983 -0.177811 8.536500 -0.008892 0.177707 0.984043 0.187100 0.000000 0.000000 0.000000 1.000000
0.999804 0.015288 0.012542 -0.000000 -0.012766 0.983397 -0.181020 8.536500 -0.015101 0.180824 0.983399 0.187100 0.000000 0.000000 0.000000 1.000000
0.999686 0.018731 0.016658 0.000000 -0.015427 0.983518 -0.180151 8.536500 -0.019758 0.179837 0.983498 0.187100 0.000000 0.000000 0.000000 1.000000
0.999576 0.019972 0.021185 0.000000 -0.015718 0.982652 -0.184790 8.536500 -0.024508 0.184378 0.982550 0.187100 0.000000 0.000000 0.000000 1.000000
0.999390 0.022615 0.026630 0.000000 -0.017206 0.981977 -0.188215 8.536500 -0.030406 0.187642 0.981767 0.187100 0.000000 0.000000 0.000000 1.000000
0.999201 0.027998 0.028519 0.000000 -0.022063 0.981439 -0.190503 8.536500 -0.033324 0.189722 0.981272 0.187100 0.000000 0.000000 0.000000 1.000000
0.999157 0.031505 0.026323 0.000000 -0.025949 0.981493 -0.189734 8.536500 -0.031814 0.188891 0.981483 0.187100 0.000000 0.000000 0.000000 1.000000
0.999215 0.032874 0.022091 0.000000 -0.028207 0.982191 -0.185754 8.536500 -0.027804 0.184985 0.982348 0.187100 0.000000 0.000000 0.000000 1.000000
0.999100 0.038041 0.018753 -0.000000 -0.034026 0.982893 -0.181008 8.536500 -0.025318 0.180207 0.983303 0.187100 0.000000 0.000000 0.000000 1.000000
0.999007 0.041246 0.016858 -0.000000 -0.037567 0.983112 -0.179107 8.536500 -0.023961 0.178296 0.983685 0.187100 0.000000 0.000000 0.000000 1.000000
0.999119 0.038196 0.017412 -0.000000 -0.034321 0.982127 -0.185064 8.536500 -0.024170 0.184303 0.982572 0.187100 0.000000 0.000000 0.000000 1.000000
0.999360 0.033241 0.013185 0.000000 -0.030215 0.982118 -0.185828 8.536500 -0.019127 0.185310 0.982494 0.187100 0.000000 0.000000 0.000000 1.000000
0.999497 0.030243 0.009558 0.000000 -0.027886 0.981481 -0.189520 8.536500 -0.015113 0.189158 0.981830 0.187100 0.000000 0.000000 0.000000 1.000000
0.999509 0.028415 0.013236 0.000000 -0.025493 0.982546 -0.184263 8.536500 -0.018240 0.183835 0.982788 0.187100 0.000000 0.000000 0.000000 1.000000
0.999588 0.025292 0.013604 0.000000 -0.022550 0.984565 -0.173558 8.536500 -0.017784 0.173180 0.984730 0.187100 0.000000 0.000000 0.000000 1.000000
0.999641 0.024902 0.009852 0.000000 -0.022908 0.985684 -0.167040 8.536500 -0.013870 0.166754 0.985901 0.187100 0.000000 0.000000 0.000000 1.000000
0.999645 0.024650 0.010106 -0.000000 -0.022754 0.987278 -0.157368 8.536500 -0.013857 0.157082 0.987488 0.187100 0.000000 0.000000 0.000000 1.000000
0.999634 0.024455 0.011566 0.000000 -0.022495 0.988920 -0.146735 8.536500 -0.015027 0.146421 0.989108 0.187100 0.000000 0.000000 0.000000 1.000000
0.999665 0.022747 0.012364 0.000000 -0.020873 0.990641 -0.134888 8.536500 -0.015317 0.134585 0.990784 0.187100 0.000000 0.000000 0.000000 1.000000
0.999756 0.017637 0.013278 -0.000000 -0.015827 0.991924 -0.125841 8.536500 -0.015390 0.125601 0.991962 0.187100 0.000000 0.000000 0.000000 1.000000
0.999791 0.017103 0.011167 -0.000000 -0.015632 0.992567 -0.120690 8.536500 -0.013148 0.120491 0.992627 0.187100 0.000000 0.000000 0.000000 1.000000
0.999709 0.018260 0.015790 0.000000 -0.016386 0.993620 -0.111582 8.536500 -0.017726 0.111291 0.993630 0.187100 0.000000 0.000000 0.000000 1.000000
0.999626 0.021077 0.017420 0.000000 -0.019104 0.994121 -0.106578 8.536500 -0.019564 0.106205 0.994152 0.187100 0.000000 0.000000 0.000000 1.000000
0.999675 0.020690 0.014904 0.000000 -0.019105 0.994843 -0.099611 8.536500 -0.016888 0.099294 0.994915 0.187100 0.000000 0.000000 0.000000 1.000000
0.999701 0.020371 0.013533 -0.000000 -0.018993 0.995286 -0.095109 8.536500 -0.015406 0.094823 0.995375 0.187100 0.000000 0.000000 0.000000 1.000000
0.999681 0.022315 0.011810 0.000000 -0.020994 0.994554 -0.102088 8.536500 -0.014024 0.101808 0.994705 0.187100 0.000000 0.000000 0.000000 1.000000
0.999703 0.021195 0.012039 0.000000 -0.019671 0.993163 -0.115069 8.536500 -0.014396 0.114798 0.993285 0.187100 0.000000 0.000000 0.000000 1.000000
0.999667 0.021105 0.014877 0.000000 -0.019192 0.992745 -0.118700 8.536500 -0.017274 0.118375 0.992819 0.187100 0.000000 0.000000 0.000000 1.000000
0.999696 0.017111 0.017739 0.000000 -0.014905 0.992925 -0.117807 8.536500 -0.019629 0.117507 0.992878 0.187100 0.000000 0.000000 0.000000 1.000000
0.999764 0.009299 0.019615 -0.000000 -0.006850 0.992580 -0.121398 8.536500 -0.020599 0.121235 0.992410 0.187100 0.000000 0.000000 0.000000 1.000000
0.999669 0.002907 0.025546 -0.000000 0.000335 0.992033 -0.125979 8.536500 -0.025709 0.125946 0.991704 0.187100 0.000000 0.000000 0.000000 1.000000
0.999344 -0.008217 0.035265 0.000000 0.012615 0.991906 -0.126343 8.536500 -0.033942 0.126705 0.991360 0.187100 0.000000 0.000000 0.000000 1.000000
0.998942 -0.015882 0.043169 0.000000 0.021051 0.992299 -0.122067 8.536500 -0.040898 0.122847 0.991583 0.187100 0.000000 0.000000 0.000000 1.000000
0.998971 -0.018629 0.041340 0.000000 0.023431 0.992628 -0.118911 8.536500 -0.038821 0.119757 0.992044 0.187100 0.000000 0.000000 0.000000 1.000000
0.999241 -0.019759 0.033577 0.000000 0.023660 0.992483 -0.120070 8.536500 -0.030953 0.120773 0.992197 0.187100 0.000000 0.000000 0.000000 1.000000
0.999424 -0.019953 0.027443 0.000000 0.023078 0.992658 -0.118734 8.536500 -0.024873 0.119299 0.992547 0.187100 0.000000 0.000000 0.000000 1.000000
0.999423 -0.020327 0.027196 -0.000000 0.023325 0.993100 -0.114923 8.536500 -0.024672 0.115491 0.993002 0.187100 0.000000 0.000000 0.000000 1.000000
0.999311 -0.021253 0.030436 -0.000000 0.024620 0.993074 -0.114884 8.536500 -0.027784 0.115554 0.992913 0.187100 0.000000 0.000000 0.000000 1.000000
0.999123 -0.021916 0.035670 0.000000 0.025992 0.992658 -0.118132 8.536500 -0.032819 0.118956 0.992357 0.187100 0.000000 0.000000 0.000000 1.000000
0.998997 -0.020904 0.039596 -0.000000 0.025633 0.992081 -0.122955 8.536500 -0.036712 0.123847 0.991622 0.187100 0.000000 0.000000 0.000000 1.000000
0.998951 -0.018120 0.042048 0.000000 0.023425 0.991324 -0.129337 8.536500 -0.039340 0.130187 0.990709 0.187100 0.000000 0.000000 0.000000 1.000000
0.998946 -0.016313 0.042905 0.000000 0.021974 0.990608 -0.134954 8.536500 -0.040300 0.135754 0.989923 0.187100 0.000000 0.000000 0.000000 1.000000
0.998981 -0.014063 0.042884 0.000000 0.019992 0.989790 -0.141127 8.536500 -0.040461 0.141840 0.989062 0.187100 0.000000 0.000000 0.000000 1.000000
0.998988 -0.009923 0.043871 0.000000 0.016298 0.988937 -0.147439 8.536500 -0.041922 0.148004 0.988098 0.187100 0.000000 0.000000 0.000000 1.000000
0.999092 -0.002350 0.042529 0.000000 0.008863 0.988093 -0.153605 8.536500 -0.041662 0.153842 0.987217 0.187100 0.000000 0.000000 0.000000 1.000000
0.999240 0.003889 0.038790 0.000000 0.002386 0.987043 -0.160437 8.536500 -0.038911 0.160407 0.986284 0.187100 0.000000 0.000000 0.000000 1.000000
0.999344 0.010173 0.034752 0.000000 -0.004211 0.985866 -0.167483 8.536500 -0.035965 0.167227 0.985262 0.187100 0.000000 0.000000 0.000000 1.000000
0.999400 0.016379 0.030508 0.000000 -0.010807 0.984588 -0.174554 8.536500 -0.032897 0.174120 0.984175 0.187100 0.000000 0.000000 0.000000 1.000000
0.999407 0.022391 0.026156 0.000000 -0.017280 0.983246 -0.181465 8.536500 -0.029781 0.180906 0.983049 0.187100 0.000000 0.000000 0.000000 1.000000
0.999367 0.028100 0.021802 -0.000000 -0.023506 0.981881 -0.188037 8.536500 -0.026691 0.187405 0.981920 0.187100 0.000000 0.000000 0.000000 1.000000
0.999288 0.033401 0.017560 0.000000 -0.029364 0.980543 -0.194095 8.536500 -0.023701 0.193441 0.980826 0.187100 0.000000 0.000000 0.000000 1.000000
0.999178 0.038196 0.013547 0.000000 -0.034731 0.979288 -0.199470 8.536500 -0.020885 0.198836 0.979810 0.187100 0.000000 0.000000 0.000000 1.000000
0.999070 0.041947 0.010002 0.000000 -0.039040 0.978316 -0.203407 8.536500 -0.018317 0.202827 0.979043 0.187100 0.000000 0.000000 0.000000 1.000000
0.998983 0.044553 0.006979 0.000000 -0.042165 0.977678 -0.205834 8.536500 -0.015994 0.205330 0.978562 0.187100 0.000000 0.000000 0.000000 1.000000
0.998907 0.046554 0.004308 0.000000 -0.044646 0.977195 -0.207598 8.536500 -0.013874 0.207179 0.978205 0.187100 0.000000 0.000000 0.000000 1.000000
0.998823 0.048479 0.001802 0.000000 -0.047026 0.976669 -0.209538 8.536500 -0.011918 0.209207 0.977799 0.187100 0.000000 0.000000 0.000000 1.000000
0.998816 0.048625 0.001208 0.000000 -0.047274 0.976313 -0.211137 8.536500 -0.011446 0.210830 0.977456 0.187100 0.000000 0.000000 0.000000 1.000000</float_array>
        <technique_common>
          <accessor source="#mixamorig_Spine-Matrix-animation-output-transform-array" count="66" stride="16">
            <param type="float4x4"/>
          </accessor>
        </technique_common>
      </source>
      <source id="mixamorig_Spine-Interpolations">
        <Name_array id="mixamorig_Spine-Interpolations-array" count="66">
 LINEAR LINEAR LINEAR LINEAR LINEAR LINEAR LINEAR LINEAR LINEAR LINEAR LINEAR
LINEAR LINEAR LINEAR LINEAR LINEAR LINEAR LINEAR LINEAR LINEAR LINEAR LINEAR LINEAR
LINEAR LINEAR LINEAR LINEAR LINEAR LINEAR LINEAR LINEAR LINEAR LINEAR LINEAR LINEAR
LINEAR LINEAR LINEAR LINEAR LINEAR LINEAR LINEAR LINEAR LINEAR LINEAR LINEAR LINEAR
LINEAR LINEAR LINEAR LINEAR LINEAR LINEAR LINEAR LINEAR LINEAR LINEAR LINEAR LINEAR
LINEAR LINEAR LINEAR LINEAR LINEAR LINEAR LINEAR</Name_array>
        <technique_common>
          <accessor source="#mixamorig_Spine-Interpolations-array" count="66">
            <param type="name"/>
          </accessor>
        </technique_common>
      </source>
      <sampler id="mixamorig_Spine-Matrix-animation-transform">
        <input semantic="INPUT" source="#mixamorig_Spine-Matrix-animation-input"/>
        <input semantic="OUTPUT" source="#mixamorig_Spine-Matrix-animation-output-transform"/>
        <input semantic="INTERPOLATION" source="#mixamorig_Spine-Interpolations"/>
      </sampler>
      <channel source="#mixamorig_Spine-Matrix-animation-transform" target="mixamorig_Spine/matrix"/>
    </animation>
    <animation id="mixamorig_Spine1-anim" name="mixamorig_Spine1">
      <source id="mixamorig_Spine1-Matrix-animation-input">
        <float_array id="mixamorig_Spine1-Matrix-animation-input-array" count="66">

0.000000 0.033333 0.066667 0.100000 0.133333 0.166667 0.200000 0.233333 0.266667 0.300000 0.333333 0.366667 0.400000 0.433333 0.466667 0.500000
0.533333 0.566667 0.600000 0.633333 0.666667 0.700000 0.733333 0.766667 0.800000 0.833333 0.866667 0.900000 0.933333 0.966667 1.000000 1.033333
1.066667 1.100000 1.133333 1.166667 1.200000 1.233333 1.266667 1.300000 1.333333 1.366667 1.400000 1.433333 1.466667 1.500000 1.533333 1.566667
1.600000 1.633333 1.666667 1.700000 1.733333 1.766667 1.800000 1.833333 1.866667 1.900000 1.933333 1.966667 2.000000 2.033333 2.066667 2.100000
2.133333 2.166667</float_array>
        <technique_common>
          <accessor source="#mixamorig_Spine1-Matrix-animation-input-array" count="66">
            <param name="TIME" type="float"/>
          </accessor>
        </technique_common>
      </source>
      <source id="mixamorig_Spine1-Matrix-animation-output-transform">
        <float_array id="mixamorig_Spine1-Matrix-animation-output-transform-array" count="1056">

0.995240 0.097444 -0.001098 0.000000 -0.096568 0.984646 -0.145419 9.685800 -0.013089 0.144833 0.989370 0.000000 0.000000 0.000000 0.000000 1.000000
0.996397 0.084704 -0.004226 0.000000 -0.084461 0.986569 -0.139817 9.685800 -0.007674 0.139670 0.990168 0.000000 0.000000 0.000000 0.000000 1.000000
0.997092 0.074596 -0.015582 0.000000 -0.076027 0.987728 -0.136428 9.685800 0.005213 0.137216 0.990527 0.000000 0.000000 0.000000 0.000000 1.000000
0.997660 0.065819 -0.018488 0.000000 -0.067655 0.989408 -0.128434 9.685800 0.009838 0.129384 0.991546 0.000000 0.000000 0.000000 0.000000 1.000000
0.998051 0.060241 -0.016268 -0.000000 -0.061740 0.991158 -0.117450 9.685800 0.009049 0.118225 0.992946 0.000000 0.000000 0.000000 0.000000 1.000000
0.998387 0.055411 -0.012335 0.000000 -0.056412 0.992701 -0.106596 9.685800 0.006339 0.107120 0.994226 0.000000 0.000000 0.000000 0.000000 1.000000
0.998771 0.048759 -0.008871 -0.000000 -0.049388 0.994116 -0.096404 9.685800 0.004118 0.096724 0.995303 0.000000 0.000000 0.000000 0.000000 1.000000
0.999081 0.042548 -0.005088 0.000000 -0.042830 0.995217 -0.087794 9.685800 0.001329 0.087931 0.996126 0.000000 0.000000 0.000000 0.000000 1.000000
0.999359 0.035802 0.000340 -0.000000 -0.035659 0.996130 -0.080337 9.685800 -0.003215 0.080274 0.996768 -0.000000 0.000000 0.000000 0.000000 1.000000
0.999517 0.028391 0.012673 0.000000 -0.027318 0.996577 -0.078019 9.685800 -0.014844 0.077635 0.996871 0.000000 0.000000 0.000000 0.000000 1.000000
0.999206 0.031369 0.024573 0.000000 -0.029187 0.995985 -0.084631 9.685800 -0.027129 0.083846 0.996109 0.000000 0.000000 0.000000 0.000000 1.000000
0.998700 0.039357 0.032380 0.000000 -0.036554 0.995877 -0.083026 9.685800 -0.035514 0.081734 0.996021 -0.000000 0.000000 0.000000 0.000000 1.000000
0.998252 0.042633 0.040936 0.000000 -0.038696 0.994954 -0.092567 9.685800 -0.044676 0.090821 0.994865 0.000000 0.000000 0.000000 0.000000 1.000000
0.997510 0.048471 0.051236 -0.000000 -0.043182 0.994078 -0.099722 9.685800 -0.055766 0.097261 0.993695 0.000000 0.000000 0.000000 0.000000 1.000000
0.996778 0.059132 0.054200 0.000000 -0.053229 0.993095 -0.104541 9.685800 -0.060008 0.101319 0.993043 0.000000 0.000000 0.000000 0.000000 1.000000
0.996638 0.065648 0.049012 0.000000 -0.060334 0.992853 -0.102971 9.685800 -0.055421 0.099668 0.993476 0.000000 0.000000 0.000000 0.000000 1.000000
0.996931 0.067440 0.039751 -0.000000 -0.063428 0.993479 -0.094746 9.685800 -0.045881 0.091934 0.994707 -0.000000 0.000000 0.000000 0.000000 1.000000
0.996482 0.077374 0.032206 -0.000000 -0.074400 0.993593 -0.085073 9.685800 -0.038582 0.082377 0.995854 0.000000 0.000000 0.000000 0.000000 1.000000
0.996094 0.083878 0.027601 0.000000 -0.081336 0.993222 -0.083032 9.685800 -0.034378 0.080463 0.996165 0.000000 0.000000 0.000000 0.000000 1.000000
0.996505 0.079104 0.026846 -0.000000 -0.075741 0.991145 -0.109061 9.685800 -0.035236 0.106647 0.993672 -0.000000 0.000000 0.000000 0.000000 1.000000
0.997367 0.070781 0.015800 -0.000000 -0.067984 0.988353 -0.136147 9.685800 -0.025253 0.134715 0.990563 -0.000000 0.000000 0.000000 0.000000 1.000000
0.997766 0.066588 0.005374 -0.000000 -0.064561 0.981804 -0.178584 9.685800 -0.017168 0.177838 0.983910 0.000000 0.000000 0.000000 0.000000 1.000000
0.997737 0.066561 0.009477 0.000000 -0.063086 0.975589 -0.210346 9.685800 -0.023246 0.209272 0.977581 -0.000000 0.000000 0.000000 0.000000 1.000000
0.997974 0.063226 0.007110 0.000000 -0.059766 0.969912 -0.236006 9.685800 -0.021817 0.235102 0.971726 0.000000 0.000000 0.000000 0.000000 1.000000
0.997951 0.063832 -0.004440 0.000000 -0.062628 0.960193 -0.272226 9.685800 -0.013114 0.271946 0.962223 0.000000 0.000000 0.000000 0.000000 1.000000
0.997782 0.066076 -0.008040 -0.000000 -0.065407 0.950859 -0.302637 9.685800 -0.012352 0.302491 0.953072 -0.000000 0.000000 0.000000 0.000000 1.000000
0.997579 0.068921 -0.009289 -0.000000 -0.068130 0.941755 -0.329325 9.685800 -0.013950 0.329161 0.944171 -0.000000 0.000000 0.000000 0.000000 1.000000
0.997609 0.068308 -0.010511 0.000000 -0.067664 0.934387 -0.349775 9.685800 -0.014071 0.349650 0.936775 -0.000000 0.000000 0.000000 0.000000 1.000000
0.998096 0.061076 -0.008592 0.000000 -0.059922 0.927225 -0.369681 9.685800 -0.014612 0.369492 0.929119 0.000000 0.000000 0.000000 0.000000 1.000000
0.998093 0.059921 -0.014827 -0.000000 -0.060969 0.919425 -0.388510 9.685800 -0.009647 0.388673 0.921325 -0.000000 0.000000 0.000000 0.000000 1.000000
0.997749 0.066489 -0.008716 -0.000000 -0.064616 0.918523 -0.390051 9.685800 -0.017928 0.389736 0.920752 0.000000 0.000000 0.000000 0.000000 1.000000
0.997308 0.072824 -0.008621 -0.000000 -0.070480 0.919395 -0.386968 9.685800 -0.020254 0.386534 0.922053 -0.000000 0.000000 0.000000 0.000000 1.000000
0.997572 0.068585 -0.012072 0.000000 -0.068238 0.928091 -0.366048 9.685800 -0.013902 0.365983 0.930518 0.000000 0.000000 0.000000 0.000000 1.000000
0.997861 0.064269 -0.011960 0.000000 -0.064637 0.942615 -0.327564 9.685800 -0.009779 0.327637 0.944753 0.000000 0.000000 0.000000 0.000000 1.000000
0.997985 0.062522 -0.010784 0.000000 -0.063144 0.962237 -0.264788 9.685800 -0.006178 0.264935 0.964246 0.000000 0.000000 0.000000 0.000000 1.000000
0.998488 0.054917 -0.002370 -0.000000 -0.054359 0.980099 -0.190923 9.685800 -0.008162 0.190763 0.981602 0.000000 0.000000 0.000000 0.000000 1.000000
0.998688 0.050113 0.010540 0.000000 -0.048697 0.993035 -0.107285 9.685800 -0.015843 0.106631 0.994172 -0.000000 0.000000 0.000000 0.000000 1.000000
0.998972 0.039508 0.022232 0.000000 -0.038352 0.998003 -0.050184 9.685800 -0.024170 0.049280 0.998492 0.000000 0.000000 0.000000 0.000000 1.000000
0.999286 0.022002 0.030723 0.000000 -0.021392 0.999570 -0.020035 9.685800 -0.031151 0.019363 0.999327 0.000000 0.000000 0.000000 0.000000 1.000000
0.998911 0.008338 0.045903 -0.000000 -0.008200 0.999961 -0.003185 9.685800 -0.045927 0.002805 0.998941 0.000000 0.000000 0.000000 0.000000 1.000000
0.997593 -0.014209 0.067871 -0.000000 0.013361 0.999827 0.012930 9.685800 -0.068043 -0.011992 0.997610 0.000000 0.000000 0.000000 0.000000 1.000000
0.995937 -0.029441 0.085100 -0.000000 0.026893 0.999160 0.030933 9.685800 -0.085939 -0.028519 0.995892 -0.000000 0.000000 0.000000 0.000000 1.000000
0.996010 -0.034972 0.082103 0.000000 0.031683 0.998655 0.041032 9.685800 -0.083428 -0.038267 0.995779 0.000000 0.000000 0.000000 0.000000 1.000000
0.997098 -0.036384 0.066864 -0.000000 0.033822 0.998664 0.039065 9.685800 -0.068196 -0.036690 0.996997 0.000000 0.000000 0.000000 0.000000 1.000000
0.997832 -0.036580 0.054718 -0.000000 0.034317 0.998539 0.041731 9.685800 -0.056165 -0.039763 0.997629 -0.000000 0.000000 0.000000 0.000000 1.000000
0.997804 -0.038014 0.054250 -0.000000 0.035340 0.998152 0.049428 9.685800 -0.056028 -0.047402 0.997303 0.000000 0.000000 0.000000 0.000000 1.000000
0.997309 -0.041032 0.060748 -0.000000 0.038041 0.998044 0.049602 9.685800 -0.062665 -0.047157 0.996920 -0.000000 0.000000 0.000000 0.000000 1.000000
0.996520 -0.043302 0.071225 0.000000 0.040291 0.998255 0.043180 9.685800 -0.072971 -0.040160 0.996525 -0.000000 0.000000 0.000000 0.000000 1.000000
0.995993 -0.041721 0.079102 -0.000000 0.039173 0.998671 0.033504 9.685800 -0.080395 -0.030271 0.996303 0.000000 0.000000 0.000000 0.000000 1.000000
0.995800 -0.036181 0.084099 -0.000000 0.034567 0.999191 0.020572 9.685800 -0.084776 -0.017579 0.996245 0.000000 0.000000 0.000000 0.000000 1.000000
0.995774 -0.032653 0.085842 0.000000 0.031980 0.999446 0.009205 9.685800 -0.086095 -0.006421 0.996266 -0.000000 0.000000 0.000000 0.000000 1.000000
0.995923 -0.027634 0.085867 0.000000 0.028025 0.999602 -0.003355 9.685800 -0.085740 0.005748 0.996301 0.000000 0.000000 0.000000 0.000000 1.000000
0.995969 -0.018194 0.087830 0.000000 0.019702 0.999672 -0.016334 9.685800 -0.087504 0.017998 0.996002 -0.000000 0.000000 0.000000 0.000000 1.000000
0.996382 -0.001721 0.084967 0.000000 0.004215 0.999565 -0.029177 9.685800 -0.084880 0.029430 0.995956 0.000000 0.000000 0.000000 0.000000 1.000000
0.996930 0.010976 0.077530 0.000000 -0.007631 0.999033 -0.043306 9.685800 -0.077931 0.042582 0.996049 0.000000 0.000000 0.000000 0.000000 1.000000
0.997314 0.023587 0.069346 0.000000 -0.019588 0.998137 -0.057787 9.685800 -0.070580 0.056273 0.995918 0.000000 0.000000 0.000000 0.000000 1.000000
0.997517 0.035874 0.060598 0.000000 -0.031464 0.996892 -0.072227 9.685800 -0.063001 0.070141 0.995546 0.000000 0.000000 0.000000 0.000000 1.000000
0.997537 0.047622 0.051500 0.000000 -0.043064 0.995343 -0.086248 9.685800 -0.055368 0.083818 0.994942 0.000000 0.000000 0.000000 0.000000 1.000000
0.997383 0.058641 0.042294 0.000000 -0.054197 0.993561 -0.099494 9.685800 -0.047856 0.096941 0.994139 0.000000 0.000000 0.000000 0.000000 1.000000
0.997079 0.068765 0.033243 0.000000 -0.064669 0.991644 -0.111623 9.685800 -0.040641 0.109147 0.993194 0.000000 0.000000 0.000000 0.000000 1.000000
0.996661 0.077854 0.024628 0.000000 -0.074289 0.989707 -0.122314 9.685800 -0.033897 0.120076 0.992186 -0.000000 0.000000 0.000000 0.000000 1.000000
0.996240 0.084938 0.017091 0.000000 -0.082012 0.988102 -0.130111 9.685800 -0.027939 0.128220 0.991352 0.000000 0.000000 0.000000 0.000000 1.000000
0.995896 0.089852 0.010819 -0.000000 -0.087582 0.986979 -0.134913 9.685800 -0.022801 0.133411 0.990798 0.000000 0.000000 0.000000 0.000000 1.000000
0.995594 0.093619 0.005352 -0.000000 -0.091982 0.986096 -0.138400 9.685800 -0.018234 0.137298 0.990362 -0.000000 0.000000 0.000000 0.000000 1.000000
0.995264 0.097209 0.000171 -0.000000 -0.096197 0.985151 -0.142213 9.685800 -0.013992 0.141523 0.989836 0.000000 0.000000 0.000000 0.000000 1.000000
0.995240 0.097445 -0.001098 -0.000000 -0.096568 0.984646 -0.145419 9.685800 -0.013089 0.144833 0.989370 0.000000 0.000000 0.000000 0.000000 1.000000</float_array>
        <technique_common>
          <accessor source="#mixamorig_Spine1-Matrix-animation-output-transform-array" count="66" stride="16">
            <param type="float4x4"/>
          </accessor>
        </technique_common>
      </source>
      <source id="mixamorig_Spine1-Interpolations">
        <Name_array id="mixamorig_Spine1-Interpolations-array" count="66">
 LINEAR LINEAR LINEAR LINEAR LINEAR LINEAR LINEAR LINEAR LINEAR LINEAR LINEAR
LINEAR LINEAR LINEAR LINEAR LINEAR LINEAR LINEAR LINEAR LINEAR LINEAR LINEAR LINEAR
LINEAR LINEAR LINEAR LINEAR LINEAR LINEAR LINEAR LINEAR LINEAR LINEAR LINEAR LINEAR
LINEAR LINEAR LINEAR LINEAR LINEAR LINEAR LINEAR LINEAR LINEAR LINEAR LINEAR LINEAR
LINEAR LINEAR LINEAR LINEAR LINEAR LINEAR LINEAR LINEAR LINEAR LINEAR LINEAR LINEAR
LINEAR LINEAR LINEAR LINEAR LINEAR LINEAR LINEAR</Name_array>
        <technique_common>
          <accessor source="#mixamorig_Spine1-Interpolations-array" count="66">
            <param type="name"/>
          </accessor>
        </technique_common>
      </source>
      <sampler id="mixamorig_Spine1-Matrix-animation-transform">
        <input semantic="INPUT" source="#mixamorig_Spine1-Matrix-animation-input"/>
        <input semantic="OUTPUT" source="#mixamorig_Spine1-Matrix-animation-output-transform"/>
        <input semantic="INTERPOLATION" source="#mixamorig_Spine1-Interpolations"/>
      </sampler>
      <channel source="#mixamorig_Spine1-Matrix-animation-transform" target="mixamorig_Spine1/matrix"/>
    </animation>
    <animation id="mixamorig_Spine2-anim" name="mixamorig_Spine2">
      <source id="mixamorig_Spine2-Matrix-animation-input">
        <float_array id="mixamorig_Spine2-Matrix-animation-input-array" count="66">

0.000000 0.033333 0.066667 0.100000 0.133333 0.166667 0.200000 0.233333 0.266667 0.300000 0.333333 0.366667 0.400000 0.433333 0.466667 0.500000
0.533333 0.566667 0.600000 0.633333 0.666667 0.700000 0.733333 0.766667 0.800000 0.833333 0.866667 0.900000 0.933333 0.966667 1.000000 1.033333
1.066667 1.100000 1.133333 1.166667 1.200000 1.233333 1.266667 1.300000 1.333333 1.366667 1.400000 1.433333 1.466667 1.500000 1.533333 1.566667
1.600000 1.633333 1.666667 1.700000 1.733333 1.766667 1.800000 1.833333 1.866667 1.900000 1.933333 1.966667 2.000000 2.033333 2.066667 2.100000
2.133333 2.166667</float_array>
        <technique_common>
          <accessor source="#mixamorig_Spine2-Matrix-animation-input-array" count="66">
            <param name="TIME" type="float"/>
          </accessor>
        </technique_common>
      </source>
      <source id="mixamorig_Spine2-Matrix-animation-output-transform">
        <float_array id="mixamorig_Spine2-Matrix-animation-output-transform-array" count="1056">

0.995241 0.097442 0.000486 -0.000000 -0.096539 0.986672 -0.130994 15.875400 -0.013244 0.130324 0.991383 0.000000 0.000000 0.000000 0.000000 1.000000
0.996398 0.084753 -0.002848 0.000000 -0.084441 0.988511 -0.125363 15.875400 -0.007809 0.125152 0.992107 0.000000 0.000000 0.000000 0.000000 1.000000
0.997093 0.074830 -0.014367 0.000000 -0.076027 0.989619 -0.121956 15.875400 0.005092 0.122694 0.992432 0.000000 0.000000 0.000000 0.000000 1.000000
0.997661 0.066102 -0.017415 0.000000 -0.067662 0.991181 -0.113937 15.875400 0.009729 0.114849 0.993335 0.000000 0.000000 0.000000 0.000000 1.000000
