<?xml version="1.0" encoding="utf-8"?>
<COLLADA xmlns="http://www.collada.org/2005/11/COLLADASchema" version="1.4.1">
  <asset>
    <contributor>
      <author>Mixamo</author>
      <authoring_tool>COLLADA Mixamo exporter</authoring_tool>
      <comments/>
    </contributor>
    <created>2025-11-14T05:17:39Z</created>
    <modified>2025-11-14T05:17:39Z</modified>
    <revision/>
    <title/>
    <unit meter="0.010000"/>
    <up_axis>Y_UP</up_axis>
  </asset>
  <library_animations>
    <animation id="mixamorig_Hips-anim" name="mixamorig_Hips">
      <source id="mixamorig_Hips-Matrix-animation-input">
        <float_array id="mixamorig_Hips-Matrix-animation-input-array" count="39">

0.000000 0.033333 0.066667 0.100000 0.133333 0.166667 0.200000 0.233333 0.266667 0.300000 0.333333 0.366667 0.400000 0.433333 0.466667 0.500000
0.533333 0.566667 0.600000 0.633333 0.666667 0.700000 0.733333 0.766667 0.800000 0.833333 0.866667 0.900000 0.933333 0.966667 1.000000 1.033333
1.066667 1.100000 1.133333 1.166667 1.200000 1.233333 1.266667</float_array>
        <technique_common>
          <accessor source="#mixamorig_Hips-Matrix-animation-input-array" count="39">
            <param name="TIME" type="float"/>
          </accessor>
        </technique_common>
      </source>
      <source id="mixamorig_Hips-Matrix-animation-output-transform">
        <float_array id="mixamorig_Hips-Matrix-animation-output-transform-array" count="624">

0.522569 -0.060166 -0.850471 0.204834 0.069742 0.997181 -0.027692 100.640068 0.849740 -0.044842 0.525292 -0.652117 0.000000 0.000000 0.000000 1.000000
0.564525 -0.073351 -0.822151 0.001206 0.045171 0.997296 -0.057961 100.597992 0.824179 -0.004417 0.566312 -0.222959 0.000000 0.000000 0.000000 1.000000
0.593305 -0.080913 -0.800901 -0.410416 0.029730 0.996459 -0.078646 101.338150 0.804429 0.022850 0.593610 0.899405 0.000000 0.000000 0.000000 1.000000
0.617971 -0.089218 -0.781122 -0.417681 0.009347 0.994304 -0.106172 102.704788 0.786145 0.058311 0.615285 2.202632 0.000000 0.000000 0.000000 1.000000
0.635202 -0.100956 -0.765719 -0.167404 -0.023453 0.988442 -0.149777 103.624878 0.771990 0.113097 0.625492 3.396919 0.000000 0.000000 0.000000 1.000000
0.628142 -0.113685 -0.769749 0.435995 -0.058423 0.979586 -0.192350 103.419174 0.775902 0.165794 0.608677 4.909319 0.000000 0.000000 0.000000 1.000000
0.619244 -0.105365 -0.778097 0.755365 -0.074398 0.978624 -0.191728 102.485985 0.781666 0.176615 0.598168 6.324746 0.000000 0.000000 0.000000 1.000000
0.627618 -0.098310 -0.772290 0.535569 -0.069121 0.981041 -0.181056 101.765251 0.775447 0.167015 0.608923 7.004643 0.000000 0.000000 0.000000 1.000000
0.641983 -0.093106 -0.761044 0.233191 -0.064505 0.982521 -0.174616 101.597343 0.764000 0.161192 0.624757 7.434369 0.000000 0.000000 0.000000 1.000000
0.652187 -0.096052 -0.751948 -0.129130 -0.061728 0.981917 -0.178967 101.676712 0.755541 0.163136 0.634464 7.766879 0.000000 0.000000 0.000000 1.000000
0.655383 -0.103999 -0.748102 -0.378036 -0.059363 0.980318 -0.188287 102.231522 0.752960 0.167810 0.636311 7.986419 0.000000 0.000000 0.000000 1.000000
0.658407 -0.110592 -0.744493 -0.524337 -0.053007 0.979877 -0.192434 103.078522 0.750793 0.166163 0.639296 8.078766 0.000000 0.000000 0.000000 1.000000
0.663531 -0.112670 -0.739616 -0.687012 -0.045420 0.980705 -0.190144 103.759888 0.746768 0.159759 0.645611 8.120773 0.000000 0.000000 0.000000 1.000000
0.668810 -0.113998 -0.734642 -0.852824 -0.037511 0.981740 -0.186492 104.403442 0.742487 0.152285 0.652321 8.153900 0.000000 0.000000 0.000000 1.000000
0.671812 -0.115111 -0.731723 -1.019691 -0.029874 0.982837 -0.182043 104.938759 0.740119 0.144158 0.656842 8.195940 0.000000 0.000000 0.000000 1.000000
0.663107 -0.114609 -0.739698 -1.191141 -0.024440 0.984367 -0.174428 104.909409 0.748125 0.133743 0.649940 8.288478 0.000000 0.000000 0.000000 1.000000
0.656283 -0.113376 -0.745949 -1.266583 -0.016227 0.986296 -0.164183 104.415695 0.754341 0.119855 0.645449 8.184406 0.000000 0.000000 0.000000 1.000000
0.649729 -0.111811 -0.751898 -1.323043 -0.007647 0.988112 -0.153545 103.833328 0.760127 0.105512 0.641150 8.039861 0.000000 0.000000 0.000000 1.000000
0.643946 -0.109902 -0.757136 -1.363799 0.000616 0.989703 -0.143136 103.225372 0.765071 0.091705 0.637383 7.837575 0.000000 0.000000 0.000000 1.000000
0.642874 -0.107286 -0.758421 -1.327135 0.007837 0.991012 -0.133546 102.510529 0.765931 0.079909 0.637937 7.340829 0.000000 0.000000 0.000000 1.000000
0.636988 -0.104488 -0.763760 -1.266950 0.013099 0.992095 -0.124802 102.171478 0.770763 0.069493 0.633321 6.810699 0.000000 0.000000 0.000000 1.000000
0.630054 -0.101510 -0.769888 -1.202104 0.017883 0.993053 -0.116299 101.908035 0.776345 0.059507 0.627493 6.275214 0.000000 0.000000 0.000000 1.000000
0.621847 -0.098464 -0.776925 -1.133214 0.022313 0.993889 -0.108102 101.726913 0.782821 0.049887 0.620244 5.754233 0.000000 0.000000 0.000000 1.000000
0.610784 -0.095439 -0.786024 -1.055851 0.026045 0.994594 -0.100525 101.725647 0.791369 0.040927 0.609968 5.265761 0.000000 0.000000 0.000000 1.000000
0.598332 -0.092346 -0.795909 -0.973610 0.029483 0.995201 -0.093305 101.821922 0.800706 0.032361 0.598183 4.805281 0.000000 0.000000 0.000000 1.000000
0.587043 -0.089370 -0.804608 -0.891830 0.033690 0.995724 -0.086017 101.899025 0.808854 0.023389 0.587544 4.400859 0.000000 0.000000 0.000000 1.000000
0.578298 -0.086478 -0.811229 -0.806139 0.038033 0.996143 -0.079078 101.926422 0.814938 0.014877 0.579357 4.034392 0.000000 0.000000 0.000000 1.000000
0.572333 -0.084096 -0.815698 -0.703517 0.043462 0.996440 -0.072235 101.819885 0.818869 0.005891 0.573951 3.614307 0.000000 0.000000 0.000000 1.000000
0.566645 -0.081668 -0.819905 -0.598087 0.049077 0.996654 -0.065356 101.694336 0.822499 -0.003205 0.568757 3.186274 0.000000 0.000000 0.000000 1.000000
0.561179 -0.079216 -0.823895 -0.492820 0.054312 0.996788 -0.058846 101.561615 0.825910 -0.011724 0.563679 2.756269 0.000000 0.000000 0.000000 1.000000
0.555902 -0.076778 -0.827694 -0.390685 0.058617 0.996867 -0.053102 101.433578 0.829178 -0.018998 0.558661 2.330274 0.000000 0.000000 0.000000 1.000000
0.550875 -0.074398 -0.831265 -0.291057 0.061787 0.996921 -0.048279 101.311676 0.832297 -0.024766 0.553776 1.904721 0.000000 0.000000 0.000000 1.000000
0.546125 -0.072091 -0.834596 -0.192824 0.064179 0.996963 -0.044120 101.190155 0.835242 -0.029469 0.549093 1.478142 0.000000 0.000000 0.000000 1.000000
0.541567 -0.069840 -0.837751 -0.098226 0.066087 0.996996 -0.040393 101.070045 0.838056 -0.033489 0.544556 1.059662 0.000000 0.000000 0.000000 1.000000
0.537113 -0.067618 -0.840796 -0.009502 0.067791 0.997018 -0.036875 100.952332 0.840782 -0.037192 0.540095 0.658404 0.000000 0.000000 0.000000 1.000000
0.533091 -0.065637 -0.843508 0.062896 0.068760 0.997049 -0.034129 100.834900 0.843259 -0.039806 0.536032 0.310032 0.000000 0.000000 0.000000 1.000000
0.529470 -0.063837 -0.845924 0.119559 0.069129 0.997095 -0.031977 100.736549 0.845508 -0.041547 0.532344 -0.007362 0.000000 0.000000 0.000000 1.000000
0.525975 -0.061997 -0.848238 0.164909 0.069482 0.997138 -0.029796 100.680923 0.847657 -0.043265 0.528777 -0.331090 0.000000 0.000000 0.000000 1.000000
0.522570 -0.060166 -0.850471 0.204779 0.069742 0.997181 -0.027692 100.640221 0.849739 -0.044842 0.525292 -0.652202 0.000000 0.000000 0.000000 1.000000</float_array>
        <technique_common>
          <accessor source="#mixamorig_Hips-Matrix-animation-output-transform-array" count="39" stride="16">
            <param type="float4x4"/>
          </accessor>
        </technique_common>
      </source>
      <source id="mixamorig_Hips-Interpolations">
        <Name_array id="mixamorig_Hips-Interpolations-array" count="39">
 LINEAR LINEAR LINEAR LINEAR LINEAR LINEAR LINEAR LINEAR LINEAR LINEAR LINEAR
LINEAR LINEAR LINEAR LINEAR LINEAR LINEAR LINEAR LINEAR LINEAR LINEAR LINEAR LINEAR
LINEAR LINEAR LINEAR LINEAR LINEAR LINEAR LINEAR LINEAR LINEAR LINEAR LINEAR LINEAR
LINEAR LINEAR LINEAR LINEAR</Name_array>
        <technique_common>
          <accessor source="#mixamorig_Hips-Interpolations-array" count="39">
            <param type="name"/>
          </accessor>
        </technique_common>
      </source>
      <sampler id="mixamorig_Hips-Matrix-animation-transform">
        <input semantic="INPUT" source="#mixamorig_Hips-Matrix-animation-input"/>
        <input semantic="OUTPUT" source="#mixamorig_Hips-Matrix-animation-output-transform"/>
        <input semantic="INTERPOLATION" source="#mixamorig_Hips-Interpolations"/>
      </sampler>
      <channel source="#mixamorig_Hips-Matrix-animation-transform" target="mixamorig_Hips/matrix"/>
    </animation>
    <animation id="mixamorig_Spine-anim" name="mixamorig_Spine">
      <source id="mixamorig_Spine-Matrix-animation-input">
        <float_array id="mixamorig_Spine-Matrix-animation-input-array" count="39">

0.000000 0.033333 0.066667 0.100000 0.133333 0.166667 0.200000 0.233333 0.266667 0.300000 0.333333 0.366667 0.400000 0.433333 0.466667 0.500000
0.533333 0.566667 0.600000 0.633333 0.666667 0.700000 0.733333 0.766667 0.800000 0.833333 0.866667 0.900000 0.933333 0.966667 1.000000 1.033333
1.066667 1.100000 1.133333 1.166667 1.200000 1.233333 1.266667</float_array>
        <technique_common>
          <accessor source="#mixamorig_Spine-Matrix-animation-input-array" count="39">
            <param name="TIME" type="float"/>
          </accessor>
        </technique_common>
      </source>
      <source id="mixamorig_Spine-Matrix-animation-output-transform">
        <float_array id="mixamorig_Spine-Matrix-animation-output-transform-array" count="624">

0.998816 0.048625 0.001208 0.000000 -0.047275 0.976313 -0.211137 8.536500 -0.011446 0.210830 0.977456 0.187100 0.000000 0.000000 0.000000 1.000000
0.998451 0.055534 0.003345 0.000000 -0.053571 0.975908 -0.211503 8.536500 -0.015010 0.210997 0.977372 0.187100 0.000000 0.000000 0.000000 1.000000
0.997368 0.072297 0.005457 0.000000 -0.069382 0.973572 -0.217587 8.536500 -0.021044 0.216636 0.976026 0.187100 0.000000 0.000000 0.000000 1.000000
0.995238 0.097202 0.007355 -0.000000 -0.092780 0.967699 -0.234417 8.536500 -0.029903 0.232619 0.972108 0.187100 0.000000 0.000000 0.000000 1.000000
0.994150 0.107808 0.006519 -0.000000 -0.103008 0.964572 -0.242879 8.536500 -0.032472 0.240787 0.970035 0.187100 0.000000 0.000000 0.000000 1.000000
0.993799 0.111150 0.003086 0.000000 -0.107193 0.965056 -0.239115 8.536500 -0.029556 0.237301 0.970986 0.187100 0.000000 0.000000 0.000000 1.000000
0.993691 0.112059 0.004638 -0.000000 -0.107714 0.965053 -0.238894 8.536500 -0.031246 0.236887 0.971035 0.187100 0.000000 0.000000 0.000000 1.000000
0.993682 0.111884 0.008802 0.000000 -0.106373 0.963929 -0.243979 8.536500 -0.035782 0.241501 0.969741 0.187100 0.000000 0.000000 0.000000 1.000000
0.993782 0.110782 0.011173 0.000000 -0.104582 0.963153 -0.247788 8.536500 -0.038212 0.245078 0.968750 0.187100 0.000000 0.000000 0.000000 1.000000
0.994257 0.106241 0.012874 0.000000 -0.099787 0.963810 -0.247211 8.536500 -0.038672 0.244507 0.968876 0.187100 0.000000 0.000000 0.000000 1.000000
0.994794 0.100869 0.014514 0.000000 -0.094308 0.965192 -0.243947 8.536500 -0.038615 0.241308 0.969680 0.187100 0.000000 0.000000 0.000000 1.000000
0.995388 0.094481 0.016596 0.000000 -0.087694 0.966356 -0.241796 8.536500 -0.038883 0.239225 0.970185 0.187100 0.000000 0.000000 0.000000 1.000000
0.995993 0.087423 0.018868 0.000000 -0.080392 0.967569 -0.239473 8.536500 -0.039192 0.236997 0.970720 0.187100 0.000000 0.000000 0.000000 1.000000
0.996550 0.080258 0.021146 0.000000 -0.072988 0.968747 -0.237070 8.536500 -0.039512 0.234708 0.971262 0.187100 0.000000 0.000000 0.000000 1.000000
0.997017 0.073559 0.023363 0.000000 -0.066075 0.969948 -0.234168 8.536500 -0.039886 0.231926 0.971915 0.187100 0.000000 0.000000 0.000000 1.000000
0.997263 0.069437 0.025387 0.000000 -0.061822 0.971526 -0.228727 8.536500 -0.040546 0.226532 0.973159 0.187100 0.000000 0.000000 0.000000 1.000000
0.997414 0.067200 0.025487 0.000000 -0.059730 0.972282 -0.226051 8.536500 -0.039972 0.223944 0.973782 0.187100 0.000000 0.000000 0.000000 1.000000
0.997545 0.065333 0.025205 0.000000 -0.058059 0.972876 -0.223922 8.536500 -0.039151 0.221909 0.974281 0.187100 0.000000 0.000000 0.000000 1.000000
0.997667 0.063674 0.024605 0.000000 -0.056642 0.973355 -0.222197 8.536500 -0.038098 0.220285 0.974691 0.187100 0.000000 0.000000 0.000000 1.000000
0.997761 0.062993 0.022473 -0.000000 -0.056439 0.973310 -0.222446 8.536500 -0.035886 0.220679 0.974686 0.187100 0.000000 0.000000 0.000000 1.000000
0.997863 0.061907 0.020915 0.000000 -0.055733 0.973407 -0.222200 8.536500 -0.034115 0.220560 0.974777 0.187100 0.000000 0.000000 0.000000 1.000000
0.997963 0.060742 0.019476 0.000000 -0.054926 0.973536 -0.221833 8.536500 -0.032435 0.220312 0.974890 0.187100 0.000000 0.000000 0.000000 1.000000
0.998062 0.059493 0.018226 0.000000 -0.054010 0.973785 -0.220967 8.536500 -0.030894 0.219555 0.975111 0.187100 0.000000 0.000000 0.000000 1.000000
0.998159 0.058089 0.017419 0.000000 -0.052881 0.974313 -0.218903 8.536500 -0.029687 0.217579 0.975591 0.187100 0.000000 0.000000 0.000000 1.000000
0.998259 0.056536 0.016796 0.000000 -0.051580 0.974979 -0.216231 8.536500 -0.028601 0.214988 0.976198 0.187100 0.000000 0.000000 0.000000 1.000000
0.998375 0.054719 0.015941 0.000000 -0.050062 0.975639 -0.213594 8.536500 -0.027241 0.212449 0.976792 0.187100 0.000000 0.000000 0.000000 1.000000
0.998520 0.052252 0.015054 -0.000000 -0.047897 0.976216 -0.211441 8.536500 -0.025744 0.210408 0.977275 0.187100 0.000000 0.000000 0.000000 1.000000
0.998604 0.051134 0.013261 -0.000000 -0.047201 0.976419 -0.210662 8.536500 -0.023720 0.209742 0.977469 0.187100 0.000000 0.000000 0.000000 1.000000
0.998677 0.050170 0.011303 0.000000 -0.046683 0.976583 -0.210015 8.536500 -0.021575 0.209209 0.977633 0.187100 0.000000 0.000000 0.000000 1.000000
0.998736 0.049383 0.009390 0.000000 -0.046322 0.976687 -0.209612 8.536500 -0.019523 0.208913 0.977739 0.187100 0.000000 0.000000 0.000000 1.000000
0.998779 0.048795 0.007730 0.000000 -0.046095 0.976707 -0.209568 8.536500 -0.017776 0.208956 0.977763 0.187100 0.000000 0.000000 0.000000 1.000000
0.998804 0.048480 0.006404 0.000000 -0.046055 0.976594 -0.210104 8.536500 -0.016440 0.209557 0.977658 0.187100 0.000000 0.000000 0.000000 1.000000
0.998814 0.048400 0.005291 0.000000 -0.046194 0.976374 -0.211093 8.536500 -0.015383 0.210598 0.977452 0.187100 0.000000 0.000000 0.000000 1.000000
0.998818 0.048414 0.004304 -0.000000 -0.046401 0.976140 -0.212129 8.536500 -0.014472 0.211678 0.977232 0.187100 0.000000 0.000000 0.000000 1.000000
0.998823 0.048381 0.003353 0.000000 -0.046561 0.975985 -0.212805 8.536500 -0.013568 0.212399 0.977089 0.187100 0.000000 0.000000 0.000000 1.000000
0.998831 0.048278 0.002540 0.000000 -0.046637 0.976055 -0.212467 8.536500 -0.012737 0.212100 0.977165 0.187100 0.000000 0.000000 0.000000 1.000000
0.998836 0.048197 0.001952 -0.000000 -0.046691 0.976210 -0.211739 8.536500 -0.012111 0.211401 0.977324 0.187100 0.000000 0.000000 0.000000 1.000000
0.998839 0.048157 0.001577 0.000000 -0.046736 0.976280 -0.211409 8.536500 -0.011721 0.211089 0.977397 0.187100 0.000000 0.000000 0.000000 1.000000
0.998840 0.048133 0.001296 0.000000 -0.046775 0.976337 -0.211136 8.536500 -0.011428 0.210830 0.977456 0.187100 0.000000 0.000000 0.000000 1.000000</float_array>
        <technique_common>
          <accessor source="#mixamorig_Spine-Matrix-animation-output-transform-array" count="39" stride="16">
            <param type="float4x4"/>
          </accessor>
        </technique_common>
      </source>
      <source id="mixamorig_Spine-Interpolations">
        <Name_array id="mixamorig_Spine-Interpolations-array" count="39">
 LINEAR LINEAR LINEAR LINEAR LINEAR LINEAR LINEAR LINEAR LINEAR LINEAR LINEAR
LINEAR LINEAR LINEAR LINEAR LINEAR LINEAR LINEAR LINEAR LINEAR LINEAR LINEAR LINEAR
LINEAR LINEAR LINEAR LINEAR LINEAR LINEAR LINEAR LINEAR LINEAR LINEAR LINEAR LINEAR
LINEAR LINEAR LINEAR LINEAR</Name_array>
        <technique_common>
          <accessor source="#mixamorig_Spine-Interpolations-array" count="39">
            <param type="name"/>
          </accessor>
        </technique_common>
      </source>
      <sampler id="mixamorig_Spine-Matrix-animation-transform">
        <input semantic="INPUT" source="#mixamorig_Spine-Matrix-animation-input"/>
        <input semantic="OUTPUT" source="#mixamorig_Spine-Matrix-animation-output-transform"/>
        <input semantic="INTERPOLATION" source="#mixamorig_Spine-Interpolations"/>
      </sampler>
      <channel source="#mixamorig_Spine-Matrix-animation-transform" target="mixamorig_Spine/matrix"/>
    </animation>
    <animation id="mixamorig_Spine1-anim" name="mixamorig_Spine1">
      <source id="mixamorig_Spine1-Matrix-animation-input">
        <float_array id="mixamorig_Spine1-Matrix-animation-input-array" count="39">

0.000000 0.033333 0.066667 0.100000 0.133333 0.166667 0.200000 0.233333 0.266667 0.300000 0.333333 0.366667 0.400000 0.433333 0.466667 0.500000
0.533333 0.566667 0.600000 0.633333 0.666667 0.700000 0.733333 0.766667 0.800000 0.833333 0.866667 0.900000 0.933333 0.966667 1.000000 1.033333
1.066667 1.100000 1.133333 1.166667 1.200000 1.233333 1.266667</float_array>
        <technique_common>
          <accessor source="#mixamorig_Spine1-Matrix-animation-input-array" count="39">
            <param name="TIME" type="float"/>
          </accessor>
        </technique_common>
      </source>
      <source id="mixamorig_Spine1-Matrix-animation-output-transform">
        <float_array id="mixamorig_Spine1-Matrix-animation-output-transform-array" count="624">

0.995240 0.097445 -0.001099 -0.000000 -0.096568 0.984646 -0.145419 9.685800 -0.013089 0.144833 0.989370 0.000000 0.000000 0.000000 0.000000 1.000000
0.996208 0.086948 0.003123 0.000000 -0.085660 0.986471 -0.139774 9.685800 -0.015234 0.138976 0.990179 -0.000000 0.000000 0.000000 0.000000 1.000000
0.995296 0.096503 0.008591 0.000000 -0.094367 0.985699 -0.139618 9.685800 -0.021942 0.138150 0.990168 0.000000 0.000000 0.000000 0.000000 1.000000
0.991794 0.126816 0.016187 0.000000 -0.122605 0.979365 -0.160662 9.685800 -0.036227 0.157359 0.986877 0.000000 0.000000 0.000000 0.000000 1.000000
0.989089 0.146459 0.015924 0.000000 -0.141238 0.973427 -0.180257 9.685800 -0.041901 0.176041 0.983491 -0.000000 0.000000 0.000000 0.000000 1.000000
0.988065 0.153783 0.008828 0.000000 -0.149484 0.971121 -0.185954 9.685800 -0.037170 0.182415 0.982519 0.000000 0.000000 0.000000 0.000000 1.000000
0.987473 0.157348 0.011748 -0.000000 -0.152139 0.969228 -0.193523 9.685800 -0.041837 0.189312 0.981025 0.000000 0.000000 0.000000 0.000000 1.000000
0.987010 0.159447 0.019713 0.000000 -0.152255 0.967470 -0.202039 9.685800 -0.051287 0.196413 0.979179 0.000000 0.000000 0.000000 0.000000 1.000000
0.987003 0.158805 0.024634 0.000000 -0.150337 0.966585 -0.207633 9.685800 -0.056784 0.201231 0.977897 0.000000 0.000000 0.000000 0.000000 1.000000
0.987448 0.155448 0.027964 0.000000 -0.146416 0.967318 -0.207021 9.685800 -0.059231 0.200329 0.977937 0.000000 0.000000 0.000000 0.000000 1.000000
0.988135 0.150429 0.030981 0.000000 -0.141192 0.969109 -0.202219 9.685800 -0.060444 0.195446 0.978850 -0.000000 0.000000 0.000000 0.000000 1.000000
0.989023 0.143646 0.034620 -0.000000 -0.134134 0.971106 -0.197384 9.685800 -0.061973 0.190574 0.979715 0.000000 0.000000 0.000000 0.000000 1.000000
0.989989 0.135821 0.038410 0.000000 -0.126063 0.973222 -0.192215 9.685800 -0.063488 0.185448 0.980601 0.000000 0.000000 0.000000 0.000000 1.000000
0.990904 0.127800 0.042158 0.000000 -0.117833 0.975283 -0.186920 9.685800 -0.065004 0.180252 0.981470 -0.000000 0.000000 0.000000 0.000000 1.000000
0.991678 0.120321 0.045807 0.000000 -0.110195 0.977237 -0.181289 9.685800 -0.066577 0.174733 0.982362 0.000000 0.000000 0.000000 0.000000 1.000000
0.992029 0.115968 0.049293 0.000000 -0.105795 0.979022 -0.174136 9.685800 -0.068453 0.167533 0.983487 0.000000 0.000000 0.000000 0.000000 1.000000
0.992327 0.113449 0.049165 0.000000 -0.103651 0.980069 -0.169472 9.685800 -0.067412 0.163075 0.984308 0.000000 0.000000 0.000000 0.000000 1.000000
0.992612 0.111301 0.048314 0.000000 -0.101948 0.980957 -0.165318 9.685800 -0.065794 0.159172 0.985056 0.000000 0.000000 0.000000 0.000000 1.000000
0.992891 0.109410 0.046861 0.000000 -0.100539 0.981688 -0.161805 9.685800 -0.063706 0.155944 0.985709 0.000000 0.000000 0.000000 0.000000 1.000000
0.993162 0.108728 0.042517 0.000000 -0.100562 0.981730 -0.161533 9.685800 -0.059303 0.156153 0.985951 -0.000000 0.000000 0.000000 0.000000 1.000000
0.993405 0.107690 0.039355 0.000000 -0.099993 0.981677 -0.162208 9.685800 -0.056102 0.157203 0.985971 0.000000 0.000000 0.000000 0.000000 1.000000
0.993638 0.106565 0.036439 0.000000 -0.099298 0.981617 -0.163000 9.685800 -0.053139 0.158344 0.985953 -0.000000 0.000000 0.000000 0.000000 1.000000
0.993874 0.105197 0.033888 0.000000 -0.098365 0.981751 -0.162756 9.685800 -0.050391 0.158426 0.986084 0.000000 0.000000 0.000000 0.000000 1.000000
0.994131 0.103279 0.032193 0.000000 -0.096882 0.982379 -0.159828 9.685800 -0.048132 0.155771 0.986620 0.000000 0.000000 0.000000 0.000000 1.000000
0.994400 0.101086 0.030833 0.000000 -0.095117 0.983199 -0.155796 9.685800 -0.046064 0.151991 0.987308 0.000000 0.000000 0.000000 0.000000 1.000000
0.994674 0.098925 0.028953 -0.000000 -0.093404 0.983848 -0.152706 9.685800 -0.043592 0.149188 0.987848 0.000000 0.000000 0.000000 0.000000 1.000000
0.994948 0.096748 0.026816 0.000000 -0.091670 0.984383 -0.150288 9.685800 -0.040938 0.147071 0.988278 0.000000 0.000000 0.000000 0.000000 1.000000
0.995131 0.095809 0.023140 0.000000 -0.091328 0.984597 -0.149092 9.685800 -0.037068 0.146253 0.988553 0.000000 0.000000 0.000000 0.000000 1.000000
0.995292 0.095001 0.019179 -0.000000 -0.091144 0.984774 -0.148030 9.685800 -0.032950 0.145585 0.988797 0.000000 0.000000 0.000000 0.000000 1.000000
0.995417 0.094394 0.015308 0.000000 -0.091134 0.984909 -0.147138 9.685800 -0.028966 0.145068 0.988998 0.000000 0.000000 0.000000 0.000000 1.000000
0.995496 0.094058 0.011901 -0.000000 -0.091315 0.984994 -0.146452 9.685800 -0.025498 0.144706 0.989146 -0.000000 0.000000 0.000000 0.000000 1.000000
0.995523 0.094084 0.009072 0.000000 -0.091760 0.985013 -0.146044 9.685800 -0.022676 0.144558 0.989237 0.000000 0.000000 0.000000 0.000000 1.000000
0.995512 0.094405 0.006616 0.000000 -0.092437 0.984976 -0.145870 9.685800 -0.020288 0.144604 0.989282 0.000000 0.000000 0.000000 0.000000 1.000000
0.995480 0.094863 0.004435 0.000000 -0.093207 0.984914 -0.145799 9.685800 -0.018199 0.144727 0.989304 0.000000 0.000000 0.000000 0.000000 1.000000
0.995446 0.095299 0.002426 0.000000 -0.093931 0.984860 -0.145699 9.685800 -0.016274 0.144808 0.989326 0.000000 0.000000 0.000000 0.000000 1.000000
0.995404 0.095754 0.001028 0.000000 -0.094585 0.984813 -0.145591 9.685800 -0.014953 0.144825 0.989344 0.000000 0.000000 0.000000 0.000000 1.000000
0.995353 0.096292 0.000164 0.000000 -0.095243 0.984759 -0.145529 9.685800 -0.014175 0.144837 0.989354 0.000000 0.000000 0.000000 0.000000 1.000000
0.995298 0.096858 -0.000540 0.000000 -0.095906 0.984702 -0.145482 9.685800 -0.013560 0.144849 0.989361 0.000000 0.000000 0.000000 0.000000 1.000000
0.995240 0.097444 -0.001121 0.000000 -0.096571 0.984642 -0.145444 9.685800 -0.013069 0.144860 0.989366 0.000000 0.000000 0.000000 0.000000 1.000000</float_array>
        <technique_common>
          <accessor source="#mixamorig_Spine1-Matrix-animation-output-transform-array" count="39" stride="16">
            <param type="float4x4"/>
          </accessor>
        </technique_common>
      </source>
      <source id="mixamorig_Spine1-Interpolations">
        <Name_array id="mixamorig_Spine1-Interpolations-array" count="39">
 LINEAR LINEAR LINEAR LINEAR LINEAR LINEAR LINEAR LINEAR LINEAR LINEAR LINEAR
LINEAR LINEAR LINEAR LINEAR LINEAR LINEAR LINEAR LINEAR LINEAR LINEAR LINEAR LINEAR
LINEAR LINEAR LINEAR LINEAR LINEAR LINEAR LINEAR LINEAR LINEAR LINEAR LINEAR LINEAR
LINEAR LINEAR LINEAR LINEAR</Name_array>
        <technique_common>
          <accessor source="#mixamorig_Spine1-Interpolations-array" count="39">
            <param type="name"/>
          </accessor>
        </technique_common>
      </source>
      <sampler id="mixamorig_Spine1-Matrix-animation-transform">
        <input semantic="INPUT" source="#mixamorig_Spine1-Matrix-animation-input"/>
        <input semantic="OUTPUT" source="#mixamorig_Spine1-Matrix-animation-output-transform"/>
        <input semantic="INTERPOLATION" source="#mixamorig_Spine1-Interpolations"/>
      </sampler>
      <channel source="#mixamorig_Spine1-Matrix-animation-transform" target="mixamorig_Spine1/matrix"/>
    </animation>
    <animation id="mixamorig_Spine2-anim" name="mixamorig_Spine2">
      <source id="mixamorig_Spine2-Matrix-animation-input">
        <float_array id="mixamorig_Spine2-Matrix-animation-input-array" count="39">

0.000000 0.033333 0.066667 0.100000 0.133333 0.166667 0.200000 0.233333 0.266667 0.300000 0.333333 0.366667 0.400000 0.433333 0.466667 0.500000
0.533333 0.566667 0.600000 0.633333 0.666667 0.700000 0.733333 0.766667 0.800000 0.833333 0.866667 0.900000 0.933333 0.966667 1.000000 1.033333
1.066667 1.100000 1.133333 1.166667 1.200000 1.233333 1.266667</float_array>
        <technique_common>
          <accessor source="#mixamorig_Spine2-Matrix-animation-input-array" count="39">
            <param name="TIME" type="float"/>
          </accessor>
        </technique_common>
      </source>
      <source id="mixamorig_Spine2-Matrix-animation-output-transform">
        <float_array id="mixamorig_Spine2-Matrix-animation-output-transform-array" count="624">

0.995241 0.097442 0.000486 0.000000 -0.096539 0.986672 -0.130994 15.875400 -0.013244 0.130324 0.991383 0.000000 0.000000 0.000000 0.000000 1.000000
0.996069 0.088489 0.003938 0.000000 -0.087297 0.988234 -0.125592 15.875400 -0.015005 0.124754 0.992074 0.000000 0.000000 0.000000 0.000000 1.000000
0.995176 0.097576 0.010179 0.000000 -0.095791 0.988861 -0.113922 15.875400 -0.021182 0.112397 0.993438 -0.000000 0.000000 0.000000 0.000000 1.000000
0.991727 0.126950 0.018989 0.000000 -0.123437 0.983765 -0.130268 15.875400 -0.035218 0.126847 0.991297 -0.000000 0.000000 0.000000 0.000000 1.000000
0.989008 0.146607 0.019219 0.000000 -0.142139 0.978479 -0.149584 15.875400 -0.040736 0.145208 0.988562 0.000000 0.000000 0.000000 0.000000 1.000000
0.988118 0.153206 0.012309 0.000000 -0.149474 0.976516 -0.155161 15.875400 -0.035791 0.151477 0.987813 0.000000 0.000000 0.000000 0.000000 1.000000
0.987836 0.154726 0.015513 0.000000 -0.150187 0.975175 -0.162718 15.875400 -0.040305 0.158409 0.986551 0.000000 0.000000 0.000000 0.000000 1.000000
0.987199 0.157765 0.023423 0.000000 -0.151514 0.973509 -0.171244 15.875400 -0.049819 0.165503 0.984950 0.000000 0.000000 0.000000 0.000000 1.000000
0.986885 0.158976 0.028020 0.000000 -0.151633 0.972482 -0.176881 15.875400 -0.055368 0.170313 0.983833 0.000000 0.000000 0.000000 0.000000 1.000000
0.987327 0.155613 0.031128 0.000000 -0.147823 0.973170 -0.176322 15.875400 -0.057731 0.169486 0.983840 -0.000000 0.000000 0.000000 0.000000 1.000000
0.988021 0.150543 0.033941 -0.000000 -0.142633 0.974789 -0.171589 15.875400 -0.058916 0.164692 0.984584 0.000000 0.000000 0.000000 0.000000 1.000000
0.988914 0.143707 0.037369 0.000000 -0.135614 0.976609 -0.166863 15.875400 -0.060474 0.159946 0.985272 -0.000000 0.000000 0.000000 0.000000 1.000000
0.989887 0.135821 0.040950 0.000000 -0.127569 0.978538 -0.161833 15.875400 -0.062051 0.154972 0.985968 0.000000 0.000000 0.000000 0.000000 1.000000
0.990809 0.127741 0.044492 0.000000 -0.119364 0.980409 -0.156684 15.875400 -0.063635 0.149933 0.986646 0.000000 0.000000 0.000000 0.000000 1.000000
0.991590 0.120205 0.047954 -0.000000 -0.111751 0.982167 -0.151192 15.875400 -0.065272 0.144561 0.987341 -0.000000 0.000000 0.000000 0.000000 1.000000
0.991945 0.115800 0.051337 0.000000 -0.107381 0.983718 -0.144115 15.875400 -0.067189 0.137442 0.988228 0.000000 0.000000 0.000000 0.000000 1.000000
0.992241 0.113318 0.051162 -0.000000 -0.105256 0.984615 -0.139477 15.875400 -0.066180 0.133010 0.988903 -0.000000 0.000000 0.000000 0.000000 1.000000
0.992523 0.111223 0.050275 -0.000000 -0.103566 0.985372 -0.135340 15.875400 -0.064592 0.129122 0.989523 0.000000 0.000000 0.000000 0.000000 1.000000
0.992806 0.109343 0.048799 0.000000 -0.102113 0.985998 -0.131835 15.875400 -0.062531 0.125904 0.990070 0.000000 0.000000 0.000000 0.000000 1.000000
0.993107 0.108442 0.044491 -0.000000 -0.101781 0.986073 -0.131531 15.875400 -0.058135 0.126096 0.990313 -0.000000 0.000000 0.000000 0.000000 1.000000
0.993358 0.107398 0.041309 -0.000000 -0.101111 0.986053 -0.132199 15.875400 -0.054931 0.127144 0.990362 -0.000000 0.000000 0.000000 0.000000 1.000000
0.993592 0.106313 0.038361 0.000000 -0.100369 0.986022 -0.132989 15.875400 -0.051963 0.128287 0.990375 -0.000000 0.000000 0.000000 0.000000 1.000000
0.993820 0.105090 0.035759 0.000000 -0.099502 0.986143 -0.132748 15.875400 -0.049214 0.128370 0.990504 0.000000 0.000000 0.000000 0.000000 1.000000
0.994039 0.103602 0.033965 0.000000 -0.098395 0.986642 -0.129832 15.875400 -0.046962 0.125716 0.990954 0.000000 0.000000 0.000000 0.000000 1.000000
0.994266 0.101880 0.032499 -0.000000 -0.097054 0.987295 -0.125814 15.875400 -0.044904 0.121939 0.991521 0.000000 0.000000 0.000000 0.000000 1.000000
0.994548 0.099699 0.030581 0.000000 -0.095255 0.987858 -0.122728 15.875400 -0.042446 0.119146 0.991969 -0.000000 0.000000 0.000000 0.000000 1.000000
0.994895 0.096809 0.028492 0.000000 -0.092731 0.988396 -0.120308 15.875400 -0.039808 0.117052 0.992328 0.000000 0.000000 0.000000 0.000000 1.000000
0.995101 0.095725 0.024731 -0.000000 -0.092144 0.988612 -0.118977 15.875400 -0.035838 0.116115 0.992589 0.000000 0.000000 0.000000 0.000000 1.000000
0.995278 0.094843 0.020654 0.000000 -0.091784 0.988802 -0.117671 15.875400 -0.031583 0.115219 0.992838 -0.000000 0.000000 0.000000 0.000000 1.000000
0.995412 0.094219 0.016691 0.000000 -0.091647 0.988921 -0.116771 15.875400 -0.027508 0.114705 0.993019 0.000000 0.000000 0.000000 0.000000 1.000000
0.995493 0.093901 0.013272 0.000000 -0.091726 0.988927 -0.116661 15.875400 -0.024079 0.114918 0.993083 0.000000 0.000000 0.000000 0.000000 1.000000
0.995517 0.093991 0.010555 0.000000 -0.092107 0.988775 -0.117643 15.875400 -0.021494 0.116143 0.993000 0.000000 0.000000 0.000000 0.000000 1.000000
0.995497 0.094424 0.008298 -0.000000 -0.092765 0.988498 -0.119443 15.875400 -0.019481 0.118135 0.992806 0.000000 0.000000 0.000000 0.000000 1.000000
0.995457 0.094997 0.006322 0.000000 -0.093529 0.988165 -0.121579 15.875400 -0.017797 0.120435 0.992562 0.000000 0.000000 0.000000 0.000000 1.000000
0.995419 0.095506 0.004452 -0.000000 -0.094228 0.987852 -0.123569 15.875400 -0.016200 0.122583 0.992326 0.000000 0.000000 0.000000 0.000000 1.000000
0.995382 0.095947 0.003019 0.000000 -0.094814 0.987568 -0.125375 15.875400 -0.015011 0.124510 0.992105 0.000000 0.000000 0.000000 0.000000 1.000000
0.995338 0.096424 0.002028 0.000000 -0.095384 0.987276 -0.127230 15.875400 -0.014270 0.126443 0.991871 0.000000 0.000000 0.000000 0.000000 1.000000
0.995291 0.096927 0.001203 0.000000 -0.095961 0.986977 -0.129106 15.875400 -0.013701 0.128382 0.991630 -0.000000 0.000000 0.000000 0.000000 1.000000
0.995241 0.097441 0.000486 0.000000 -0.096538 0.986672 -0.130994 15.875400 -0.013244 0.130324 0.991383 0.000000 0.000000 0.000000 0.000000 1.000000</float_array>
        <technique_common>
          <accessor source="#mixamorig_Spine2-Matrix-animation-output-transform-array" count="39" stride="16">
            <param type="float4x4"/>
          </accessor>
        </technique_common>
      </source>
      <source id="mixamorig_Spine2-Interpolations">
        <Name_array id="mixamorig_Spine2-Interpolations-array" count="39">
 LINEAR LINEAR LINEAR LINEAR LINEAR LINEAR LINEAR LINEAR LINEAR LINEAR LINEAR
LINEAR LINEAR LINEAR LINEAR LINEAR LINEAR LINEAR LINEAR LINEAR LINEAR LINEAR LINEAR
LINEAR LINEAR LINEAR LINEAR LINEAR LINEAR LINEAR LINEAR LINEAR LINEAR LINEAR LINEAR
LINEAR LINEAR LINEAR LINEAR</Name_array>
        <technique_common>
          <accessor source="#mixamorig_Spine2-Interpolations-array" count="39">
            <param type="name"/>
          </accessor>
        </technique_common>
      </source>
      <sampler id="mixamorig_Spine2-Matrix-animation-transform">
        <input semantic="INPUT" source="#mixamorig_Spine2-Matrix-animation-input"/>
        <input semantic="OUTPUT" source="#mixamorig_Spine2-Matrix-animation-output-transform"/>
        <input semantic="INTERPOLATION" source="#mixamorig_Spine2-Interpolations"/>
      </sampler>
      <channel source="#mixamorig_Spine2-Matrix-animation-transform" target="mixamorig_Spine2/matrix"/>
    </animation>
    <animation id="mixamorig_Neck-anim" name="mixamorig_Neck">
      <source id="mixamorig_Neck-Matrix-animation-input">
        <float_array id="mixamorig_Neck-Matrix-animation-input-array" count="39">

0.000000 0.033333 0.066667 0.100000 0.133333 0.166667 0.200000 0.233333 0.266667 0.300000 0.333333 0.366667 0.400000 0.433333 0.466667 0.500000
0.533333 0.566667 0.600000 0.633333 0.666667 0.700000 0.733333 0.766667 0.800000 0.833333 0.866667 0.900000 0.933333 0.966667 1.000000 1.033333
1.066667 1.100000 1.133333 1.166667 1.200000 1.233333 1.266667</float_array>
        <technique_common>
          <accessor source="#mixamorig_Neck-Matrix-animation-input-array" count="39">
            <param name="TIME" type="float"/>
          </accessor>
        </technique_common>
      </source>
      <source id="mixamorig_Neck-Matrix-animation-output-transform">
        <float_array id="mixamorig_Neck-Matrix-animation-output-transform-array" count="624">

0.885839 -0.189304 0.423619 0.000000 0.042159 0.942048 0.332817 26.173401 -0.462074 -0.276963 0.842484 -0.161200 0.000000 0.000000 0.000000 1.000000
0.887514 -0.232587 0.397771 -0.000000 0.041107 0.899778 0.434407 26.173401 -0.458943 -0.369191 0.808127 -0.161200 0.000000 0.000000 0.000000 1.000000
0.896587 -0.242206 0.370767 0.000000 0.036656 0.874909 0.482899 26.173401 -0.441348 -0.419370 0.793310 -0.161200 0.000000 0.000000 0.000000 1.000000
0.921691 -0.230486 0.312029 0.000000 0.054624 0.873450 0.483840 26.173401 -0.384061 -0.428906 0.817641 -0.161200 0.000000 0.000000 0.000000 1.000000
0.945035 -0.207049 0.253062 -0.000000 0.075804 0.891611 0.446412 26.173401 -0.318062 -0.402692 0.858298 -0.161200 0.000000 0.000000 0.000000 1.000000
0.956019 -0.156728 0.247918 0.000000 0.061381 0.933453 0.353409 26.173401 -0.286809 -0.322648 0.902019 -0.161200 0.000000 0.000000 0.000000 1.000000
0.955114 -0.102511 0.277935 0.000000 0.038621 0.973300 0.226265 26.173401 -0.293709 -0.205375 0.933572 -0.161200 0.000000 0.000000 0.000000 1.000000
0.946730 -0.079806 0.311984 -0.000000 0.041622 0.991004 0.127196 26.173401 -0.319328 -0.107435 0.941534 -0.161200 0.000000 0.000000 0.000000 1.000000
0.936984 -0.082290 0.339543 0.000000 0.050850 0.993638 0.100492 26.173401 -0.345652 -0.076893 0.935207 -0.161200 0.000000 0.000000 0.000000 1.000000
0.929387 -0.093042 0.357188 0.000000 0.052525 0.991198 0.121525 26.173401 -0.365351 -0.094182 0.926093 -0.161200 0.000000 0.000000 0.000000 1.000000
0.926810 -0.099536 0.362098 0.000000 0.045163 0.986778 0.155655 26.173401 -0.372804 -0.127910 0.919052 -0.161200 0.000000 0.000000 0.000000 1.000000
0.928725 -0.103129 0.356139 -0.000000 0.034686 0.980492 0.193473 26.173401 -0.369144 -0.167330 0.914184 -0.161200 0.000000 0.000000 0.000000 1.000000
0.931179 -0.112280 0.346840 0.000000 0.031391 0.972551 0.230561 26.173401 -0.363208 -0.203806 0.909144 -0.161200 0.000000 0.000000 0.000000 1.000000
0.933693 -0.122017 0.336644 0.000000 0.029537 0.963192 0.267188 26.173401 -0.356854 -0.239528 0.902929 -0.161200 0.000000 0.000000 0.000000 1.000000
0.935960 -0.132360 0.326283 0.000000 0.029296 0.952717 0.302443 26.173401 -0.350887 -0.273516 0.895582 -0.161200 0.000000 0.000000 0.000000 1.000000
0.937055 -0.148344 0.316104 -0.000000 0.037238 0.942563 0.331946 26.173401 -0.347190 -0.299280 0.888758 -0.161200 0.000000 0.000000 0.000000 1.000000
0.937296 -0.165355 0.306812 -0.000000 0.047371 0.932563 0.357885 26.173401 -0.345300 -0.320911 0.881921 -0.161200 0.000000 0.000000 0.000000 1.000000
0.937268 -0.182205 0.297202 -0.000000 0.057881 0.922042 0.382738 26.173401 -0.343770 -0.341526 0.874747 -0.161200 0.000000 0.000000 0.000000 1.000000
0.937039 -0.197617 0.287935 0.000000 0.067794 0.911743 0.405128 26.173401 -0.342582 -0.360100 0.867736 -0.161200 0.000000 0.000000 0.000000 1.000000
0.936347 -0.207124 0.283467 0.000000 0.074369 0.906121 0.416429 26.173401 -0.343108 -0.368841 0.863848 -0.161200 0.000000 0.000000 0.000000 1.000000
0.935770 -0.205505 0.286536 0.000000 0.074307 0.909291 0.409473 26.173401 -0.344693 -0.361881 0.866158 -0.161200 0.000000 0.000000 0.000000 1.000000
0.935165 -0.201758 0.291135 0.000000 0.072983 0.914041 0.399003 26.173401 -0.346612 -0.351885 0.869504 -0.161200 0.000000 0.000000 0.000000 1.000000
0.933767 -0.198219 0.297975 0.000000 0.071344 0.918994 0.387763 26.173401 -0.350699 -0.340822 0.872267 -0.161200 0.000000 0.000000 0.000000 1.000000
0.930443 -0.195682 0.309812 0.000000 0.069239 0.924130 0.375752 26.173401 -0.359835 -0.328165 0.873400 -0.161200 0.000000 0.000000 0.000000 1.000000
0.925841 -0.193483 0.324626 0.000000 0.066967 0.929400 0.362948 26.173401 -0.371932 -0.314293 0.873434 -0.161200 0.000000 0.000000 0.000000 1.000000
0.920183 -0.192975 0.340622 0.000000 0.065862 0.933978 0.351207 26.173401 -0.385907 -0.300741 0.872141 -0.161200 0.000000 0.000000 0.000000 1.000000
0.913869 -0.193174 0.357110 0.000000 0.066943 0.939214 0.336743 26.173401 -0.400453 -0.283832 0.871250 -0.161200 0.000000 0.000000 0.000000 1.000000
0.907916 -0.193874 0.371620 0.000000 0.065808 0.941537 0.330421 26.173401 -0.413954 -0.275539 0.867595 -0.161200 0.000000 0.000000 0.000000 1.000000
0.901621 -0.194579 0.386288 0.000000 0.064451 0.943565 0.324855 26.173401 -0.427698 -0.267999 0.863279 -0.161200 0.000000 0.000000 0.000000 1.000000
0.895769 -0.194984 0.399473 0.000000 0.062740 0.945124 0.320632 26.173401 -0.440070 -0.262149 0.858846 -0.161200 0.000000 0.000000 0.000000 1.000000
0.891229 -0.194860 0.409562 0.000000 0.060549 0.946039 0.318347 26.173401 -0.449494 -0.258921 0.854935 -0.161200 0.000000 0.000000 0.000000 1.000000
0.888621 -0.194138 0.415528 -0.000000 0.057598 0.946060 0.318831 26.173401 -0.455011 -0.259386 0.851871 -0.161200 0.000000 0.000000 0.000000 1.000000
0.887464 -0.193078 0.418483 0.000000 0.054041 0.945347 0.321558 26.173401 -0.457698 -0.262756 0.849395 -0.161200 0.000000 0.000000 0.000000 1.000000
0.886983 -0.191933 0.420028 0.000000 0.050397 0.944338 0.325093 26.173401 -0.459045 -0.267184 0.847284 -0.161200 0.000000 0.000000 0.000000 1.000000
0.886388 -0.190944 0.421731 -0.000000 0.047192 0.943501 0.327993 26.173401 -0.460532 -0.270826 0.845319 -0.161200 0.000000 0.000000 0.000000 1.000000
0.885947 -0.190221 0.422982 0.000000 0.045023 0.942986 0.329772 26.173401 -0.461596 -0.273117 0.844001 -0.161200 0.000000 0.000000 0.000000 1.000000
0.885897 -0.189709 0.423316 0.000000 0.043632 0.942584 0.331108 26.173401 -0.461825 -0.274857 0.843309 -0.161200 0.000000 0.000000 0.000000 1.000000
0.885844 -0.189465 0.423537 0.000000 0.042778 0.942291 0.332051 26.173401 -0.462007 -0.276027 0.842827 -0.161200 0.000000 0.000000 0.000000 1.000000
0.885846 -0.189325 0.423595 0.000000 0.042188 0.942046 0.332820 26.173401 -0.462057 -0.276957 0.842495 -0.161200 0.000000 0.000000 0.000000 1.000000</float_array>
        <technique_common>
          <accessor source="#mixamorig_Neck-Matrix-animation-output-transform-array" count="39" stride="16">
            <param type="float4x4"/>
          </accessor>
        </technique_common>
      </source>
      <source id="mixamorig_Neck-Interpolations">
