<?xml version="1.0" encoding="utf-8"?>
<COLLADA xmlns="http://www.collada.org/2005/11/COLLADASchema" version="1.4.1">
  <asset>
    <contributor>
      <author>Mixamo</author>
      <authoring_tool>COLLADA Mixamo exporter</authoring_tool>
      <comments/>
    </contributor>
    <created>2025-11-14T05:17:34Z</created>
    <modified>2025-11-14T05:17:34Z</modified>
    <revision/>
    <title/>
    <unit meter="0.010000"/>
    <up_axis>Y_UP</up_axis>
  </asset>
  <library_animations>
    <animation id="mixamorig_Hips-anim" name="mixamorig_Hips">
      <source id="mixamorig_Hips-Matrix-animation-input">
        <float_array id="mixamorig_Hips-Matrix-animation-input-array" count="33">

0.000000 0.033333 0.066667 0.100000 0.133333 0.166667 0.200000 0.233333 0.266667 0.300000 0.333333 0.366667 0.400000 0.433333 0.466667 0.500000
0.533333 0.566667 0.600000 0.633333 0.666667 0.700000 0.733333 0.766667 0.800000 0.833333 0.866667 0.900000 0.933333 0.966667 1.000000 1.033333
1.066667</float_array>
        <technique_common>
          <accessor source="#mixamorig_Hips-Matrix-animation-input-array" count="33">
            <param name="TIME" type="float"/>
          </accessor>
        </technique_common>
      </source>
      <source id="mixamorig_Hips-Matrix-animation-output-transform">
        <float_array id="mixamorig_Hips-Matrix-animation-output-transform-array" count="528">

0.918913 -0.163896 -0.358799 -0.208467 0.137579 0.985643 -0.097883 159.455292 0.369690 0.040583 0.928269 3.116909 0.000000 0.000000 0.000000 1.000000
0.917825 -0.157216 -0.364529 -0.488851 0.134666 0.987095 -0.086653 159.039810 0.373448 0.030443 0.927152 13.731267 0.000000 0.000000 0.000000 1.000000
0.912327 -0.159057 -0.377307 -1.227851 0.141618 0.987173 -0.073719 157.590637 0.384192 0.013822 0.923150 24.095829 0.000000 0.000000 0.000000 1.000000
0.902010 -0.164154 -0.399288 -2.150740 0.153769 0.986394 -0.058152 155.035629 0.403401 -0.008944 0.914979 33.975838 0.000000 0.000000 0.000000 1.000000
0.886530 -0.167848 -0.431152 -3.111265 0.179668 0.983635 -0.013499 151.019135 0.426362 -0.065497 0.902178 43.427200 0.000000 0.000000 0.000000 1.000000
0.864423 -0.165614 -0.474706 -4.203391 0.190535 0.981670 0.004475 145.446899 0.465263 -0.094316 0.880133 53.690521 0.000000 0.000000 0.000000 1.000000
0.834171 -0.153638 -0.529673 -5.042453 0.189866 0.981706 0.014260 138.174683 0.517793 -0.112463 0.848082 64.749443 0.000000 0.000000 0.000000 1.000000
0.786552 -0.132384 -0.603168 -5.452959 0.183655 0.982702 0.023809 129.682037 0.589582 -0.129502 0.797259 75.433784 0.000000 0.000000 0.000000 1.000000
0.714555 -0.117399 -0.689659 -5.636834 0.180387 0.983402 0.019497 120.344101 0.675923 -0.138337 0.723872 85.813614 0.000000 0.000000 0.000000 1.000000
0.624411 -0.114808 -0.772613 -5.478478 0.183645 0.982990 0.002350 110.446671 0.759201 -0.143354 0.634873 95.684174 0.000000 0.000000 0.000000 1.000000
0.526554 -0.123922 -0.841061 -4.322083 0.187196 0.981938 -0.027484 100.962395 0.829276 -0.142971 0.540241 104.308975 0.000000 0.000000 0.000000 1.000000
0.436699 -0.147292 -0.887468 -2.110438 0.189014 0.979508 -0.069560 92.427246 0.879527 -0.137367 0.455590 112.141579 0.000000 0.000000 0.000000 1.000000
0.383217 -0.209198 -0.899656 -0.167084 0.203208 0.969245 -0.138821 85.202324 0.901028 -0.129619 0.413942 118.728775 0.000000 0.000000 0.000000 1.000000
0.446195 -0.255149 -0.857793 1.717415 0.196543 0.963034 -0.184218 80.187157 0.873087 -0.086397 0.479849 122.845161 0.000000 0.000000 0.000000 1.000000
0.540039 -0.225612 -0.810837 4.281680 0.176864 0.972311 -0.152744 76.893929 0.822847 -0.060920 0.564988 125.417770 0.000000 0.000000 0.000000 1.000000
0.534012 -0.277234 -0.798732 5.339242 0.203081 0.959114 -0.197126 74.792061 0.820725 -0.056940 0.568479 128.481659 0.000000 0.000000 0.000000 1.000000
0.485862 -0.297857 -0.821718 6.532128 0.192440 0.953526 -0.231849 73.562874 0.852587 -0.045485 0.520602 131.306793 0.000000 0.000000 0.000000 1.000000
0.457752 -0.311116 -0.832869 7.352463 0.171346 0.950085 -0.260728 73.576294 0.872413 -0.023360 0.488212 133.804916 0.000000 0.000000 0.000000 1.000000
0.449919 -0.319137 -0.834101 7.718767 0.166264 0.947575 -0.272869 74.354767 0.877456 -0.015912 0.479393 135.827621 0.000000 0.000000 0.000000 1.000000
0.465588 -0.314415 -0.827267 7.871170 0.149107 0.949269 -0.276866 75.473061 0.872350 0.005555 0.488850 137.814880 0.000000 0.000000 0.000000 1.000000
0.474860 -0.307335 -0.824653 7.720160 0.133069 0.951341 -0.277925 77.278641 0.869943 0.022240 0.492651 139.564941 0.000000 0.000000 0.000000 1.000000
0.475674 -0.296580 -0.828115 7.401113 0.126334 0.954719 -0.269355 79.586411 0.870502 0.023506 0.491603 141.028214 0.000000 0.000000 0.000000 1.000000
0.477887 -0.280595 -0.832400 6.947138 0.122460 0.959637 -0.253180 82.162994 0.869843 0.019055 0.492960 142.298126 0.000000 0.000000 0.000000 1.000000
0.479732 -0.254604 -0.839663 6.288423 0.117360 0.966994 -0.226161 85.222565 0.869531 0.009954 0.493778 143.109192 0.000000 0.000000 0.000000 1.000000
0.481466 -0.226995 -0.846560 5.604020 0.112079 0.973896 -0.197396 88.356934 0.869269 0.000158 0.494339 143.864395 0.000000 0.000000 0.000000 1.000000
0.483136 -0.198638 -0.852715 4.899758 0.106669 0.980023 -0.167857 91.500595 0.869023 -0.009861 0.494673 144.570587 0.000000 0.000000 0.000000 1.000000
0.484789 -0.170434 -0.857865 4.181468 0.101180 0.985174 -0.138548 94.587997 0.868759 -0.019632 0.494846 145.234604 0.000000 0.000000 0.000000 1.000000
0.486628 -0.142814 -0.861857 3.330331 0.095070 0.989345 -0.110261 97.350197 0.868421 -0.028281 0.495020 145.524170 0.000000 0.000000 0.000000 1.000000
0.492274 -0.122343 -0.861800 2.546031 0.089719 0.991932 -0.089568 99.393547 0.865804 -0.033227 0.499278 145.745667 0.000000 0.000000 0.000000 1.000000
0.498609 -0.103294 -0.860650 1.776848 0.084389 0.993943 -0.070402 101.276985 0.862709 -0.037526 0.504306 145.952484 0.000000 0.000000 0.000000 1.000000
0.505415 -0.085300 -0.858650 1.049024 0.079110 0.995491 -0.052328 102.758377 0.859242 -0.041481 0.509885 146.129211 0.000000 0.000000 0.000000 1.000000
0.514799 -0.072397 -0.854249 0.536742 0.074670 0.996428 -0.039448 102.148834 0.854053 -0.043479 0.518366 146.150208 0.000000 0.000000 0.000000 1.000000
0.521789 -0.063540 -0.850705 0.211465 0.071298 0.996981 -0.030734 101.164993 0.850090 -0.044617 0.524744 146.168854 0.000000 0.000000 0.000000 1.000000</float_array>
        <technique_common>
          <accessor source="#mixamorig_Hips-Matrix-animation-output-transform-array" count="33" stride="16">
            <param type="float4x4"/>
          </accessor>
        </technique_common>
      </source>
      <source id="mixamorig_Hips-Interpolations">
        <Name_array id="mixamorig_Hips-Interpolations-array" count="33">
 LINEAR LINEAR LINEAR LINEAR LINEAR LINEAR LINEAR LINEAR LINEAR LINEAR LINEAR
LINEAR LINEAR LINEAR LINEAR LINEAR LINEAR LINEAR LINEAR LINEAR LINEAR LINEAR LINEAR
LINEAR LINEAR LINEAR LINEAR LINEAR LINEAR LINEAR LINEAR LINEAR LINEAR</Name_array>
        <technique_common>
          <accessor source="#mixamorig_Hips-Interpolations-array" count="33">
            <param type="name"/>
          </accessor>
        </technique_common>
      </source>
      <sampler id="mixamorig_Hips-Matrix-animation-transform">
        <input semantic="INPUT" source="#mixamorig_Hips-Matrix-animation-input"/>
        <input semantic="OUTPUT" source="#mixamorig_Hips-Matrix-animation-output-transform"/>
        <input semantic="INTERPOLATION" source="#mixamorig_Hips-Interpolations"/>
      </sampler>
      <channel source="#mixamorig_Hips-Matrix-animation-transform" target="mixamorig_Hips/matrix"/>
    </animation>
    <animation id="mixamorig_Spine-anim" name="mixamorig_Spine">
      <source id="mixamorig_Spine-Matrix-animation-input">
        <float_array id="mixamorig_Spine-Matrix-animation-input-array" count="33">

0.000000 0.033333 0.066667 0.100000 0.133333 0.166667 0.200000 0.233333 0.266667 0.300000 0.333333 0.366667 0.400000 0.433333 0.466667 0.500000
0.533333 0.566667 0.600000 0.633333 0.666667 0.700000 0.733333 0.766667 0.800000 0.833333 0.866667 0.900000 0.933333 0.966667 1.000000 1.033333
1.066667</float_array>
        <technique_common>
          <accessor source="#mixamorig_Spine-Matrix-animation-input-array" count="33">
            <param name="TIME" type="float"/>
          </accessor>
        </technique_common>
      </source>
      <source id="mixamorig_Spine-Matrix-animation-output-transform">
        <float_array id="mixamorig_Spine-Matrix-animation-output-transform-array" count="528">

0.978846 0.183768 -0.089945 0.000000 -0.201622 0.791684 -0.576702 8.536500 -0.034771 0.582637 0.811988 0.187100 0.000000 0.000000 0.000000 1.000000
0.979581 0.178000 -0.093473 -0.000000 -0.199528 0.803595 -0.560736 8.536500 -0.024697 0.567936 0.822702 0.187100 0.000000 0.000000 0.000000 1.000000
0.982162 0.163837 -0.092275 0.000000 -0.187905 0.836935 -0.514034 8.536500 -0.006990 0.522204 0.852792 0.187100 0.000000 0.000000 0.000000 1.000000
0.987392 0.140041 -0.073800 0.000000 -0.158255 0.883950 -0.439985 8.536500 0.003619 0.446117 0.894967 0.187100 0.000000 0.000000 0.000000 1.000000
0.993512 0.103843 -0.046364 0.000000 -0.113541 0.928845 -0.352641 8.536500 0.006446 0.355618 0.934609 0.187100 0.000000 0.000000 0.000000 1.000000
0.998779 0.047553 -0.013418 0.000000 -0.049409 0.959880 -0.276022 8.536500 -0.000246 0.276348 0.961058 0.187100 0.000000 0.000000 0.000000 1.000000
0.999948 0.003603 0.009542 0.000000 -0.001419 0.975574 -0.219665 8.536500 -0.010101 0.219640 0.975529 0.187100 0.000000 0.000000 0.000000 1.000000
0.999204 -0.023167 0.032469 0.000000 0.028784 0.982336 -0.184897 8.536500 -0.027612 0.185684 0.982221 0.187100 0.000000 0.000000 0.000000 1.000000
0.997399 -0.042556 0.058183 0.000000 0.053031 0.979886 -0.192384 8.536500 -0.048825 0.194969 0.979593 0.187100 0.000000 0.000000 0.000000 1.000000
0.995581 -0.053768 0.076996 0.000000 0.070579 0.969244 -0.235765 8.536500 -0.061952 0.240158 0.968755 0.187100 0.000000 0.000000 0.000000 1.000000
0.993981 -0.061706 0.090526 0.000000 0.087428 0.944722 -0.316001 8.536500 -0.066023 0.322013 0.944430 0.187100 0.000000 0.000000 0.000000 1.000000
0.994298 -0.040963 0.098455 0.000000 0.072188 0.938113 -0.338724 8.536500 -0.078487 0.343900 0.935721 0.187100 0.000000 0.000000 0.000000 1.000000
0.995795 0.036154 0.084168 -0.000000 -0.011327 0.960369 -0.278501 8.536500 -0.090901 0.276376 0.956741 0.187100 0.000000 0.000000 0.000000 1.000000
0.995831 0.078342 0.046733 0.000000 -0.059498 0.946139 -0.318247 8.536500 -0.069147 0.314139 0.946855 0.187100 0.000000 0.000000 0.000000 1.000000
0.995956 0.089251 0.010276 0.000000 -0.072230 0.863488 -0.499171 8.536500 -0.053425 0.496410 0.866442 0.187100 0.000000 0.000000 0.000000 1.000000
0.988938 0.147375 -0.016790 0.000000 -0.130586 0.811364 -0.569769 8.536500 -0.070347 0.565659 0.821634 0.187100 0.000000 0.000000 0.000000 1.000000
0.978920 0.201576 -0.032909 0.000000 -0.180684 0.779549 -0.599714 8.536500 -0.095234 0.593018 0.799538 0.187100 0.000000 0.000000 0.000000 1.000000
0.969481 0.241268 -0.043556 0.000000 -0.218839 0.771505 -0.597402 8.536500 -0.110530 0.588702 0.800758 0.187100 0.000000 0.000000 0.000000 1.000000
0.959871 0.275650 -0.051625 -0.000000 -0.254240 0.777621 -0.575037 8.536500 -0.118364 0.565087 0.816497 0.187100 0.000000 0.000000 0.000000 1.000000
0.963925 0.262258 -0.045488 0.000000 -0.244155 0.803120 -0.543495 8.536500 -0.106003 0.534995 0.838179 0.187100 0.000000 0.000000 0.000000 1.000000
0.965413 0.257720 -0.039475 0.000000 -0.242832 0.833670 -0.496011 8.536500 -0.094923 0.488441 0.867419 0.187100 0.000000 0.000000 0.000000 1.000000
0.961434 0.272518 -0.037120 -0.000000 -0.260561 0.859301 -0.440125 8.536500 -0.088044 0.432824 0.897169 0.187100 0.000000 0.000000 0.000000 1.000000
0.964249 0.263136 -0.031357 0.000000 -0.254516 0.886657 -0.386083 8.536500 -0.073790 0.380261 0.921931 0.187100 0.000000 0.000000 0.000000 1.000000
0.970657 0.239231 -0.024361 0.000000 -0.232413 0.907314 -0.350379 8.536500 -0.061719 0.345759 0.936291 0.187100 0.000000 0.000000 0.000000 1.000000
0.976878 0.212954 -0.018972 0.000000 -0.207908 0.925534 -0.316484 8.536500 -0.049837 0.313110 0.948408 0.187100 0.000000 0.000000 0.000000 1.000000
0.982521 0.185525 -0.015262 0.000000 -0.182157 0.941307 -0.284185 8.536500 -0.038357 0.281997 0.958648 0.187100 0.000000 0.000000 0.000000 1.000000
0.987319 0.158200 -0.013165 0.000000 -0.156348 0.954691 -0.253219 8.536500 -0.027491 0.252067 0.967319 0.187100 0.000000 0.000000 0.000000 1.000000
0.991461 0.130035 -0.009776 0.000000 -0.128632 0.962945 -0.237045 8.536500 -0.021411 0.236278 0.971449 0.187100 0.000000 0.000000 0.000000 1.000000
0.994033 0.108875 -0.006642 0.000000 -0.107552 0.968168 -0.226017 8.536500 -0.018177 0.225383 0.974101 0.187100 0.000000 0.000000 0.000000 1.000000
0.996020 0.089043 -0.003848 0.000000 -0.087770 0.972441 -0.215999 8.536500 -0.015491 0.215477 0.976386 0.187100 0.000000 0.000000 0.000000 1.000000
0.997514 0.070444 -0.001599 0.000000 -0.069243 0.975794 -0.207442 8.536500 -0.013052 0.207037 0.978246 0.187100 0.000000 0.000000 0.000000 1.000000
0.998297 0.058336 -0.000310 -0.000000 -0.057142 0.976765 -0.206555 8.536500 -0.011746 0.206221 0.978435 0.187100 0.000000 0.000000 0.000000 1.000000
0.998691 0.051153 0.000571 0.000000 -0.049902 0.976599 -0.209197 8.536500 -0.011259 0.208895 0.977873 0.187100 0.000000 0.000000 0.000000 1.000000</float_array>
        <technique_common>
          <accessor source="#mixamorig_Spine-Matrix-animation-output-transform-array" count="33" stride="16">
            <param type="float4x4"/>
          </accessor>
        </technique_common>
      </source>
      <source id="mixamorig_Spine-Interpolations">
        <Name_array id="mixamorig_Spine-Interpolations-array" count="33">
 LINEAR LINEAR LINEAR LINEAR LINEAR LINEAR LINEAR LINEAR LINEAR LINEAR LINEAR
LINEAR LINEAR LINEAR LINEAR LINEAR LINEAR LINEAR LINEAR LINEAR LINEAR LINEAR LINEAR
LINEAR LINEAR LINEAR LINEAR LINEAR LINEAR LINEAR LINEAR LINEAR LINEAR</Name_array>
        <technique_common>
          <accessor source="#mixamorig_Spine-Interpolations-array" count="33">
            <param type="name"/>
          </accessor>
        </technique_common>
      </source>
      <sampler id="mixamorig_Spine-Matrix-animation-transform">
        <input semantic="INPUT" source="#mixamorig_Spine-Matrix-animation-input"/>
        <input semantic="OUTPUT" source="#mixamorig_Spine-Matrix-animation-output-transform"/>
        <input semantic="INTERPOLATION" source="#mixamorig_Spine-Interpolations"/>
      </sampler>
      <channel source="#mixamorig_Spine-Matrix-animation-transform" target="mixamorig_Spine/matrix"/>
    </animation>
    <animation id="mixamorig_Spine1-anim" name="mixamorig_Spine1">
      <source id="mixamorig_Spine1-Matrix-animation-input">
        <float_array id="mixamorig_Spine1-Matrix-animation-input-array" count="33">

0.000000 0.033333 0.066667 0.100000 0.133333 0.166667 0.200000 0.233333 0.266667 0.300000 0.333333 0.366667 0.400000 0.433333 0.466667 0.500000
0.533333 0.566667 0.600000 0.633333 0.666667 0.700000 0.733333 0.766667 0.800000 0.833333 0.866667 0.900000 0.933333 0.966667 1.000000 1.033333
1.066667</float_array>
        <technique_common>
          <accessor source="#mixamorig_Spine1-Matrix-animation-input-array" count="33">
            <param name="TIME" type="float"/>
          </accessor>
        </technique_common>
      </source>
      <source id="mixamorig_Spine1-Matrix-animation-output-transform">
        <float_array id="mixamorig_Spine1-Matrix-animation-output-transform-array" count="528">

0.999750 0.018453 -0.012591 0.000000 -0.018006 0.999236 0.034699 9.685800 0.013222 -0.034464 0.999318 0.000000 0.000000 0.000000 0.000000 1.000000
0.999468 0.027313 -0.017845 -0.000000 -0.026864 0.999329 0.024916 9.685800 0.018513 -0.024424 0.999530 -0.000000 0.000000 0.000000 0.000000 1.000000
0.998144 0.054781 -0.026616 0.000000 -0.054590 0.998478 0.007866 9.685800 0.027007 -0.006399 0.999615 0.000000 0.000000 0.000000 0.000000 1.000000
0.995217 0.090550 -0.036668 0.000000 -0.091048 0.995772 -0.012155 9.685800 0.035412 0.015436 0.999254 -0.000000 0.000000 0.000000 0.000000 1.000000
0.990475 0.131910 -0.039473 0.000000 -0.133843 0.989682 -0.051138 9.685800 0.032320 0.055935 0.997911 -0.000000 0.000000 0.000000 0.000000 1.000000
0.985141 0.168904 -0.031128 0.000000 -0.170776 0.982597 -0.073066 9.685800 0.018245 0.077297 0.996841 0.000000 0.000000 0.000000 0.000000 1.000000
0.982204 0.187344 -0.013345 0.000000 -0.187797 0.978521 -0.085028 9.685800 -0.002871 0.086022 0.996289 -0.000000 0.000000 0.000000 0.000000 1.000000
0.982111 0.187643 0.015777 0.000000 -0.185449 0.978351 -0.091856 9.685800 -0.032672 0.087287 0.995647 0.000000 0.000000 0.000000 0.000000 1.000000
0.982896 0.177106 0.050483 0.000000 -0.172959 0.981896 -0.077234 9.685800 -0.063247 0.067182 0.995734 0.000000 0.000000 0.000000 0.000000 1.000000
0.983175 0.162801 0.082843 0.000000 -0.158345 0.985689 -0.057824 9.685800 -0.091071 0.043734 0.994884 0.000000 0.000000 0.000000 0.000000 1.000000
0.981607 0.159527 0.104878 0.000000 -0.157791 0.987164 -0.024700 9.685800 -0.107472 0.007697 0.994178 0.000000 0.000000 0.000000 0.000000 1.000000
0.981575 0.151013 0.117072 0.000000 -0.148869 0.988491 -0.026896 9.685800 -0.119786 0.008972 0.992759 0.000000 0.000000 0.000000 0.000000 1.000000
0.986043 0.116305 0.119132 0.000000 -0.109787 0.992148 -0.059908 9.685800 -0.125164 0.045993 0.991069 0.000000 0.000000 0.000000 0.000000 1.000000
0.993003 0.073422 0.092492 0.000000 -0.068686 0.996208 -0.053395 9.685800 -0.096062 0.046669 0.994281 0.000000 0.000000 0.000000 0.000000 1.000000
0.996780 0.036805 0.071240 -0.000000 -0.035780 0.999238 -0.015609 9.685800 -0.071761 0.013010 0.997337 0.000000 0.000000 0.000000 0.000000 1.000000
0.996850 0.026645 0.074700 -0.000000 -0.027595 0.999551 0.011714 9.685800 -0.074354 -0.013739 0.997137 -0.000000 0.000000 0.000000 0.000000 1.000000
0.995913 0.020118 0.088054 0.000000 -0.022409 0.999434 0.025102 9.685800 -0.087499 -0.026973 0.995799 -0.000000 0.000000 0.000000 0.000000 1.000000
0.995124 0.015618 0.097389 0.000000 -0.019548 0.999027 0.039527 9.685800 -0.096677 -0.041238 0.994461 0.000000 0.000000 0.000000 0.000000 1.000000
0.995204 0.011225 0.097172 0.000000 -0.014557 0.999328 0.033648 9.685800 -0.096729 -0.034902 0.994699 0.000000 0.000000 0.000000 0.000000 1.000000
0.995762 0.012396 0.091127 -0.000000 -0.014103 0.999737 0.018110 9.685800 -0.090878 -0.019318 0.995675 -0.000000 0.000000 0.000000 0.000000 1.000000
0.996029 0.015328 0.087697 0.000000 -0.015273 0.999883 -0.001301 9.685800 -0.087707 -0.000043 0.996146 0.000000 0.000000 0.000000 0.000000 1.000000
0.996067 0.016918 0.086970 0.000000 -0.014933 0.999614 -0.023432 9.685800 -0.087333 0.022041 0.995935 0.000000 0.000000 0.000000 0.000000 1.000000
0.996406 0.025833 0.080675 0.000000 -0.022303 0.998767 -0.044352 9.685800 -0.081722 0.042393 0.995753 -0.000000 0.000000 0.000000 0.000000 1.000000
0.996885 0.037772 0.069241 0.000000 -0.033548 0.997562 -0.061193 9.685800 -0.071384 0.058680 0.995721 -0.000000 0.000000 0.000000 0.000000 1.000000
0.997149 0.049780 0.056708 0.000000 -0.045326 0.995978 -0.077294 9.685800 -0.060328 0.074503 0.995394 -0.000000 0.000000 0.000000 0.000000 1.000000
0.997144 0.061626 0.043669 0.000000 -0.057381 0.994051 -0.092578 9.685800 -0.049114 0.089808 0.994747 0.000000 0.000000 0.000000 0.000000 1.000000
0.996849 0.073122 0.030733 0.000000 -0.069455 0.991829 -0.107010 9.685800 -0.038306 0.104538 0.993783 -0.000000 0.000000 0.000000 0.000000 1.000000
0.996167 0.085172 0.019945 0.000000 -0.082287 0.989752 -0.116703 9.685800 -0.029681 0.114615 0.992967 0.000000 0.000000 0.000000 0.000000 1.000000
0.995692 0.091739 0.013433 0.000000 -0.089362 0.988157 -0.124738 9.685800 -0.024718 0.123001 0.992099 0.000000 0.000000 0.000000 0.000000 1.000000
0.995239 0.097165 0.007701 0.000000 -0.095297 0.986606 -0.132392 9.685800 -0.020461 0.131027 0.991168 0.000000 0.000000 0.000000 0.000000 1.000000
0.994822 0.101609 0.002398 -0.000000 -0.100284 0.985139 -0.139441 9.685800 -0.016531 0.138478 0.990228 0.000000 0.000000 0.000000 0.000000 1.000000
0.994826 0.101593 -0.000502 0.000000 -0.100610 0.984492 -0.143711 9.685800 -0.014106 0.143017 0.989620 0.000000 0.000000 0.000000 0.000000 1.000000
0.995025 0.099613 -0.001593 0.000000 -0.098788 0.984470 -0.145120 9.685800 -0.012887 0.144555 0.989413 0.000000 0.000000 0.000000 0.000000 1.000000</float_array>
        <technique_common>
          <accessor source="#mixamorig_Spine1-Matrix-animation-output-transform-array" count="33" stride="16">
            <param type="float4x4"/>
          </accessor>
        </technique_common>
      </source>
      <source id="mixamorig_Spine1-Interpolations">
        <Name_array id="mixamorig_Spine1-Interpolations-array" count="33">
 LINEAR LINEAR LINEAR LINEAR LINEAR LINEAR LINEAR LINEAR LINEAR LINEAR LINEAR
LINEAR LINEAR LINEAR LINEAR LINEAR LINEAR LINEAR LINEAR LINEAR LINEAR LINEAR LINEAR
LINEAR LINEAR LINEAR LINEAR LINEAR LINEAR LINEAR LINEAR LINEAR LINEAR</Name_array>
        <technique_common>
          <accessor source="#mixamorig_Spine1-Interpolations-array" count="33">
            <param type="name"/>
          </accessor>
        </technique_common>
      </source>
      <sampler id="mixamorig_Spine1-Matrix-animation-transform">
        <input semantic="INPUT" source="#mixamorig_Spine1-Matrix-animation-input"/>
        <input semantic="OUTPUT" source="#mixamorig_Spine1-Matrix-animation-output-transform"/>
        <input semantic="INTERPOLATION" source="#mixamorig_Spine1-Interpolations"/>
      </sampler>
      <channel source="#mixamorig_Spine1-Matrix-animation-transform" target="mixamorig_Spine1/matrix"/>
    </animation>
    <animation id="mixamorig_Spine2-anim" name="mixamorig_Spine2">
      <source id="mixamorig_Spine2-Matrix-animation-input">
        <float_array id="mixamorig_Spine2-Matrix-animation-input-array" count="33">

0.000000 0.033333 0.066667 0.100000 0.133333 0.166667 0.200000 0.233333 0.266667 0.300000 0.333333 0.366667 0.400000 0.433333 0.466667 0.500000
0.533333 0.566667 0.600000 0.633333 0.666667 0.700000 0.733333 0.766667 0.800000 0.833333 0.866667 0.900000 0.933333 0.966667 1.000000 1.033333
1.066667</float_array>
        <technique_common>
          <accessor source="#mixamorig_Spine2-Matrix-animation-input-array" count="33">
            <param name="TIME" type="float"/>
          </accessor>
        </technique_common>
      </source>
      <source id="mixamorig_Spine2-Matrix-animation-output-transform">
        <float_array id="mixamorig_Spine2-Matrix-animation-output-transform-array" count="528">

0.999718 0.016730 -0.016824 0.000000 -0.015893 0.998687 0.048702 15.875400 0.017617 -0.048421 0.998672 0.000000 0.000000 0.000000 0.000000 1.000000
0.999655 0.015889 -0.020928 -0.000000 -0.014999 0.999003 0.042041 15.875400 0.021575 -0.041712 0.998897 0.000000 0.000000 0.000000 0.000000 1.000000
0.999450 0.023465 -0.023420 0.000000 -0.023118 0.999621 0.014964 15.875400 0.023762 -0.014415 0.999614 0.000000 0.000000 0.000000 0.000000 1.000000
0.998624 0.046045 -0.025102 0.000000 -0.046902 0.998297 -0.034678 15.875400 0.023463 0.035807 0.999083 -0.000000 0.000000 0.000000 0.000000 1.000000
0.996282 0.083130 -0.022598 0.000000 -0.084941 0.991673 -0.096798 15.875400 0.014363 0.098357 0.995047 0.000000 0.000000 0.000000 0.000000 1.000000
0.992618 0.120288 -0.015510 0.000000 -0.121280 0.983375 -0.135147 15.875400 -0.001004 0.136031 0.990704 0.000000 0.000000 0.000000 0.000000 1.000000
0.990693 0.136095 0.002160 0.000000 -0.134283 0.979849 -0.147865 15.875400 -0.022240 0.146199 0.989005 -0.000000 0.000000 0.000000 0.000000 1.000000
0.989863 0.138879 0.029723 0.000000 -0.132947 0.979698 -0.150057 15.875400 -0.049959 0.144585 0.988230 0.000000 0.000000 0.000000 0.000000 1.000000
0.989036 0.134725 0.060473 -0.000000 -0.125715 0.982991 -0.133883 15.875400 -0.077481 0.124813 0.989150 0.000000 0.000000 0.000000 0.000000 1.000000
0.988088 0.126988 0.086924 0.000000 -0.117272 0.987099 -0.109005 15.875400 -0.099645 0.097513 0.990233 0.000000 0.000000 0.000000 0.000000 1.000000
0.986155 0.128394 0.104942 -0.000000 -0.120308 0.989501 -0.080081 15.875400 -0.114122 0.066346 0.991249 -0.000000 0.000000 0.000000 0.000000 1.000000
0.985931 0.124527 0.111504 0.000000 -0.115239 0.989590 -0.086210 15.875400 -0.121079 0.072148 0.990018 -0.000000 0.000000 0.000000 0.000000 1.000000
0.988881 0.095972 0.113593 0.000000 -0.082599 0.989680 -0.117093 15.875400 -0.123658 0.106408 0.986603 -0.000000 0.000000 0.000000 0.000000 1.000000
0.993923 0.062173 0.090837 0.000000 -0.051520 0.992000 -0.115244 15.875400 -0.097275 0.109864 0.989175 -0.000000 0.000000 0.000000 0.000000 1.000000
0.996941 0.034312 0.070229 0.000000 -0.028656 0.996382 -0.080013 15.875400 -0.072720 0.077756 0.994317 0.000000 0.000000 0.000000 0.000000 1.000000
0.997395 0.022133 0.068659 0.000000 -0.018528 0.998439 -0.052694 15.875400 -0.069718 0.051284 0.996248 0.000000 0.000000 0.000000 0.000000 1.000000
0.996466 0.016507 0.082365 0.000000 -0.014140 0.999472 -0.029243 15.875400 -0.082804 0.027975 0.996173 0.000000 0.000000 0.000000 0.000000 1.000000
0.995598 0.005208 0.093580 0.000000 -0.003638 0.999850 -0.016946 15.875400 -0.093654 0.016531 0.995468 0.000000 0.000000 0.000000 0.000000 1.000000
0.995577 -0.008412 0.093567 0.000000 0.010321 0.999748 -0.019941 15.875400 -0.093376 0.020818 0.995413 0.000000 0.000000 0.000000 0.000000 1.000000
0.996156 -0.003484 0.087524 0.000000 0.006349 0.999452 -0.032479 15.875400 -0.087363 0.032910 0.995633 -0.000000 0.000000 0.000000 0.000000 1.000000
0.996339 -0.004253 0.085380 -0.000000 0.008501 0.998740 -0.049452 15.875400 -0.085062 0.049997 0.995120 0.000000 0.000000 0.000000 0.000000 1.000000
0.996241 -0.011765 0.085821 0.000000 0.017641 0.997527 -0.068032 15.875400 -0.084808 0.069291 0.993985 0.000000 0.000000 0.000000 0.000000 1.000000
0.996743 -0.005707 0.080444 0.000000 0.012508 0.996362 -0.084301 15.875400 -0.079671 0.085033 0.993188 0.000000 0.000000 0.000000 0.000000 1.000000
0.997495 0.008349 0.070242 0.000000 -0.001615 0.995439 -0.095390 15.875400 -0.070718 0.095038 0.992959 -0.000000 0.000000 0.000000 0.000000 1.000000
0.997980 0.023363 0.059077 0.000000 -0.017028 0.994268 -0.105547 15.875400 -0.061204 0.104328 0.992658 0.000000 0.000000 0.000000 0.000000 1.000000
0.998129 0.038605 0.047422 0.000000 -0.032946 0.992840 -0.114818 15.875400 -0.051515 0.113040 0.992254 -0.000000 0.000000 0.000000 0.000000 1.000000
0.997934 0.053359 0.035772 -0.000000 -0.048578 0.991179 -0.123304 15.875400 -0.042036 0.121312 0.991724 -0.000000 0.000000 0.000000 0.000000 1.000000
0.997416 0.067293 0.025154 -0.000000 -0.063564 0.989800 -0.127497 15.875400 -0.033477 0.125569 0.991520 -0.000000 0.000000 0.000000 0.000000 1.000000
0.996898 0.076620 0.018008 0.000000 -0.073651 0.988789 -0.129893 15.875400 -0.027758 0.128164 0.991365 0.000000 0.000000 0.000000 0.000000 1.000000
0.996314 0.085002 0.011528 0.000000 -0.082751 0.987808 -0.131864 15.875400 -0.022596 0.130424 0.991201 0.000000 0.000000 0.000000 0.000000 1.000000
0.995707 0.092397 0.005565 0.000000 -0.090833 0.986888 -0.133419 15.875400 -0.017820 0.132341 0.991044 0.000000 0.000000 0.000000 0.000000 1.000000
0.995475 0.094997 0.002285 0.000000 -0.093845 0.986613 -0.133369 15.875400 -0.014924 0.132551 0.991064 -0.000000 0.000000 0.000000 0.000000 1.000000
0.995314 0.096698 0.000497 0.000000 -0.095788 0.986633 -0.131836 15.875400 -0.013239 0.131171 0.991271 0.000000 0.000000 0.000000 0.000000 1.000000</float_array>
        <technique_common>
          <accessor source="#mixamorig_Spine2-Matrix-animation-output-transform-array" count="33" stride="16">
            <param type="float4x4"/>
          </accessor>
        </technique_common>
      </source>
      <source id="mixamorig_Spine2-Interpolations">
        <Name_array id="mixamorig_Spine2-Interpolations-array" count="33">
 LINEAR LINEAR LINEAR LINEAR LINEAR LINEAR LINEAR LINEAR LINEAR LINEAR LINEAR
LINEAR LINEAR LINEAR LINEAR LINEAR LINEAR LINEAR LINEAR LINEAR LINEAR LINEAR LINEAR
LINEAR LINEAR LINEAR LINEAR LINEAR LINEAR LINEAR LINEAR LINEAR LINEAR</Name_array>
        <technique_common>
          <accessor source="#mixamorig_Spine2-Interpolations-array" count="33">
            <param type="name"/>
          </accessor>
        </technique_common>
      </source>
      <sampler id="mixamorig_Spine2-Matrix-animation-transform">
        <input semantic="INPUT" source="#mixamorig_Spine2-Matrix-animation-input"/>
        <input semantic="OUTPUT" source="#mixamorig_Spine2-Matrix-animation-output-transform"/>
        <input semantic="INTERPOLATION" source="#mixamorig_Spine2-Interpolations"/>
      </sampler>
      <channel source="#mixamorig_Spine2-Matrix-animation-transform" target="mixamorig_Spine2/matrix"/>
    </animation>
    <animation id="mixamorig_Neck-anim" name="mixamorig_Neck">
      <source id="mixamorig_Neck-Matrix-animation-input">
        <float_array id="mixamorig_Neck-Matrix-animation-input-array" count="33">

0.000000 0.033333 0.066667 0.100000 0.133333 0.166667 0.200000 0.233333 0.266667 0.300000 0.333333 0.366667 0.400000 0.433333 0.466667 0.500000
0.533333 0.566667 0.600000 0.633333 0.666667 0.700000 0.733333 0.766667 0.800000 0.833333 0.866667 0.900000 0.933333 0.966667 1.000000 1.033333
1.066667</float_array>
        <technique_common>
          <accessor source="#mixamorig_Neck-Matrix-animation-input-array" count="33">
            <param name="TIME" type="float"/>
          </accessor>
        </technique_common>
      </source>
      <source id="mixamorig_Neck-Matrix-animation-output-transform">
        <float_array id="mixamorig_Neck-Matrix-animation-output-transform-array" count="528">

0.977867 -0.156521 0.138842 -0.000000 0.078039 0.888559 0.452076 26.173401 -0.194129 -0.431235 0.881107 -0.161200 0.000000 0.000000 0.000000 1.000000
0.976150 -0.169905 0.135142 0.000000 0.096618 0.897446 0.430413 26.173401 -0.194412 -0.407090 0.892458 -0.161200 0.000000 0.000000 0.000000 1.000000
0.970903 -0.203671 0.125961 0.000000 0.140060 0.909594 0.391181 26.173401 -0.194246 -0.362157 0.911653 -0.161200 0.000000 0.000000 0.000000 1.000000
0.961973 -0.248135 0.114177 0.000000 0.189589 0.907489 0.374860 26.173401 -0.196630 -0.338958 0.920024 -0.161200 0.000000 0.000000 0.000000 1.000000
0.950327 -0.293784 0.102812 0.000000 0.226988 0.880154 0.416900 26.173401 -0.212969 -0.372854 0.903119 -0.161200 0.000000 0.000000 0.000000 1.000000
0.938634 -0.331544 0.095102 -0.000000 0.258403 0.858578 0.442799 26.173401 -0.228460 -0.391052 0.891563 -0.161200 0.000000 0.000000 0.000000 1.000000
0.932042 -0.349391 0.096044 -0.000000 0.286084 0.872218 0.396726 26.173401 -0.222384 -0.342289 0.912899 -0.161200 0.000000 0.000000 0.000000 1.000000
0.943926 -0.306544 0.122618 -0.000000 0.255519 0.913473 0.316664 26.173401 -0.209080 -0.267576 0.940579 -0.161200 0.000000 0.000000 0.000000 1.000000
0.958981 -0.230134 0.165513 0.000000 0.193299 0.957961 0.212007 26.173401 -0.207345 -0.171317 0.963150 -0.161200 0.000000 0.000000 0.000000 1.000000
0.966018 -0.141132 0.216541 -0.000000 0.108836 0.981983 0.154481 26.173401 -0.234442 -0.125664 0.963974 -0.161200 0.000000 0.000000 0.000000 1.000000
0.962294 -0.069547 0.262971 0.000000 0.019572 0.981960 0.188073 26.173401 -0.271307 -0.175835 0.946295 -0.161200 0.000000 0.000000 0.000000 1.000000
0.953911 -0.030607 0.298526 -0.000000 -0.052983 0.961980 0.267931 26.173401 -0.295377 -0.271399 0.916021 -0.161200 0.000000 0.000000 0.000000 1.000000
0.945258 -0.008854 0.326203 0.000000 -0.090910 0.952912 0.289300 26.173401 -0.313404 -0.303118 0.899943 -0.161200 0.000000 0.000000 0.000000 1.000000
0.937392 0.011010 0.348102 -0.000000 -0.115694 0.952585 0.281420 26.173401 -0.328498 -0.304074 0.894219 -0.161200 0.000000 0.000000 0.000000 1.000000
0.932528 0.035096 0.359389 -0.000000 -0.141350 0.951324 0.273867 26.173401 -0.332284 -0.306188 0.892096 -0.161200 0.000000 0.000000 0.000000 1.000000
0.932560 0.057713 0.356373 0.000000 -0.153227 0.957090 0.245969 26.173401 -0.326885 -0.283987 0.901387 -0.161200 0.000000 0.000000 0.000000 1.000000
0.926630 0.071654 0.369083 0.000000 -0.158393 0.964703 0.210379 26.173401 -0.340981 -0.253403 0.905273 -0.161200 0.000000 0.000000 0.000000 1.000000
0.921005 0.074149 0.382428 0.000000 -0.158340 0.968218 0.193604 26.173401 -0.355918 -0.238864 0.903474 -0.161200 0.000000 0.000000 0.000000 1.000000
0.919766 0.065034 0.387040 0.000000 -0.151601 0.968504 0.197529 26.173401 -0.362004 -0.240356 0.900656 -0.161200 0.000000 0.000000 0.000000 1.000000
0.921504 0.051713 0.384911 -0.000000 -0.144243 0.965775 0.215574 26.173401 -0.360590 -0.254173 0.897425 -0.161200 0.000000 0.000000 0.000000 1.000000
0.924828 0.034469 0.378821 -0.000000 -0.136772 0.959416 0.246607 26.173401 -0.354946 -0.279881 0.892009 -0.161200 0.000000 0.000000 0.000000 1.000000
0.924857 0.011034 0.380156 0.000000 -0.125515 0.952430 0.277712 26.173401 -0.359007 -0.304559 0.882246 -0.161200 0.000000 0.000000 0.000000 1.000000
0.922001 -0.016809 0.386821 -0.000000 -0.111319 0.945367 0.306413 26.173401 -0.370839 -0.325574 0.869759 -0.161200 0.000000 0.000000 0.000000 1.000000
0.917184 -0.045142 0.395898 0.000000 -0.091886 0.942823 0.320378 26.173401 -0.387724 -0.330223 0.860594 -0.161200 0.000000 0.000000 0.000000 1.000000
0.911351 -0.073748 0.404971 -0.000000 -0.071938 0.940145 0.333096 26.173401 -0.405296 -0.332700 0.851496 -0.161200 0.000000 0.000000 0.000000 1.000000
0.904765 -0.101927 0.413536 0.000000 -0.051941 0.937289 0.344662 26.173401 -0.422733 -0.333317 0.842732 -0.161200 0.000000 0.000000 0.000000 1.000000
0.897788 -0.128990 0.421115 0.000000 -0.032327 0.934272 0.355094 26.173401 -0.439239 -0.332412 0.834608 -0.161200 0.000000 0.000000 0.000000 1.000000
0.892493 -0.148020 0.426082 0.000000 -0.012741 0.935973 0.351842 26.173401 -0.450880 -0.319446 0.833463 -0.161200 0.000000 0.000000 0.000000 1.000000
0.889939 -0.160326 0.426972 -0.000000 0.002554 0.937914 0.346860 26.173401 -0.456073 -0.307593 0.835095 -0.161200 0.000000 0.000000 0.000000 1.000000
0.887751 -0.171307 0.427262 0.000000 0.016933 0.939700 0.341581 26.173401 -0.460013 -0.296004 0.837120 -0.161200 0.000000 0.000000 0.000000 1.000000
0.885722 -0.181222 0.427383 -0.000000 0.030052 0.941106 0.336774 26.173401 -0.463243 -0.285445 0.839004 -0.161200 0.000000 0.000000 0.000000 1.000000
0.885508 -0.186034 0.425755 0.000000 0.037067 0.941707 0.334386 26.173401 -0.463143 -0.280320 0.840785 -0.161200 0.000000 0.000000 0.000000 1.000000
0.885686 -0.188558 0.424271 0.000000 0.040952 0.941982 0.333155 26.173401 -0.462475 -0.277696 0.842022 -0.161200 0.000000 0.000000 0.000000 1.000000</float_array>
        <technique_common>
          <accessor source="#mixamorig_Neck-Matrix-animation-output-transform-array" count="33" stride="16">
            <param type="float4x4"/>
          </accessor>
        </technique_common>
      </source>
      <source id="mixamorig_Neck-Interpolations">
        <Name_array id="mixamorig_Neck-Interpolations-array" count="33">
 LINEAR LINEAR LINEAR LINEAR LINEAR LINEAR LINEAR LINEAR LINEAR LINEAR LINEAR
LINEAR LINEAR LINEAR LINEAR LINEAR LINEAR LINEAR LINEAR LINEAR LINEAR LINEAR LINEAR
LINEAR LINEAR LINEAR LINEAR LINEAR LINEAR LINEAR LINEAR LINEAR LINEAR</Name_array>
        <technique_common>
          <accessor source="#mixamorig_Neck-Interpolations-array" count="33">
            <param type="name"/>
          </accessor>
        </technique_common>
      </source>
      <sampler id="mixamorig_Neck-Matrix-animation-transform">
        <input semantic="INPUT" source="#mixamorig_Neck-Matrix-animation-input"/>
        <input semantic="OUTPUT" source="#mixamorig_Neck-Matrix-animation-output-transform"/>
        <input semantic="INTERPOLATION" source="#mixamorig_Neck-Interpolations"/>
      </sampler>
      <channel source="#mixamorig_Neck-Matrix-animation-transform" target="mixamorig_Neck/matrix"/>
    </animation>
    <animation id="mixamorig_Head-anim" name="mixamorig_Head">
      <source id="mixamorig_Head-Matrix-animation-input">
        <float_array id="mixamorig_Head-Matrix-animation-input-array" count="33">

0.000000 0.033333 0.066667 0.100000 0.133333 0.166667 0.200000 0.233333 0.266667 0.300000 0.333333 0.366667 0.400000 0.433333 0.466667 0.500000
0.533333 0.566667 0.600000 0.633333 0.666667 0.700000 0.733333 0.766667 0.800000 0.833333 0.866667 0.900000 0.933333 0.966667 1.000000 1.033333
1.066667</float_array>
        <technique_common>
          <accessor source="#mixamorig_Head-Matrix-animation-input-array" count="33">
            <param name="TIME" type="float"/>
          </accessor>
        </technique_common>
      </source>
      <source id="mixamorig_Head-Matrix-animation-output-transform">
        <float_array id="mixamorig_Head-Matrix-animation-output-transform-array" count="528">

0.924802 0.293988 0.241480 0.000000 -0.217765 0.929509 -0.297643 14.369300 -0.311961 0.222675 0.923632 0.127800 0.000000 0.000000 0.000000 1.000000
0.916254 0.301027 0.264311 0.000000 -0.224588 0.932357 -0.283322 14.369300 -0.331720 0.200234 0.921883 0.127800 0.000000 0.000000 0.000000 1.000000
0.900820 0.319597 0.293907 0.000000 -0.247651 0.934195 -0.256806 14.369300 -0.356641 0.158550 0.920690 0.127800 0.000000 0.000000 0.000000 1.000000
0.886771 0.336508 0.316858 -0.000000 -0.261033 0.930350 -0.257509 14.369300 -0.381443 0.145641 0.912847 0.127800 0.000000 0.000000 0.000000 1.000000
0.883137 0.354205 0.307583 -0.000000 -0.255293 0.912955 -0.318336 14.369300 -0.393565 0.202610 0.896691 0.127800 0.000000 0.000000 0.000000 1.000000
0.880375 0.374882 0.290523 0.000000 -0.262892 0.895563 -0.358963 14.369300 -0.394751 0.239646 0.886985 0.127800 0.000000 0.000000 0.000000 1.000000
0.865262 0.402588 0.298737 0.000000 -0.298529 0.892503 -0.338110 14.369300 -0.402743 0.203372 0.892434 0.127800 0.000000 0.000000 0.000000 1.000000
0.865478 0.388256 0.316551 0.000000 -0.310639 0.911699 -0.268904 14.369300 -0.393002 0.134398 0.909663 0.127800 0.000000 0.000000 0.000000 1.000000
0.866999 0.376593 0.326330 0.000000 -0.335444 0.925347 -0.176661 14.369300 -0.368498 0.043700 0.928601 0.127800 0.000000 0.000000 0.000000 1.000000
0.876333 0.356998 0.323409 0.000000 -0.332555 0.934084 -0.129981 14.369300 -0.348494 0.006356 0.937289 0.127800 0.000000 0.000000 0.000000 1.000000
0.889286 0.312117 0.334296 0.000000 -0.280545 0.949540 -0.140245 14.369300 -0.361200 0.030933 0.931975 0.127800 0.000000 0.000000 0.000000 1.000000
0.888350 0.276344 0.366698 0.000000 -0.243179 0.960573 -0.134772 14.369300 -0.389484 0.030551 0.920526 0.127800 0.000000 0.000000 0.000000 1.000000
0.845964 0.373632 0.380453 -0.000000 -0.374599 0.924176 -0.074659 14.369300 -0.379501 -0.079359 0.921782 0.127800 0.000000 0.000000 0.000000 1.000000
0.864924 0.341454 0.367853 -0.000000 -0.352049 0.935116 -0.040242 14.369300 -0.357726 -0.094696 0.929013 0.127800 0.000000 0.000000 0.000000 1.000000
0.894793 0.299060 0.331525 0.000000 -0.317449 0.948274 0.001389 14.369300 -0.313961 -0.106485 0.943445 0.127800 0.000000 0.000000 0.000000 1.000000
0.904311 0.286289 0.316639 0.000000 -0.316716 0.947304 0.048028 14.369300 -0.286203 -0.143717 0.947330 0.127800 0.000000 0.000000 0.000000 1.000000
0.907794 0.272579 0.318764 0.000000 -0.314801 0.945032 0.088402 14.369300 -0.277146 -0.180598 0.943703 0.127800 0.000000 0.000000 0.000000 1.000000
0.914132 0.246474 0.321891 0.000000 -0.295763 0.948473 0.113680 14.369300 -0.277286 -0.199123 0.939927 0.127800 0.000000 0.000000 0.000000 1.000000
0.915322 0.232463 0.328856 0.000000 -0.287978 0.948639 0.130967 14.369300 -0.281521 -0.214580 0.935255 0.127800 0.000000 0.000000 0.000000 1.000000
0.916353 0.213881 0.338455 -0.000000 -0.274874 0.950724 0.143415 14.369300 -0.291103 -0.224452 0.929989 0.127800 0.000000 0.000000 0.000000 1.000000
