<?xml version="1.0" encoding="utf-8"?>
<COLLADA xmlns="http://www.collada.org/2005/11/COLLADASchema" version="1.4.1">
  <asset>
    <contributor>
      <author>Mixamo</author>
      <authoring_tool>COLLADA Mixamo exporter</authoring_tool>
      <comments/>
    </contributor>
    <created>2025-11-14T05:17:43Z</created>
    <modified>2025-11-14T05:17:43Z</modified>
    <revision/>
    <title/>
    <unit meter="0.010000"/>
    <up_axis>Y_UP</up_axis>
  </asset>
  <library_animations>
    <animation id="mixamorig_Hips-anim" name="mixamorig_Hips">
      <source id="mixamorig_Hips-Matrix-animation-input">
        <float_array id="mixamorig_Hips-Matrix-animation-input-array" count="36">

0.000000 0.033333 0.066667 0.100000 0.133333 0.166667 0.200000 0.233333 0.266667 0.300000 0.333333 0.366667 0.400000 0.433333 0.466667 0.500000
0.533333 0.566667 0.600000 0.633333 0.666667 0.700000 0.733333 0.766667 0.800000 0.833333 0.866667 0.900000 0.933333 0.966667 1.000000 1.033333
1.066667 1.100000 1.133333 1.166667</float_array>
        <technique_common>
          <accessor source="#mixamorig_Hips-Matrix-animation-input-array" count="36">
            <param name="TIME" type="float"/>
          </accessor>
        </technique_common>
      </source>
      <source id="mixamorig_Hips-Matrix-animation-output-transform">
        <float_array id="mixamorig_Hips-Matrix-animation-output-transform-array" count="576">

0.950193 0.056952 0.306416 0.017408 -0.008834 0.987688 -0.156185 108.456741 -0.311538 0.145699 0.938997 -0.093312 0.000000 0.000000 0.000000 1.000000
0.958224 0.041435 0.283002 4.424770 0.005419 0.986643 -0.162808 108.758278 -0.285968 0.157540 0.945200 0.016521 0.000000 0.000000 0.000000 1.000000
0.964958 0.030781 0.260591 9.060883 0.014410 0.985382 -0.169750 108.863274 -0.262007 0.167557 0.950409 0.078687 0.000000 0.000000 0.000000 1.000000
0.970819 0.022276 0.238778 13.975087 0.021612 0.983498 -0.179623 108.748123 -0.238839 0.179542 0.954317 0.155334 0.000000 0.000000 0.000000 1.000000
0.977107 0.016237 0.212127 19.074232 0.023747 0.982528 -0.184592 108.338226 -0.211418 0.185403 0.959650 0.203319 0.000000 0.000000 0.000000 1.000000
0.983026 0.014361 0.182905 24.246561 0.020552 0.982038 -0.187563 107.566063 -0.182313 0.188138 0.965073 0.214533 0.000000 0.000000 0.000000 1.000000
0.988173 0.015772 0.152527 29.604433 0.013271 0.982168 -0.187535 106.438934 -0.152765 0.187342 0.970343 0.110043 0.000000 0.000000 0.000000 1.000000
0.992462 0.016898 0.121380 35.163319 0.005416 0.983432 -0.181195 105.270584 -0.122431 0.180486 0.975928 -0.178083 0.000000 0.000000 0.000000 1.000000
0.995168 0.015757 0.096912 40.800068 0.001120 0.985151 -0.171685 104.122734 -0.098178 0.170964 0.980374 -0.673002 0.000000 0.000000 0.000000 1.000000
0.995797 0.009830 0.091062 46.751545 0.005449 0.986105 -0.166033 102.968452 -0.091429 0.165831 0.981907 -1.370837 0.000000 0.000000 0.000000 1.000000
0.995525 0.004032 0.094416 53.071247 0.010688 0.987875 -0.154884 102.045013 -0.093895 0.155200 0.983411 -2.234509 0.000000 0.000000 0.000000 1.000000
0.995215 0.014658 0.096599 59.221741 -0.001618 0.991020 -0.133704 101.373451 -0.097691 0.132908 0.986302 -3.272447 0.000000 0.000000 0.000000 1.000000
0.995982 0.021127 0.087021 64.945206 -0.010095 0.992066 -0.125316 101.067345 -0.088978 0.123934 0.988293 -4.313684 0.000000 0.000000 0.000000 1.000000
0.997275 0.009555 0.073151 70.330528 -0.000411 0.992280 -0.124016 101.327599 -0.073771 0.123648 0.989580 -5.057361 0.000000 0.000000 0.000000 1.000000
0.997154 0.005483 0.075190 75.280800 0.002827 0.993931 -0.109966 101.680580 -0.075336 0.109866 0.991087 -5.638864 0.000000 0.000000 0.000000 1.000000
0.995817 0.012703 0.090486 80.168083 -0.003127 0.994446 -0.105198 102.501862 -0.091320 0.104475 0.990326 -6.059894 0.000000 0.000000 0.000000 1.000000
0.994023 0.021529 0.107027 84.977562 -0.010403 0.994581 -0.103445 103.460754 -0.108674 0.101713 0.988860 -6.376229 0.000000 0.000000 0.000000 1.000000
0.992528 0.028489 0.118648 89.619408 -0.016188 0.994510 -0.103379 104.539192 -0.120942 0.100686 0.987540 -6.513211 0.000000 0.000000 0.000000 1.000000
0.990895 0.034898 0.130033 94.187775 -0.021174 0.994198 -0.105462 105.625587 -0.132959 0.101748 0.985885 -6.559798 0.000000 0.000000 0.000000 1.000000
0.988347 0.040200 0.146812 98.716911 -0.023628 0.993323 -0.112925 106.467239 -0.150372 0.108141 0.982697 -6.524560 0.000000 0.000000 0.000000 1.000000
0.984207 0.041619 0.172060 103.114410 -0.021212 0.992694 -0.118782 106.443298 -0.175747 0.113256 0.977899 -6.408012 0.000000 0.000000 0.000000 1.000000
0.979191 0.042466 0.198447 107.489708 -0.017836 0.992086 -0.124290 106.311005 -0.202154 0.118165 0.972199 -6.282086 0.000000 0.000000 0.000000 1.000000
0.973361 0.044069 0.225004 111.867294 -0.014973 0.991477 -0.129416 106.094116 -0.228789 0.122599 0.965725 -6.146096 0.000000 0.000000 0.000000 1.000000
0.966876 0.047709 0.250749 116.271698 -0.014065 0.990842 -0.134289 105.816406 -0.254860 0.126314 0.958692 -5.999354 0.000000 0.000000 0.000000 1.000000
0.959880 0.063492 0.273130 120.846817 -0.026108 0.990034 -0.138390 104.966232 -0.279195 0.125707 0.951971 -5.762829 0.000000 0.000000 0.000000 1.000000
0.951584 0.078169 0.297283 125.572891 -0.037424 0.989392 -0.140365 103.965576 -0.305102 0.122443 0.944415 -5.308159 0.000000 0.000000 0.000000 1.000000
0.942508 0.091973 0.321277 130.480713 -0.047429 0.988465 -0.143833 103.129349 -0.330800 0.120326 0.935998 -4.632482 0.000000 0.000000 0.000000 1.000000
0.933692 0.108172 0.341349 135.700729 -0.056369 0.985796 -0.158207 102.233902 -0.353614 0.128475 0.926527 -3.708569 0.000000 0.000000 0.000000 1.000000
0.928214 0.127882 0.349377 140.973526 -0.069451 0.982122 -0.174968 101.803131 -0.365506 0.138143 0.920501 -2.721787 0.000000 0.000000 0.000000 1.000000
0.927114 0.134527 0.349802 145.840027 -0.076114 0.981492 -0.175729 102.213562 -0.366968 0.136296 0.920194 -1.912014 0.000000 0.000000 0.000000 1.000000
0.927722 0.133488 0.348588 150.393478 -0.077552 0.982420 -0.169813 103.021835 -0.365128 0.130505 0.921765 -1.244769 0.000000 0.000000 0.000000 1.000000
0.929310 0.128605 0.346185 154.472778 -0.076272 0.984033 -0.160814 103.982529 -0.361339 0.123042 0.924281 -0.837450 0.000000 0.000000 0.000000 1.000000
0.933740 0.113569 0.339457 158.392731 -0.064638 0.986240 -0.152159 105.047462 -0.352067 0.120135 0.928233 -0.615830 0.000000 0.000000 0.000000 1.000000
0.939428 0.095699 0.329114 162.381424 -0.047438 0.987292 -0.151673 106.165352 -0.339447 0.126873 0.932030 -0.469853 0.000000 0.000000 0.000000 1.000000
0.945165 0.076184 0.317582 166.456360 -0.027832 0.987664 -0.154097 107.329338 -0.325404 0.136808 0.935626 -0.282565 0.000000 0.000000 0.000000 1.000000
0.950193 0.056952 0.306416 170.543289 -0.008834 0.987688 -0.156185 108.456711 -0.311538 0.145699 0.938997 -0.093364 0.000000 0.000000 0.000000 1.000000</float_array>
        <technique_common>
          <accessor source="#mixamorig_Hips-Matrix-animation-output-transform-array" count="36" stride="16">
            <param type="float4x4"/>
          </accessor>
        </technique_common>
      </source>
      <source id="mixamorig_Hips-Interpolations">
        <Name_array id="mixamorig_Hips-Interpolations-array" count="36">
 LINEAR LINEAR LINEAR LINEAR LINEAR LINEAR LINEAR LINEAR LINEAR LINEAR LINEAR
LINEAR LINEAR LINEAR LINEAR LINEAR LINEAR LINEAR LINEAR LINEAR LINEAR LINEAR LINEAR
LINEAR LINEAR LINEAR LINEAR LINEAR LINEAR LINEAR LINEAR LINEAR LINEAR LINEAR LINEAR
LINEAR</Name_array>
        <technique_common>
          <accessor source="#mixamorig_Hips-Interpolations-array" count="36">
            <param type="name"/>
          </accessor>
        </technique_common>
      </source>
      <sampler id="mixamorig_Hips-Matrix-animation-transform">
        <input semantic="INPUT" source="#mixamorig_Hips-Matrix-animation-input"/>
        <input semantic="OUTPUT" source="#mixamorig_Hips-Matrix-animation-output-transform"/>
        <input semantic="INTERPOLATION" source="#mixamorig_Hips-Interpolations"/>
      </sampler>
      <channel source="#mixamorig_Hips-Matrix-animation-transform" target="mixamorig_Hips/matrix"/>
    </animation>
    <animation id="mixamorig_Spine-anim" name="mixamorig_Spine">
      <source id="mixamorig_Spine-Matrix-animation-input">
        <float_array id="mixamorig_Spine-Matrix-animation-input-array" count="36">

0.000000 0.033333 0.066667 0.100000 0.133333 0.166667 0.200000 0.233333 0.266667 0.300000 0.333333 0.366667 0.400000 0.433333 0.466667 0.500000
0.533333 0.566667 0.600000 0.633333 0.666667 0.700000 0.733333 0.766667 0.800000 0.833333 0.866667 0.900000 0.933333 0.966667 1.000000 1.033333
1.066667 1.100000 1.133333 1.166667</float_array>
        <technique_common>
          <accessor source="#mixamorig_Spine-Matrix-animation-input-array" count="36">
            <param name="TIME" type="float"/>
          </accessor>
        </technique_common>
      </source>
      <source id="mixamorig_Spine-Matrix-animation-output-transform">
        <float_array id="mixamorig_Spine-Matrix-animation-output-transform-array" count="576">

0.997123 0.020708 -0.072919 0.000000 -0.039927 0.961182 -0.273011 8.536500 0.064435 0.275137 0.959243 0.187100 0.000000 0.000000 0.000000 1.000000
0.995835 0.049973 -0.076259 0.000000 -0.068292 0.962989 -0.260747 8.536500 0.060407 0.264869 0.962391 0.187100 0.000000 0.000000 0.000000 1.000000
0.994665 0.068248 -0.077358 0.000000 -0.085562 0.964704 -0.249050 8.536500 0.057630 0.254340 0.965396 0.187100 0.000000 0.000000 0.000000 1.000000
0.993835 0.078760 -0.078026 -0.000000 -0.094902 0.968201 -0.231476 8.536500 0.057313 0.237454 0.969707 0.187100 0.000000 0.000000 0.000000 1.000000
0.993574 0.082490 -0.077502 0.000000 -0.097621 0.971069 -0.217936 8.536500 0.057283 0.224101 0.972881 0.187100 0.000000 0.000000 0.000000 1.000000
0.993742 0.081851 -0.076004 0.000000 -0.095745 0.974648 -0.202222 8.536500 0.057525 0.208233 0.976386 0.187100 0.000000 0.000000 0.000000 1.000000
0.995035 0.070337 -0.070418 0.000000 -0.082476 0.978738 -0.187802 8.536500 0.055712 0.192678 0.979679 0.187100 0.000000 0.000000 0.000000 1.000000
0.995311 0.067943 -0.068846 0.000000 -0.079470 0.980156 -0.181598 8.536500 0.055142 0.186218 0.980960 0.187100 0.000000 0.000000 0.000000 1.000000
0.994838 0.076439 -0.066746 0.000000 -0.087326 0.979895 -0.179390 8.536500 0.051691 0.184293 0.981511 0.187100 0.000000 0.000000 0.000000 1.000000
0.994407 0.081659 -0.066984 -0.000000 -0.092413 0.979773 -0.177493 8.536500 0.051135 0.182690 0.981840 0.187100 0.000000 0.000000 0.000000 1.000000
0.994107 0.083284 -0.069396 -0.000000 -0.094821 0.978297 -0.184239 8.536500 0.052546 0.189734 0.980429 0.187100 0.000000 0.000000 0.000000 1.000000
0.995116 0.070205 -0.069393 -0.000000 -0.083230 0.974703 -0.207431 8.536500 0.053075 0.212193 0.975785 0.187100 0.000000 0.000000 0.000000 1.000000
0.994914 0.073526 -0.068846 0.000000 -0.086619 0.973378 -0.212209 8.536500 0.051410 0.217093 0.974796 0.187100 0.000000 0.000000 0.000000 1.000000
0.992483 0.100034 -0.070503 -0.000000 -0.112270 0.973512 -0.199172 8.536500 0.048712 0.205590 0.977425 0.187100 0.000000 0.000000 0.000000 1.000000
0.991600 0.106735 -0.073049 0.000000 -0.119628 0.971578 -0.204267 8.536500 0.049170 0.211290 0.976186 0.187100 0.000000 0.000000 0.000000 1.000000
0.992926 0.092180 -0.074837 0.000000 -0.105671 0.973467 -0.202969 8.536500 0.054142 0.209441 0.976321 0.187100 0.000000 0.000000 0.000000 1.000000
0.994317 0.074075 -0.076459 0.000000 -0.088092 0.975775 -0.200257 8.536500 0.059772 0.205854 0.976755 0.187100 0.000000 0.000000 0.000000 1.000000
0.995245 0.058626 -0.077788 -0.000000 -0.073027 0.977566 -0.197564 8.536500 0.064461 0.202305 0.977199 0.187100 0.000000 0.000000 0.000000 1.000000
0.995885 0.043810 -0.079335 0.000000 -0.058528 0.979266 -0.193937 8.536500 0.069193 0.197783 0.977801 0.187100 0.000000 0.000000 0.000000 1.000000
0.996132 0.030688 -0.082331 0.000000 -0.045675 0.981326 -0.186850 8.536500 0.075059 0.189888 0.978932 0.187100 0.000000 0.000000 0.000000 1.000000
0.996009 0.025134 -0.085638 0.000000 -0.040627 0.982030 -0.184299 8.536500 0.079467 0.187042 0.979132 0.187100 0.000000 0.000000 0.000000 1.000000
0.995807 0.020969 -0.089049 0.000000 -0.036996 0.982537 -0.182354 8.536500 0.083670 0.184883 0.979192 0.187100 0.000000 0.000000 0.000000 1.000000
0.995594 0.016411 -0.092324 -0.000000 -0.032970 0.982963 -0.180820 8.536500 0.087784 0.183067 0.979173 0.187100 0.000000 0.000000 0.000000 1.000000
0.995407 0.009679 -0.095241 0.000000 -0.026739 0.983390 -0.179525 8.536500 0.091922 0.181248 0.979132 0.187100 0.000000 0.000000 0.000000 1.000000
0.995362 -0.011476 -0.095511 0.000000 -0.005979 0.983559 -0.180490 8.536500 0.096012 0.180224 0.978929 0.187100 0.000000 0.000000 0.000000 1.000000
0.994829 -0.030928 -0.096737 -0.000000 0.012788 0.983068 -0.182794 8.536500 0.100753 0.180612 0.978380 0.187100 0.000000 0.000000 0.000000 1.000000
0.994024 -0.049522 -0.097283 0.000000 0.030432 0.981561 -0.188710 8.536500 0.104835 0.184622 0.977202 0.187100 0.000000 0.000000 0.000000 1.000000
0.992416 -0.077342 -0.095546 0.000000 0.059208 0.981910 -0.179851 8.536500 0.107727 0.172830 0.979043 0.187100 0.000000 0.000000 0.000000 1.000000
0.989432 -0.111815 -0.092308 0.000000 0.095203 0.981170 -0.168055 8.536500 0.109361 0.157491 0.981446 0.187100 0.000000 0.000000 0.000000 1.000000
0.989340 -0.117400 -0.086161 0.000000 0.100468 0.978569 -0.179747 8.536500 0.105417 0.169175 0.979932 0.187100 0.000000 0.000000 0.000000 1.000000
0.989877 -0.115107 -0.083026 0.000000 0.098184 0.977814 -0.185042 8.536500 0.102483 0.175017 0.979217 0.187100 0.000000 0.000000 0.000000 1.000000
0.991767 -0.100210 -0.079731 -0.000000 0.082023 0.975227 -0.205435 8.536500 0.098343 0.197204 0.975418 0.187100 0.000000 0.000000 0.000000 1.000000
0.994110 -0.078720 -0.074481 0.000000 0.059168 0.970061 -0.235542 8.536500 0.090793 0.229748 0.969006 0.187100 0.000000 0.000000 0.000000 1.000000
0.996279 -0.046846 -0.072339 0.000000 0.026646 0.965675 -0.258382 8.536500 0.081960 0.255493 0.963331 0.187100 0.000000 0.000000 0.000000 1.000000
0.997287 -0.012808 -0.072487 0.000000 -0.007072 0.963519 -0.267547 8.536500 0.073270 0.267334 0.960814 0.187100 0.000000 0.000000 0.000000 1.000000
0.997123 0.020708 -0.072917 -0.000000 -0.039926 0.961181 -0.273014 8.536500 0.064432 0.275140 0.959243 0.187100 0.000000 0.000000 0.000000 1.000000</float_array>
        <technique_common>
          <accessor source="#mixamorig_Spine-Matrix-animation-output-transform-array" count="36" stride="16">
            <param type="float4x4"/>
          </accessor>
        </technique_common>
      </source>
      <source id="mixamorig_Spine-Interpolations">
        <Name_array id="mixamorig_Spine-Interpolations-array" count="36">
 LINEAR LINEAR LINEAR LINEAR LINEAR LINEAR LINEAR LINEAR LINEAR LINEAR LINEAR
LINEAR LINEAR LINEAR LINEAR LINEAR LINEAR LINEAR LINEAR LINEAR LINEAR LINEAR LINEAR
LINEAR LINEAR LINEAR LINEAR LINEAR LINEAR LINEAR LINEAR LINEAR LINEAR LINEAR LINEAR
LINEAR</Name_array>
        <technique_common>
          <accessor source="#mixamorig_Spine-Interpolations-array" count="36">
            <param type="name"/>
          </accessor>
        </technique_common>
      </source>
      <sampler id="mixamorig_Spine-Matrix-animation-transform">
        <input semantic="INPUT" source="#mixamorig_Spine-Matrix-animation-input"/>
        <input semantic="OUTPUT" source="#mixamorig_Spine-Matrix-animation-output-transform"/>
        <input semantic="INTERPOLATION" source="#mixamorig_Spine-Interpolations"/>
      </sampler>
      <channel source="#mixamorig_Spine-Matrix-animation-transform" target="mixamorig_Spine/matrix"/>
    </animation>
    <animation id="mixamorig_Spine1-anim" name="mixamorig_Spine1">
      <source id="mixamorig_Spine1-Matrix-animation-input">
        <float_array id="mixamorig_Spine1-Matrix-animation-input-array" count="36">

0.000000 0.033333 0.066667 0.100000 0.133333 0.166667 0.200000 0.233333 0.266667 0.300000 0.333333 0.366667 0.400000 0.433333 0.466667 0.500000
0.533333 0.566667 0.600000 0.633333 0.666667 0.700000 0.733333 0.766667 0.800000 0.833333 0.866667 0.900000 0.933333 0.966667 1.000000 1.033333
1.066667 1.100000 1.133333 1.166667</float_array>
        <technique_common>
          <accessor source="#mixamorig_Spine1-Matrix-animation-input-array" count="36">
            <param name="TIME" type="float"/>
          </accessor>
        </technique_common>
      </source>
      <source id="mixamorig_Spine1-Matrix-animation-output-transform">
        <float_array id="mixamorig_Spine1-Matrix-animation-output-transform-array" count="576">

0.987208 -0.076758 -0.139743 0.000000 0.078206 0.996925 0.004896 9.685800 0.138938 -0.015762 0.990176 0.000000 0.000000 0.000000 0.000000 1.000000
0.987751 -0.078707 -0.134733 0.000000 0.079852 0.996802 0.003109 9.685800 0.134057 -0.013830 0.990877 0.000000 0.000000 0.000000 0.000000 1.000000
0.988174 -0.080843 -0.130291 0.000000 0.081616 0.996664 0.000593 9.685800 0.129809 -0.011220 0.991476 -0.000000 0.000000 0.000000 0.000000 1.000000
0.988518 -0.080513 -0.127865 -0.000000 0.080656 0.996734 -0.004062 9.685800 0.127774 -0.006298 0.991783 0.000000 0.000000 0.000000 0.000000 1.000000
0.989211 -0.075523 -0.125530 0.000000 0.075034 0.997144 -0.008624 9.685800 0.125823 -0.000888 0.992052 -0.000000 0.000000 0.000000 0.000000 1.000000
0.989938 -0.070177 -0.122872 -0.000000 0.068971 0.997520 -0.014047 9.685800 0.123553 0.005431 0.992323 -0.000000 0.000000 0.000000 0.000000 1.000000
0.991513 -0.059004 -0.115849 0.000000 0.057241 0.998189 -0.018494 9.685800 0.116730 0.011706 0.993095 0.000000 0.000000 0.000000 0.000000 1.000000
0.991932 -0.055975 -0.113743 0.000000 0.054003 0.998333 -0.020348 9.685800 0.114692 0.014042 0.993302 0.000000 0.000000 0.000000 0.000000 1.000000
0.992307 -0.061624 -0.107377 0.000000 0.059415 0.997953 -0.023653 9.685800 0.108615 0.017091 0.993937 0.000000 0.000000 0.000000 0.000000 1.000000
0.992210 -0.064268 -0.106719 -0.000000 0.062145 0.997800 -0.023112 9.685800 0.107969 0.016300 0.994021 -0.000000 0.000000 0.000000 0.000000 1.000000
0.991376 -0.069634 -0.111013 0.000000 0.067633 0.997474 -0.021693 9.685800 0.112243 0.013998 0.993582 0.000000 0.000000 0.000000 0.000000 1.000000
0.990437 -0.076376 -0.114894 0.000000 0.074487 0.997008 -0.020651 9.685800 0.116128 0.011896 0.993163 0.000000 0.000000 0.000000 0.000000 1.000000
0.990136 -0.082573 -0.113194 0.000000 0.080046 0.996434 -0.026698 9.685800 0.114994 0.017374 0.993214 0.000000 0.000000 0.000000 0.000000 1.000000
0.990141 -0.087477 -0.109404 -0.000000 0.084008 0.995817 -0.035933 9.685800 0.112090 0.026388 0.993348 0.000000 0.000000 0.000000 0.000000 1.000000
0.989761 -0.087173 -0.113022 0.000000 0.083102 0.995728 -0.040253 9.685800 0.116048 0.030448 0.992777 0.000000 0.000000 0.000000 0.000000 1.000000
0.989112 -0.083952 -0.120869 0.000000 0.079062 0.995867 -0.044710 9.685800 0.124123 0.034667 0.991661 0.000000 0.000000 0.000000 0.000000 1.000000
0.988437 -0.079632 -0.129039 -0.000000 0.073954 0.996095 -0.048224 9.685800 0.132375 0.038123 0.990466 0.000000 0.000000 0.000000 0.000000 1.000000
0.988030 -0.073911 -0.135402 0.000000 0.067793 0.996483 -0.049260 9.685800 0.138567 0.039491 0.989565 -0.000000 0.000000 0.000000 0.000000 1.000000
0.987607 -0.067590 -0.141651 0.000000 0.061153 0.996909 -0.049323 9.685800 0.144547 0.040050 0.988687 0.000000 0.000000 0.000000 0.000000 1.000000
0.986798 -0.061440 -0.149849 0.000000 0.054608 0.997291 -0.049291 9.685800 0.152471 0.040457 0.987479 0.000000 0.000000 0.000000 0.000000 1.000000
0.985795 -0.060359 -0.156731 -0.000000 0.053542 0.997442 -0.047362 9.685800 0.159189 0.038297 0.986505 -0.000000 0.000000 0.000000 0.000000 1.000000
0.984731 -0.059949 -0.163437 0.000000 0.053233 0.997560 -0.045170 9.685800 0.165746 0.035781 0.985519 0.000000 0.000000 0.000000 0.000000 1.000000
0.983623 -0.059820 -0.170022 0.000000 0.053262 0.997660 -0.042878 9.685800 0.172190 0.033120 0.984507 0.000000 0.000000 0.000000 0.000000 1.000000
0.982488 -0.059591 -0.176542 -0.000000 0.053216 0.997756 -0.040636 9.685800 0.178567 0.030529 0.983454 0.000000 0.000000 0.000000 0.000000 1.000000
0.981407 -0.059658 -0.182432 0.000000 0.053504 0.997826 -0.038478 9.685800 0.184331 0.028002 0.982465 -0.000000 0.000000 0.000000 0.000000 1.000000
0.979984 -0.061619 -0.189297 0.000000 0.055593 0.997768 -0.036987 9.685800 0.191154 0.025723 0.981223 0.000000 0.000000 0.000000 0.000000 1.000000
0.978512 -0.068317 -0.194545 0.000000 0.062925 0.997447 -0.033773 9.685800 0.196356 0.020806 0.980312 0.000000 0.000000 0.000000 0.000000 1.000000
0.977872 -0.071983 -0.196432 0.000000 0.066976 0.997241 -0.032024 9.685800 0.198195 0.018159 0.979994 -0.000000 0.000000 0.000000 0.000000 1.000000
0.977889 -0.073788 -0.195672 0.000000 0.067902 0.997019 -0.036630 9.685800 0.197792 0.022534 0.979985 0.000000 0.000000 0.000000 0.000000 1.000000
0.979051 -0.080310 -0.187109 -0.000000 0.074121 0.996453 -0.039854 9.685800 0.189646 0.025151 0.981530 -0.000000 0.000000 0.000000 0.000000 1.000000
0.979587 -0.086503 -0.181459 0.000000 0.080153 0.995895 -0.042056 9.685800 0.184352 0.026653 0.982499 0.000000 0.000000 0.000000 0.000000 1.000000
0.979974 -0.090245 -0.177500 0.000000 0.085333 0.995733 -0.035131 9.685800 0.179913 0.019281 0.983493 0.000000 0.000000 0.000000 0.000000 1.000000
0.981408 -0.088909 -0.170100 0.000000 0.086539 0.996020 -0.021314 9.685800 0.171318 0.006198 0.985196 0.000000 0.000000 0.000000 0.000000 1.000000
0.983294 -0.084816 -0.161056 -0.000000 0.084410 0.996387 -0.009377 9.685800 0.161270 -0.004375 0.986901 0.000000 0.000000 0.000000 0.000000 1.000000
0.985290 -0.080556 -0.150712 0.000000 0.081241 0.996693 -0.001616 9.685800 0.150344 -0.010652 0.988576 0.000000 0.000000 0.000000 0.000000 1.000000
0.987208 -0.076758 -0.139744 0.000000 0.078206 0.996925 0.004896 9.685800 0.138939 -0.015762 0.990176 -0.000000 0.000000 0.000000 0.000000 1.000000</float_array>
        <technique_common>
          <accessor source="#mixamorig_Spine1-Matrix-animation-output-transform-array" count="36" stride="16">
            <param type="float4x4"/>
          </accessor>
        </technique_common>
      </source>
      <source id="mixamorig_Spine1-Interpolations">
        <Name_array id="mixamorig_Spine1-Interpolations-array" count="36">
 LINEAR LINEAR LINEAR LINEAR LINEAR LINEAR LINEAR LINEAR LINEAR LINEAR LINEAR
LINEAR LINEAR LINEAR LINEAR LINEAR LINEAR LINEAR LINEAR LINEAR LINEAR LINEAR LINEAR
LINEAR LINEAR LINEAR LINEAR LINEAR LINEAR LINEAR LINEAR LINEAR LINEAR LINEAR LINEAR
LINEAR</Name_array>
        <technique_common>
          <accessor source="#mixamorig_Spine1-Interpolations-array" count="36">
            <param type="name"/>
          </accessor>
        </technique_common>
      </source>
      <sampler id="mixamorig_Spine1-Matrix-animation-transform">
        <input semantic="INPUT" source="#mixamorig_Spine1-Matrix-animation-input"/>
        <input semantic="OUTPUT" source="#mixamorig_Spine1-Matrix-animation-output-transform"/>
        <input semantic="INTERPOLATION" source="#mixamorig_Spine1-Interpolations"/>
      </sampler>
      <channel source="#mixamorig_Spine1-Matrix-animation-transform" target="mixamorig_Spine1/matrix"/>
    </animation>
    <animation id="mixamorig_Spine2-anim" name="mixamorig_Spine2">
      <source id="mixamorig_Spine2-Matrix-animation-input">
        <float_array id="mixamorig_Spine2-Matrix-animation-input-array" count="36">

0.000000 0.033333 0.066667 0.100000 0.133333 0.166667 0.200000 0.233333 0.266667 0.300000 0.333333 0.366667 0.400000 0.433333 0.466667 0.500000
0.533333 0.566667 0.600000 0.633333 0.666667 0.700000 0.733333 0.766667 0.800000 0.833333 0.866667 0.900000 0.933333 0.966667 1.000000 1.033333
1.066667 1.100000 1.133333 1.166667</float_array>
        <technique_common>
          <accessor source="#mixamorig_Spine2-Matrix-animation-input-array" count="36">
            <param name="TIME" type="float"/>
          </accessor>
        </technique_common>
      </source>
      <source id="mixamorig_Spine2-Matrix-animation-output-transform">
        <float_array id="mixamorig_Spine2-Matrix-animation-output-transform-array" count="576">

0.987177 -0.081978 -0.136973 0.000000 0.084704 0.996305 0.014183 15.875400 0.135304 -0.025604 0.990473 0.000000 0.000000 0.000000 0.000000 1.000000
0.987727 -0.082904 -0.132370 0.000000 0.085111 0.996310 0.011088 15.875400 0.130963 -0.022218 0.991138 -0.000000 0.000000 0.000000 0.000000 1.000000
0.988169 -0.084179 -0.128206 -0.000000 0.085887 0.996274 0.007841 15.875400 0.127068 -0.018760 0.991717 -0.000000 0.000000 0.000000 0.000000 1.000000
0.988549 -0.082680 -0.126235 0.000000 0.083730 0.996484 0.003030 15.875400 0.125540 -0.013565 0.991996 0.000000 0.000000 0.000000 0.000000 1.000000
0.989274 -0.076794 -0.124254 -0.000000 0.077250 0.997011 -0.001149 15.875400 0.123971 -0.008462 0.992250 0.000000 0.000000 0.000000 0.000000 1.000000
0.990032 -0.070488 -0.121932 0.000000 0.070290 0.997509 -0.005932 15.875400 0.122047 -0.002697 0.992521 0.000000 0.000000 0.000000 0.000000 1.000000
0.991609 -0.058567 -0.115245 0.000000 0.057926 0.998281 -0.008909 15.875400 0.115568 0.002159 0.993297 0.000000 0.000000 0.000000 0.000000 1.000000
0.992031 -0.055246 -0.113235 -0.000000 0.054416 0.998464 -0.010416 15.875400 0.113636 0.004171 0.993514 0.000000 0.000000 0.000000 0.000000 1.000000
0.992428 -0.060736 -0.106757 -0.000000 0.059579 0.998125 -0.014002 15.875400 0.107407 0.007536 0.994187 -0.000000 0.000000 0.000000 0.000000 1.000000
0.992338 -0.063314 -0.106094 0.000000 0.062195 0.997968 -0.013830 15.875400 0.106754 0.007126 0.994260 0.000000 0.000000 0.000000 0.000000 1.000000
0.991510 -0.068961 -0.110234 0.000000 0.067937 0.997605 -0.013024 15.875400 0.110869 0.005425 0.993820 0.000000 0.000000 0.000000 0.000000 1.000000
0.990563 -0.076780 -0.113537 -0.000000 0.075902 0.997043 -0.012045 15.875400 0.114126 0.003314 0.993461 -0.000000 0.000000 0.000000 0.000000 1.000000
0.990305 -0.082960 -0.111418 0.000000 0.081412 0.996511 -0.018380 15.875400 0.112554 0.009131 0.993604 -0.000000 0.000000 0.000000 0.000000 1.000000
0.990414 -0.086891 -0.107381 0.000000 0.084271 0.996029 -0.028702 15.875400 0.109448 0.019378 0.993804 0.000000 0.000000 0.000000 0.000000 1.000000
0.990090 -0.086633 -0.110533 0.000000 0.083400 0.995951 -0.033555 15.875400 0.112992 0.024004 0.993306 0.000000 0.000000 0.000000 0.000000 1.000000
0.989453 -0.083239 -0.118553 0.000000 0.079301 0.996143 -0.037568 15.875400 0.121223 0.027770 0.992237 -0.000000 0.000000 0.000000 0.000000 1.000000
0.988767 -0.078723 -0.127054 0.000000 0.074146 0.996430 -0.040371 15.875400 0.129779 0.030497 0.991074 0.000000 0.000000 0.000000 0.000000 1.000000
0.988323 -0.072905 -0.133802 0.000000 0.068044 0.996858 -0.040552 15.875400 0.136338 0.030974 0.990178 0.000000 0.000000 0.000000 0.000000 1.000000
0.987851 -0.066458 -0.140480 0.000000 0.061453 0.997321 -0.039674 15.875400 0.142740 0.030559 0.989288 0.000000 0.000000 0.000000 0.000000 1.000000
0.986995 -0.059934 -0.149161 0.000000 0.054737 0.997750 -0.038709 15.875400 0.151146 0.030041 0.988055 -0.000000 0.000000 0.000000 0.000000 1.000000
0.985973 -0.058743 -0.156228 0.000000 0.053667 0.997891 -0.036516 15.875400 0.158044 0.027619 0.987046 0.000000 0.000000 0.000000 0.000000 1.000000
0.984893 -0.058250 -0.163074 0.000000 0.053366 0.997990 -0.034176 15.875400 0.164737 0.024957 0.986022 -0.000000 0.000000 0.000000 0.000000 1.000000
0.983768 -0.058070 -0.169789 -0.000000 0.053440 0.998067 -0.031717 15.875400 0.171302 0.022129 0.984970 -0.000000 0.000000 0.000000 0.000000 1.000000
0.982609 -0.057818 -0.176455 0.000000 0.053496 0.998142 -0.029157 15.875400 0.177813 0.019211 0.983877 0.000000 0.000000 0.000000 0.000000 1.000000
0.981471 -0.058121 -0.182583 0.000000 0.054327 0.998192 -0.025717 15.875400 0.183747 0.015322 0.982854 0.000000 0.000000 0.000000 0.000000 1.000000
0.980002 -0.060397 -0.189601 0.000000 0.057061 0.998106 -0.023009 15.875400 0.190631 0.011730 0.981592 0.000000 0.000000 0.000000 0.000000 1.000000
0.978495 -0.067836 -0.194795 0.000000 0.065421 0.997680 -0.018812 15.875400 0.195620 0.005664 0.980663 0.000000 0.000000 0.000000 0.000000 1.000000
0.977798 -0.071132 -0.197110 0.000000 0.069587 0.997467 -0.014762 15.875400 0.197661 0.000718 0.980270 0.000000 0.000000 0.000000 0.000000 1.000000
0.977722 -0.072104 -0.197130 -0.000000 0.070258 0.997395 -0.016349 15.875400 0.197796 0.002135 0.980241 -0.000000 0.000000 0.000000 0.000000 1.000000
0.978874 -0.079425 -0.188406 0.000000 0.077051 0.996828 -0.019906 15.875400 0.189390 0.004969 0.981889 -0.000000 0.000000 0.000000 0.000000 1.000000
0.979415 -0.085946 -0.182644 0.000000 0.083203 0.996275 -0.022641 15.875400 0.183909 0.006979 0.982918 0.000000 0.000000 0.000000 0.000000 1.000000
0.979884 -0.091271 -0.177475 0.000000 0.089574 0.995825 -0.017571 15.875400 0.178338 0.001320 0.983968 0.000000 0.000000 0.000000 0.000000 1.000000
0.981391 -0.092294 -0.168382 -0.000000 0.092598 0.995685 -0.006065 15.875400 0.168215 -0.009639 0.985703 0.000000 0.000000 0.000000 0.000000 1.000000
0.983300 -0.089668 -0.158367 -0.000000 0.091357 0.995812 0.003403 15.875400 0.157398 -0.017814 0.987375 0.000000 0.000000 0.000000 0.000000 1.000000
0.985280 -0.085748 -0.147885 0.000000 0.088088 0.996069 0.009335 15.875400 0.146503 -0.022225 0.988960 0.000000 0.000000 0.000000 0.000000 1.000000
0.987177 -0.081978 -0.136973 0.000000 0.084705 0.996305 0.014184 15.875400 0.135304 -0.025604 0.990473 0.000000 0.000000 0.000000 0.000000 1.000000</float_array>
        <technique_common>
          <accessor source="#mixamorig_Spine2-Matrix-animation-output-transform-array" count="36" stride="16">
            <param type="float4x4"/>
          </accessor>
        </technique_common>
      </source>
      <source id="mixamorig_Spine2-Interpolations">
        <Name_array id="mixamorig_Spine2-Interpolations-array" count="36">
 LINEAR LINEAR LINEAR LINEAR LINEAR LINEAR LINEAR LINEAR LINEAR LINEAR LINEAR
LINEAR LINEAR LINEAR LINEAR LINEAR LINEAR LINEAR LINEAR LINEAR LINEAR LINEAR LINEAR
LINEAR LINEAR LINEAR LINEAR LINEAR LINEAR LINEAR LINEAR LINEAR LINEAR LINEAR LINEAR
LINEAR</Name_array>
        <technique_common>
          <accessor source="#mixamorig_Spine2-Interpolations-array" count="36">
            <param type="name"/>
          </accessor>
        </technique_common>
      </source>
      <sampler id="mixamorig_Spine2-Matrix-animation-transform">
        <input semantic="INPUT" source="#mixamorig_Spine2-Matrix-animation-input"/>
        <input semantic="OUTPUT" source="#mixamorig_Spine2-Matrix-animation-output-transform"/>
        <input semantic="INTERPOLATION" source="#mixamorig_Spine2-Interpolations"/>
      </sampler>
      <channel source="#mixamorig_Spine2-Matrix-animation-transform" target="mixamorig_Spine2/matrix"/>
    </animation>
    <animation id="mixamorig_Neck-anim" name="mixamorig_Neck">
      <source id="mixamorig_Neck-Matrix-animation-input">
        <float_array id="mixamorig_Neck-Matrix-animation-input-array" count="36">

0.000000 0.033333 0.066667 0.100000 0.133333 0.166667 0.200000 0.233333 0.266667 0.300000 0.333333 0.366667 0.400000 0.433333 0.466667 0.500000
0.533333 0.566667 0.600000 0.633333 0.666667 0.700000 0.733333 0.766667 0.800000 0.833333 0.866667 0.900000 0.933333 0.966667 1.000000 1.033333
1.066667 1.100000 1.133333 1.166667</float_array>
        <technique_common>
          <accessor source="#mixamorig_Neck-Matrix-animation-input-array" count="36">
            <param name="TIME" type="float"/>
          </accessor>
        </technique_common>
      </source>
      <source id="mixamorig_Neck-Matrix-animation-output-transform">
        <float_array id="mixamorig_Neck-Matrix-animation-output-transform-array" count="576">

0.994560 0.088315 0.055240 0.000000 -0.080305 0.987801 -0.133418 26.173401 -0.066349 0.128256 0.989519 -0.161200 0.000000 0.000000 0.000000 1.000000
0.994497 0.087097 0.058228 0.000000 -0.078773 0.988046 -0.132512 26.173401 -0.069074 0.127196 0.989470 -0.161200 0.000000 0.000000 0.000000 1.000000
0.994436 0.085664 0.061312 -0.000000 -0.077100 0.988441 -0.130534 26.173401 -0.071785 0.125081 0.989546 -0.161200 0.000000 0.000000 0.000000 1.000000
0.994362 0.084263 0.064375 0.000000 -0.075458 0.988805 -0.128729 26.173401 -0.074502 0.123146 0.989588 -0.161200 0.000000 0.000000 0.000000 1.000000
0.994261 0.083151 0.067314 -0.000000 -0.074016 0.988960 -0.128372 26.173401 -0.077245 0.122653 0.989439 -0.161200 0.000000 0.000000 0.000000 1.000000
0.994123 0.082580 0.070008 0.000000 -0.072927 0.988735 -0.130707 26.173401 -0.080013 0.124833 0.988946 -0.161200 0.000000 0.000000 0.000000 1.000000
0.993930 0.082870 0.072352 -0.000000 -0.072356 0.987857 -0.137490 26.173401 -0.082867 0.131421 0.987857 -0.161200 0.000000 0.000000 0.000000 1.000000
0.993660 0.084348 0.074332 -0.000000 -0.072410 0.985911 -0.150783 26.173401 -0.086003 0.144444 0.985768 -0.161200 0.000000 0.000000 0.000000 1.000000
0.993361 0.086360 0.075994 0.000000 -0.072760 0.983368 -0.166415 26.173401 -0.089102 0.159781 0.983123 -0.161200 0.000000 0.000000 0.000000 1.000000
0.993104 0.088062 0.077394 0.000000 -0.073055 0.981140 -0.178960 26.173401 -0.091694 0.172071 0.980808 -0.161200 0.000000 0.000000 0.000000 1.000000
0.992964 0.088873 0.078253 -0.000000 -0.073053 0.979858 -0.185852 26.173401 -0.093195 0.178828 0.979457 -0.161200 0.000000 0.000000 0.000000 1.000000
0.992915 0.089149 0.078562 0.000000 -0.072928 0.979183 -0.189424 26.173401 -0.093814 0.182353 0.978747 -0.161200 0.000000 0.000000 0.000000 1.000000
0.992844 0.089532 0.079025 -0.000000 -0.073024 0.978781 -0.191456 26.173401 -0.094490 0.184315 0.978315 -0.161200 0.000000 0.000000 0.000000 1.000000
0.992632 0.090648 0.080398 0.000000 -0.073672 0.978335 -0.193477 26.173401 -0.096194 0.186128 0.977805 -0.161200 0.000000 0.000000 0.000000 1.000000
0.992108 0.093274 0.083799 0.000000 -0.075373 0.977720 -0.195916 26.173401 -0.100206 0.188053 0.977034 -0.161200 0.000000 0.000000 0.000000 1.000000
0.991229 0.097376 0.089352 -0.000000 -0.078150 0.977102 -0.197898 26.173401 -0.106577 0.189179 0.976142 -0.161200 0.000000 0.000000 0.000000 1.000000
0.990417 0.101124 0.094064 0.000000 -0.080699 0.976456 -0.200052 26.173401 -0.112079 0.190544 0.975260 -0.161200 0.000000 0.000000 0.000000 1.000000
0.990048 0.103195 0.095684 0.000000 -0.082112 0.975781 -0.202755 26.173401 -0.114290 0.192880 0.974543 -0.161200 0.000000 0.000000 0.000000 1.000000
0.989957 0.104369 0.095352 0.000000 -0.082968 0.975055 -0.205875 26.173401 -0.114461 0.195896 0.973922 -0.161200 0.000000 0.000000 0.000000 1.000000
0.990398 0.104056 0.091016 -0.000000 -0.083044 0.974152 -0.210074 26.173401 -0.110523 0.200499 0.973440 -0.161200 0.000000 0.000000 0.000000 1.000000
0.991276 0.100302 0.085504 -0.000000 -0.080104 0.973655 -0.213492 26.173401 -0.104665 0.204780 0.973196 -0.161200 0.000000 0.000000 0.000000 1.000000
0.992160 0.096143 0.079838 0.000000 -0.076851 0.973169 -0.216880 26.173401 -0.098547 0.209044 0.972928 -0.161200 0.000000 0.000000 0.000000 1.000000
0.993046 0.091422 0.074177 0.000000 -0.073106 0.972723 -0.220149 26.173401 -0.092280 0.213195 0.972642 -0.161200 0.000000 0.000000 0.000000 1.000000
0.993926 0.085987 0.068681 0.000000 -0.068695 0.972346 -0.223214 26.173401 -0.085975 0.217140 0.972347 -0.161200 0.000000 0.000000 0.000000 1.000000
0.995113 0.075209 0.063978 0.000000 -0.059082 0.972686 -0.224479 26.173401 -0.079113 0.219602 0.972376 -0.161200 0.000000 0.000000 0.000000 1.000000
0.995948 0.066797 0.060221 0.000000 -0.051774 0.973353 -0.223389 26.173401 -0.073538 0.219366 0.972867 -0.161200 0.000000 0.000000 0.000000 1.000000
0.996301 0.063540 0.057849 -0.000000 -0.049455 0.974543 -0.218679 26.173401 -0.070271 0.215009 0.974081 -0.161200 0.000000 0.000000 0.000000 1.000000
0.996415 0.063201 0.056247 0.000000 -0.050037 0.976292 -0.210596 26.173401 -0.068223 0.207026 0.975954 -0.161200 0.000000 0.000000 0.000000 1.000000
0.996367 0.064853 0.055202 0.000000 -0.052599 0.978375 -0.200037 26.173401 -0.066981 0.196407 0.978232 -0.161200 0.000000 0.000000 0.000000 1.000000
0.996191 0.067965 0.054620 0.000000 -0.056594 0.980550 -0.187931 26.173401 -0.066331 0.184124 0.980662 -0.161200 0.000000 0.000000 0.000000 1.000000
0.995918 0.072020 0.054402 0.000000 -0.061491 0.982619 -0.175151 26.173401 -0.066070 0.171091 0.983037 -0.161200 0.000000 0.000000 0.000000 1.000000
0.995582 0.076499 0.054440 0.000000 -0.066750 0.984429 -0.162616 26.173401 -0.066032 0.158264 0.985186 -0.161200 0.000000 0.000000 0.000000 1.000000
0.995224 0.080887 0.054643 0.000000 -0.071824 0.985884 -0.151244 26.173401 -0.066105 0.146597 0.986985 -0.161200 0.000000 0.000000 0.000000 1.000000
0.994895 0.084665 0.054910 -0.000000 -0.076152 0.986937 -0.141973 26.173401 -0.066213 0.137067 0.988346 -0.161200 0.000000 0.000000 0.000000 1.000000
0.994654 0.087311 0.055140 -0.000000 -0.079167 0.987581 -0.135705 26.173401 -0.066304 0.130615 0.989214 -0.161200 0.000000 0.000000 0.000000 1.000000
0.994560 0.088315 0.055237 0.000000 -0.080303 0.987798 -0.133441 26.173401 -0.066348 0.128279 0.989516 -0.161200 0.000000 0.000000 0.000000 1.000000</float_array>
        <technique_common>
          <accessor source="#mixamorig_Neck-Matrix-animation-output-transform-array" count="36" stride="16">
            <param type="float4x4"/>
          </accessor>
        </technique_common>
      </source>
      <source id="mixamorig_Neck-Interpolations">
        <Name_array id="mixamorig_Neck-Interpolations-array" count="36">
 LINEAR LINEAR LINEAR LINEAR LINEAR LINEAR LINEAR LINEAR LINEAR LINEAR LINEAR
LINEAR LINEAR LINEAR LINEAR LINEAR LINEAR LINEAR LINEAR LINEAR LINEAR LINEAR LINEAR
LINEAR LINEAR LINEAR LINEAR LINEAR LINEAR LINEAR LINEAR LINEAR LINEAR LINEAR LINEAR
LINEAR</Name_array>
        <technique_common>
          <accessor source="#mixamorig_Neck-Interpolations-array" count="36">
            <param type="name"/>
          </accessor>
        </technique_common>
      </source>
      <sampler id="mixamorig_Neck-Matrix-animation-transform">
        <input semantic="INPUT" source="#mixamorig_Neck-Matrix-animation-input"/>
        <input semantic="OUTPUT" source="#mixamorig_Neck-Matrix-animation-output-transform"/>
        <input semantic="INTERPOLATION" source="#mixamorig_Neck-Interpolations"/>
      </sampler>
      <channel source="#mixamorig_Neck-Matrix-animation-transform" target="mixamorig_Neck/matrix"/>
    </animation>
    <animation id="mixamorig_Head-anim" name="mixamorig_Head">
      <source id="mixamorig_Head-Matrix-animation-input">
        <float_array id="mixamorig_Head-Matrix-animation-input-array" count="36">

0.000000 0.033333 0.066667 0.100000 0.133333 0.166667 0.200000 0.233333 0.266667 0.300000 0.333333 0.366667 0.400000 0.433333 0.466667 0.500000
0.533333 0.566667 0.600000 0.633333 0.666667 0.700000 0.733333 0.766667 0.800000 0.833333 0.866667 0.900000 0.933333 0.966667 1.000000 1.033333
1.066667 1.100000 1.133333 1.166667</float_array>
        <technique_common>
          <accessor source="#mixamorig_Head-Matrix-animation-input-array" count="36">
            <param name="TIME" type="float"/>
          </accessor>
        </technique_common>
      </source>
      <source id="mixamorig_Head-Matrix-animation-output-transform">
        <float_array id="mixamorig_Head-Matrix-animation-output-transform-array" count="576">

0.979283 -0.010523 0.202221 0.000000 -0.056428 0.944909 0.322433 14.369300 -0.194473 -0.327164 0.924740 0.127800 0.000000 0.000000 0.000000 1.000000
0.977944 -0.004373 0.208822 0.000000 -0.064991 0.943779 0.324126 14.369300 -0.198499 -0.330549 0.922678 0.127800 0.000000 0.000000 0.000000 1.000000
0.976441 0.002241 0.215772 -0.000000 -0.074114 0.942598 0.325600 14.369300 -0.202657 -0.333921 0.920558 0.127800 0.000000 0.000000 0.000000 1.000000
