<?xml version="1.0" encoding="utf-8"?>
<COLLADA xmlns="http://www.collada.org/2005/11/COLLADASchema" version="1.4.1">
  <asset>
    <contributor>
      <author>Mixamo</author>
      <authoring_tool>COLLADA Mixamo exporter</authoring_tool>
      <comments/>
    </contributor>
    <created>2025-11-14T05:17:39Z</created>
    <modified>2025-11-14T05:17:39Z</modified>
    <revision/>
    <title/>
    <unit meter="0.010000"/>
    <up_axis>Y_UP</up_axis>
  </asset>
  <library_animations>
    <animation id="mixamorig_Hips-anim" name="mixamorig_Hips">
      <source id="mixamorig_Hips-Matrix-animation-input">
        <float_array id="mixamorig_Hips-Matrix-animation-input-array" count="50">

0.000000 0.033333 0.066667 0.100000 0.133333 0.166667 0.200000 0.233333 0.266667 0.300000 0.333333 0.366667 0.400000 0.433333 0.466667 0.500000
0.533333 0.566667 0.600000 0.633333 0.666667 0.700000 0.733333 0.766667 0.800000 0.833333 0.866667 0.900000 0.933333 0.966667 1.000000 1.033333
1.066667 1.100000 1.133333 1.166667 1.200000 1.233333 1.266667 1.300000 1.333333 1.366667 1.400000 1.433333 1.466667 1.500000 1.533333 1.566667
1.600000 1.633333</float_array>
        <technique_common>
          <accessor source="#mixamorig_Hips-Matrix-animation-input-array" count="50">
            <param name="TIME" type="float"/>
          </accessor>
        </technique_common>
      </source>
      <source id="mixamorig_Hips-Matrix-animation-output-transform">
        <float_array id="mixamorig_Hips-Matrix-animation-output-transform-array" count="800">

0.522569 -0.060166 -0.850471 0.204826 0.069742 0.997181 -0.027692 100.640144 0.849740 -0.044842 0.525292 -0.652134 0.000000 0.000000 0.000000 1.000000
0.533639 -0.043506 -0.844593 -0.040165 0.066457 0.997745 -0.009406 100.680382 0.843097 -0.051110 0.535327 -0.784771 0.000000 0.000000 0.000000 1.000000
0.545806 -0.030400 -0.837360 0.329259 0.064418 0.997906 0.005760 100.558136 0.835431 -0.057085 0.546622 -1.030204 0.000000 0.000000 0.000000 1.000000
0.558510 -0.017780 -0.829307 2.626520 0.062020 0.997867 0.020375 100.399086 0.827176 -0.062813 0.558422 -1.399173 0.000000 0.000000 0.000000 1.000000
0.571718 -0.006484 -0.820424 5.863629 0.059793 0.997639 0.033782 101.566345 0.818268 -0.068369 0.570756 -1.906059 0.000000 0.000000 0.000000 1.000000
0.589868 -0.012795 -0.807398 9.811359 0.065582 0.997330 0.032108 102.951111 0.804832 -0.071891 0.589132 -2.619591 0.000000 0.000000 0.000000 1.000000
0.616919 -0.045905 -0.785687 14.239730 0.084002 0.996436 0.007739 104.344971 0.782531 -0.070773 0.618576 -3.644967 0.000000 0.000000 0.000000 1.000000
0.649659 -0.077400 -0.756275 19.498945 0.092632 0.995451 -0.022304 105.727112 0.754561 -0.055566 0.653873 -3.992989 0.000000 0.000000 0.000000 1.000000
0.636278 -0.095339 -0.765546 25.860777 0.085699 0.994928 -0.052677 106.600479 0.766685 -0.032090 0.641221 -3.678807 0.000000 0.000000 0.000000 1.000000
0.551602 -0.096522 -0.828504 33.164761 0.062945 0.995267 -0.074043 106.733818 0.831729 -0.011308 0.555067 -2.940849 0.000000 0.000000 0.000000 1.000000
0.463242 -0.067603 -0.883649 40.901459 0.031712 0.997712 -0.059705 106.059242 0.885664 -0.000365 0.464327 -2.151736 0.000000 0.000000 0.000000 1.000000
0.427717 -0.027079 -0.903507 48.059772 0.010606 0.999633 -0.024939 104.690704 0.903850 0.001085 0.427848 -1.696586 0.000000 0.000000 0.000000 1.000000
0.452797 -0.011167 -0.891544 53.507671 0.007099 0.999935 -0.008919 103.148170 0.891586 -0.002290 0.452847 -1.402523 0.000000 0.000000 0.000000 1.000000
0.535482 -0.022048 -0.844259 59.070610 0.018223 0.999728 -0.014550 101.727684 0.844350 -0.007594 0.535738 -2.014214 0.000000 0.000000 0.000000 1.000000
0.640300 -0.036278 -0.767267 63.930408 0.041093 0.999071 -0.012946 100.744690 0.767025 -0.023240 0.641197 -3.380650 0.000000 0.000000 0.000000 1.000000
0.662297 0.001234 -0.749240 68.113960 0.032802 0.998992 0.030642 101.245949 0.748523 -0.044870 0.661589 -4.804641 0.000000 0.000000 0.000000 1.000000
0.619087 0.016759 -0.785144 72.252205 0.041947 0.997639 0.054370 102.147232 0.784202 -0.066594 0.616922 -6.068341 0.000000 0.000000 0.000000 1.000000
0.548650 -0.003846 -0.836043 76.297699 0.072337 0.996458 0.042886 102.797516 0.832917 -0.084006 0.546985 -7.455558 0.000000 0.000000 0.000000 1.000000
0.448841 -0.039245 -0.892749 80.539444 0.099970 0.994969 0.006523 102.938042 0.888002 -0.092176 0.450506 -8.591141 0.000000 0.000000 0.000000 1.000000
0.330354 -0.089470 -0.939607 85.096786 0.119532 0.991448 -0.052381 102.537430 0.936258 -0.095009 0.338223 -9.822950 0.000000 0.000000 0.000000 1.000000
0.228506 -0.134838 -0.964160 89.779800 0.128392 0.985886 -0.107447 101.730339 0.965039 -0.099238 0.242593 -11.048028 0.000000 0.000000 0.000000 1.000000
0.167256 -0.165170 -0.971980 94.709526 0.141652 0.979664 -0.142101 100.438873 0.975684 -0.113916 0.187251 -12.307915 0.000000 0.000000 0.000000 1.000000
0.147681 -0.171185 -0.974108 99.462029 0.161319 0.975887 -0.147041 100.204445 0.975790 -0.135427 0.171736 -13.210069 0.000000 0.000000 0.000000 1.000000
0.175485 -0.162324 -0.971008 102.865692 0.184132 0.974320 -0.129601 100.760590 0.967109 -0.156051 0.200867 -13.993491 0.000000 0.000000 0.000000 1.000000
0.239876 -0.142499 -0.960288 105.368286 0.195258 0.976036 -0.096061 101.389137 0.950965 -0.164462 0.261952 -14.505436 0.000000 0.000000 0.000000 1.000000
0.300359 -0.111343 -0.947305 107.339996 0.184508 0.981187 -0.056824 102.175690 0.935811 -0.157718 0.315252 -14.714941 0.000000 0.000000 0.000000 1.000000
0.337295 -0.088656 -0.937215 108.869461 0.163322 0.985970 -0.034490 102.921204 0.927124 -0.141434 0.347042 -14.710453 0.000000 0.000000 0.000000 1.000000
0.357981 -0.060849 -0.931744 110.237068 0.136800 0.990524 -0.012129 103.424408 0.923653 -0.123120 0.362913 -14.627048 0.000000 0.000000 0.000000 1.000000
0.366046 -0.042789 -0.929612 111.565056 0.116234 0.993222 0.000051 103.368683 0.923309 -0.108071 0.368538 -14.585939 0.000000 0.000000 0.000000 1.000000
0.369343 -0.039337 -0.928460 112.900963 0.104427 0.994532 -0.000595 102.847237 0.923407 -0.096736 0.371431 -14.574162 0.000000 0.000000 0.000000 1.000000
0.379534 -0.043239 -0.924167 114.197205 0.098787 0.995091 -0.005988 102.079086 0.919889 -0.089023 0.381942 -14.447520 0.000000 0.000000 0.000000 1.000000
0.434232 -0.047190 -0.899564 115.591522 0.097275 0.995244 -0.005254 101.436592 0.895533 -0.085224 0.436757 -14.050080 0.000000 0.000000 0.000000 1.000000
0.494342 -0.049791 -0.867840 116.983345 0.092220 0.995728 -0.004598 100.833511 0.864362 -0.077759 0.496822 -13.589204 0.000000 0.000000 0.000000 1.000000
0.529827 -0.050986 -0.846571 118.041031 0.086312 0.996250 -0.005983 100.484116 0.843702 -0.069899 0.532241 -12.925747 0.000000 0.000000 0.000000 1.000000
0.539703 -0.052121 -0.840240 118.778152 0.082690 0.996537 -0.008702 100.375877 0.837784 -0.064783 0.542145 -12.075763 0.000000 0.000000 0.000000 1.000000
0.542829 -0.053376 -0.838145 119.437531 0.079908 0.996733 -0.011722 100.340370 0.836033 -0.060611 0.545321 -11.161571 0.000000 0.000000 0.000000 1.000000
0.541163 -0.054777 -0.839132 120.031441 0.077901 0.996851 -0.014833 100.357994 0.837302 -0.057342 0.543726 -10.203421 0.000000 0.000000 0.000000 1.000000
0.536606 -0.056274 -0.841955 120.572174 0.076481 0.996911 -0.017887 100.409142 0.840360 -0.054795 0.539252 -9.221560 0.000000 0.000000 0.000000 1.000000
0.531054 -0.057780 -0.845366 121.071983 0.075421 0.996936 -0.020761 100.474213 0.843975 -0.052733 0.533785 -8.236240 0.000000 0.000000 0.000000 1.000000
0.526425 -0.059192 -0.848159 121.543167 0.074500 0.996948 -0.023336 100.533623 0.846952 -0.050903 0.529228 -7.267711 0.000000 0.000000 0.000000 1.000000
0.524655 -0.060400 -0.849170 121.997978 0.073512 0.996968 -0.025493 100.567749 0.848135 -0.049049 0.527504 -6.336221 0.000000 0.000000 0.000000 1.000000
0.525803 -0.061413 -0.848386 122.404152 0.072836 0.996978 -0.027028 100.585777 0.847482 -0.047582 0.528687 -5.422306 0.000000 0.000000 0.000000 1.000000
0.528091 -0.062288 -0.846900 122.733711 0.072773 0.996957 -0.027947 100.607719 0.846064 -0.046873 0.531017 -4.510537 0.000000 0.000000 0.000000 1.000000
0.530702 -0.062978 -0.845215 123.005356 0.073003 0.996926 -0.028444 100.630241 0.844409 -0.046608 0.533668 -3.627211 0.000000 0.000000 0.000000 1.000000
0.532825 -0.063436 -0.843844 123.237793 0.073205 0.996903 -0.028719 100.650002 0.843053 -0.046471 0.535819 -2.798632 0.000000 0.000000 0.000000 1.000000
0.533653 -0.063614 -0.843308 123.449715 0.073056 0.996907 -0.028970 100.663681 0.842542 -0.046149 0.536650 -2.051097 0.000000 0.000000 0.000000 1.000000
0.531716 -0.063038 -0.844573 123.589119 0.072285 0.996965 -0.028904 100.664101 0.843832 -0.045681 0.534659 -1.481225 0.000000 0.000000 0.000000 1.000000
0.527676 -0.061781 -0.847196 123.636932 0.071149 0.997061 -0.028395 100.653793 0.846461 -0.045294 0.530521 -1.087773 0.000000 0.000000 0.000000 1.000000
0.523935 -0.060622 -0.849598 123.661285 0.070120 0.997148 -0.027908 100.643906 0.848867 -0.044952 0.526692 -0.750254 0.000000 0.000000 0.000000 1.000000
0.522570 -0.060193 -0.850469 123.591110 0.069743 0.997180 -0.027723 100.639954 0.849739 -0.044826 0.525294 -0.652238 0.000000 0.000000 0.000000 1.000000</float_array>
        <technique_common>
          <accessor source="#mixamorig_Hips-Matrix-animation-output-transform-array" count="50" stride="16">
            <param type="float4x4"/>
          </accessor>
        </technique_common>
      </source>
      <source id="mixamorig_Hips-Interpolations">
        <Name_array id="mixamorig_Hips-Interpolations-array" count="50">
 LINEAR LINEAR LINEAR LINEAR LINEAR LINEAR LINEAR LINEAR LINEAR LINEAR LINEAR
LINEAR LINEAR LINEAR LINEAR LINEAR LINEAR LINEAR LINEAR LINEAR LINEAR LINEAR LINEAR
LINEAR LINEAR LINEAR LINEAR LINEAR LINEAR LINEAR LINEAR LINEAR LINEAR LINEAR LINEAR
LINEAR LINEAR LINEAR LINEAR LINEAR LINEAR LINEAR LINEAR LINEAR LINEAR LINEAR LINEAR
LINEAR LINEAR LINEAR</Name_array>
        <technique_common>
          <accessor source="#mixamorig_Hips-Interpolations-array" count="50">
            <param type="name"/>
          </accessor>
        </technique_common>
      </source>
      <sampler id="mixamorig_Hips-Matrix-animation-transform">
        <input semantic="INPUT" source="#mixamorig_Hips-Matrix-animation-input"/>
        <input semantic="OUTPUT" source="#mixamorig_Hips-Matrix-animation-output-transform"/>
        <input semantic="INTERPOLATION" source="#mixamorig_Hips-Interpolations"/>
      </sampler>
      <channel source="#mixamorig_Hips-Matrix-animation-transform" target="mixamorig_Hips/matrix"/>
    </animation>
    <animation id="mixamorig_Spine-anim" name="mixamorig_Spine">
      <source id="mixamorig_Spine-Matrix-animation-input">
        <float_array id="mixamorig_Spine-Matrix-animation-input-array" count="50">

0.000000 0.033333 0.066667 0.100000 0.133333 0.166667 0.200000 0.233333 0.266667 0.300000 0.333333 0.366667 0.400000 0.433333 0.466667 0.500000
0.533333 0.566667 0.600000 0.633333 0.666667 0.700000 0.733333 0.766667 0.800000 0.833333 0.866667 0.900000 0.933333 0.966667 1.000000 1.033333
1.066667 1.100000 1.133333 1.166667 1.200000 1.233333 1.266667 1.300000 1.333333 1.366667 1.400000 1.433333 1.466667 1.500000 1.533333 1.566667
1.600000 1.633333</float_array>
        <technique_common>
          <accessor source="#mixamorig_Spine-Matrix-animation-input-array" count="50">
            <param name="TIME" type="float"/>
          </accessor>
        </technique_common>
      </source>
      <source id="mixamorig_Spine-Matrix-animation-output-transform">
        <float_array id="mixamorig_Spine-Matrix-animation-output-transform-array" count="800">

0.998816 0.048625 0.001208 -0.000000 -0.047275 0.976313 -0.211137 8.536500 -0.011446 0.210830 0.977456 0.187100 0.000000 0.000000 0.000000 1.000000
0.998078 0.061639 -0.006328 0.000000 -0.061545 0.974345 -0.216479 8.536500 -0.007178 0.216452 0.976267 0.187100 0.000000 0.000000 0.000000 1.000000
0.997080 0.075667 -0.010340 0.000000 -0.076071 0.972034 -0.222179 8.536500 -0.006761 0.222316 0.974951 0.187100 0.000000 0.000000 0.000000 1.000000
0.995904 0.089525 -0.012671 0.000000 -0.090052 0.969504 -0.227933 8.536500 -0.008121 0.228140 0.973594 0.187100 0.000000 0.000000 0.000000 1.000000
0.994656 0.102214 -0.014528 0.000000 -0.102774 0.966931 -0.233413 8.536500 -0.009811 0.233658 0.972269 0.187100 0.000000 0.000000 0.000000 1.000000
0.993485 0.113151 -0.013564 0.000000 -0.113108 0.964502 -0.238626 8.536500 -0.013918 0.238606 0.971017 0.187100 0.000000 0.000000 0.000000 1.000000
0.992868 0.117981 -0.017154 0.000000 -0.118607 0.962886 -0.242451 8.536500 -0.012087 0.242756 0.970012 0.187100 0.000000 0.000000 0.000000 1.000000
0.992913 0.115387 -0.028439 0.000000 -0.118839 0.963650 -0.239281 8.536500 -0.000205 0.240965 0.970534 0.187100 0.000000 0.000000 0.000000 1.000000
0.993722 0.108436 -0.027534 0.000000 -0.111857 0.967655 -0.226123 8.536500 0.002124 0.227784 0.973709 0.187100 0.000000 0.000000 0.000000 1.000000
0.994594 0.102684 -0.015471 0.000000 -0.103624 0.971741 -0.212086 8.536500 -0.006744 0.212543 0.977128 0.187100 0.000000 0.000000 0.000000 1.000000
0.995462 0.094825 -0.007949 0.000000 -0.094398 0.973529 -0.208157 8.536500 -0.012000 0.207963 0.978063 0.187100 0.000000 0.000000 0.000000 1.000000
0.996135 0.087526 -0.007336 0.000000 -0.087059 0.972843 -0.214471 8.536500 -0.011636 0.214281 0.976703 0.187100 0.000000 0.000000 0.000000 1.000000
0.996671 0.080494 -0.012977 -0.000000 -0.081379 0.972317 -0.219037 8.536500 -0.005014 0.219364 0.975630 0.187100 0.000000 0.000000 0.000000 1.000000
0.997216 0.070920 -0.023025 0.000000 -0.074225 0.973592 -0.215893 8.536500 0.007106 0.217001 0.976146 0.187100 0.000000 0.000000 0.000000 1.000000
0.997717 0.061344 -0.028241 0.000000 -0.065945 0.975113 -0.211672 8.536500 0.014553 0.213052 0.976933 0.187100 0.000000 0.000000 0.000000 1.000000
0.998299 0.054601 -0.020461 0.000000 -0.057688 0.975947 -0.210237 8.536500 0.008490 0.211059 0.977436 0.187100 0.000000 0.000000 0.000000 1.000000
0.998765 0.049589 -0.002939 0.000000 -0.049068 0.975592 -0.214038 8.536500 -0.007746 0.213918 0.976821 0.187100 0.000000 0.000000 0.000000 1.000000
0.998894 0.044993 0.013647 0.000000 -0.041153 0.977042 -0.209034 8.536500 -0.022739 0.208241 0.977813 0.187100 0.000000 0.000000 0.000000 1.000000
0.998783 0.040162 0.028630 0.000000 -0.033626 0.979132 -0.200426 8.536500 -0.036082 0.199220 0.979290 0.187100 0.000000 0.000000 0.000000 1.000000
0.998438 0.035222 0.043374 0.000000 -0.026177 0.980690 -0.193809 8.536500 -0.049363 0.192371 0.980080 0.187100 0.000000 0.000000 0.000000 1.000000
0.998065 0.029149 0.054925 0.000000 -0.017901 0.980615 -0.195125 8.536500 -0.059548 0.193764 0.979239 0.187100 0.000000 0.000000 0.000000 1.000000
0.998023 0.025014 0.057663 0.000000 -0.012465 0.977944 -0.208493 8.536500 -0.061606 0.207362 0.976322 0.187100 0.000000 0.000000 0.000000 1.000000
0.998195 0.027301 0.053496 0.000000 -0.014800 0.975061 -0.221445 8.536500 -0.058208 0.220253 0.973704 0.187100 0.000000 0.000000 0.000000 1.000000
0.998416 0.030522 0.047257 0.000000 -0.018849 0.972963 -0.230193 8.536500 -0.053005 0.228937 0.971997 0.187100 0.000000 0.000000 0.000000 1.000000
0.998754 0.029550 0.040219 -0.000000 -0.019576 0.973248 -0.228923 8.536500 -0.045908 0.227850 0.972613 0.187100 0.000000 0.000000 0.000000 1.000000
0.999134 0.021683 0.035513 0.000000 -0.013335 0.975335 -0.220327 8.536500 -0.039415 0.219662 0.974779 0.187100 0.000000 0.000000 0.000000 1.000000
0.999457 0.012291 0.030571 0.000000 -0.005572 0.977502 -0.210850 8.536500 -0.032475 0.210566 0.977040 0.187100 0.000000 0.000000 0.000000 1.000000
0.999698 0.006918 0.023563 0.000000 -0.002013 0.979355 -0.202136 8.536500 -0.024475 0.202028 0.979074 0.187100 0.000000 0.000000 0.000000 1.000000
0.999826 0.007477 0.017086 -0.000000 -0.003953 0.980267 -0.197637 8.536500 -0.018227 0.197535 0.980126 0.187100 0.000000 0.000000 0.000000 1.000000
0.999837 0.012907 0.012636 0.000000 -0.010200 0.980803 -0.194733 8.536500 -0.014907 0.194573 0.980775 0.187100 0.000000 0.000000 0.000000 1.000000
0.999746 0.021216 0.007586 0.000000 -0.019343 0.980826 -0.193922 8.536500 -0.011554 0.193726 0.980988 0.187100 0.000000 0.000000 0.000000 1.000000
0.999597 0.028385 0.000212 -0.000000 -0.027776 0.979623 -0.198917 8.536500 -0.005854 0.198831 0.980016 0.187100 0.000000 0.000000 0.000000 1.000000
0.999356 0.035096 -0.007447 0.000000 -0.035877 0.978151 -0.204777 8.536500 0.000098 0.204913 0.978780 0.187100 0.000000 0.000000 0.000000 1.000000
0.999161 0.039298 -0.011499 -0.000000 -0.040833 0.977128 -0.208694 8.536500 0.003035 0.208989 0.977913 0.187100 0.000000 0.000000 0.000000 1.000000
0.999082 0.041192 -0.011752 0.000000 -0.042744 0.976664 -0.210476 8.536500 0.002808 0.210785 0.977528 0.187100 0.000000 0.000000 0.000000 1.000000
0.999041 0.042402 -0.010878 0.000000 -0.043745 0.976333 -0.211804 8.536500 0.001639 0.212077 0.977252 0.187100 0.000000 0.000000 0.000000 1.000000
0.999028 0.043113 -0.009213 0.000000 -0.044086 0.976108 -0.212768 8.536500 -0.000180 0.212967 0.977059 0.187100 0.000000 0.000000 0.000000 1.000000
0.999028 0.043504 -0.007097 0.000000 -0.044016 0.975961 -0.213455 8.536500 -0.002359 0.213560 0.976927 0.187100 0.000000 0.000000 0.000000 1.000000
0.999030 0.043755 -0.004871 -0.000000 -0.043784 0.975862 -0.213954 8.536500 -0.004608 0.213960 0.976832 0.187100 0.000000 0.000000 0.000000 1.000000
0.999025 0.044046 -0.002877 0.000000 -0.043638 0.975780 -0.214356 8.536500 -0.006635 0.214272 0.976751 0.187100 0.000000 0.000000 0.000000 1.000000
0.999006 0.044557 -0.001455 0.000000 -0.043829 0.975685 -0.214751 8.536500 -0.008149 0.214601 0.976668 0.187100 0.000000 0.000000 0.000000 1.000000
0.998977 0.045209 -0.000623 0.000000 -0.044286 0.975614 -0.214979 8.536500 -0.009111 0.214786 0.976619 0.187100 0.000000 0.000000 0.000000 1.000000
0.998950 0.045812 -0.000095 0.000000 -0.044762 0.975613 -0.214886 8.536500 -0.009752 0.214664 0.976639 0.187100 0.000000 0.000000 0.000000 1.000000
0.998924 0.046372 0.000242 -0.000000 -0.045240 0.975658 -0.214579 8.536500 -0.010186 0.214337 0.976707 0.187100 0.000000 0.000000 0.000000 1.000000
0.998899 0.046901 0.000499 -0.000000 -0.045706 0.975728 -0.214165 8.536500 -0.010531 0.213907 0.976797 0.187100 0.000000 0.000000 0.000000 1.000000
0.998875 0.047406 0.000787 -0.000000 -0.046142 0.975798 -0.213752 8.536500 -0.010901 0.213475 0.976888 0.187100 0.000000 0.000000 0.000000 1.000000
0.998854 0.047857 0.001036 0.000000 -0.046536 0.975899 -0.213202 8.536500 -0.011214 0.212909 0.977008 0.187100 0.000000 0.000000 0.000000 1.000000
0.998836 0.048228 0.001166 0.000000 -0.046880 0.976046 -0.212453 8.536500 -0.011384 0.212151 0.977171 0.187100 0.000000 0.000000 0.000000 1.000000
0.998821 0.048535 0.001274 -0.000000 -0.047165 0.976192 -0.211720 8.536500 -0.011520 0.211410 0.977329 0.187100 0.000000 0.000000 0.000000 1.000000
0.998821 0.048527 0.001308 0.000000 -0.047157 0.976318 -0.211139 8.536500 -0.011523 0.210828 0.977455 0.187100 0.000000 0.000000 0.000000 1.000000</float_array>
        <technique_common>
          <accessor source="#mixamorig_Spine-Matrix-animation-output-transform-array" count="50" stride="16">
            <param type="float4x4"/>
          </accessor>
        </technique_common>
      </source>
      <source id="mixamorig_Spine-Interpolations">
        <Name_array id="mixamorig_Spine-Interpolations-array" count="50">
 LINEAR LINEAR LINEAR LINEAR LINEAR LINEAR LINEAR LINEAR LINEAR LINEAR LINEAR
LINEAR LINEAR LINEAR LINEAR LINEAR LINEAR LINEAR LINEAR LINEAR LINEAR LINEAR LINEAR
LINEAR LINEAR LINEAR LINEAR LINEAR LINEAR LINEAR LINEAR LINEAR LINEAR LINEAR LINEAR
LINEAR LINEAR LINEAR LINEAR LINEAR LINEAR LINEAR LINEAR LINEAR LINEAR LINEAR LINEAR
LINEAR LINEAR LINEAR</Name_array>
        <technique_common>
          <accessor source="#mixamorig_Spine-Interpolations-array" count="50">
            <param type="name"/>
          </accessor>
        </technique_common>
      </source>
      <sampler id="mixamorig_Spine-Matrix-animation-transform">
        <input semantic="INPUT" source="#mixamorig_Spine-Matrix-animation-input"/>
        <input semantic="OUTPUT" source="#mixamorig_Spine-Matrix-animation-output-transform"/>
        <input semantic="INTERPOLATION" source="#mixamorig_Spine-Interpolations"/>
      </sampler>
      <channel source="#mixamorig_Spine-Matrix-animation-transform" target="mixamorig_Spine/matrix"/>
    </animation>
    <animation id="mixamorig_Spine1-anim" name="mixamorig_Spine1">
      <source id="mixamorig_Spine1-Matrix-animation-input">
        <float_array id="mixamorig_Spine1-Matrix-animation-input-array" count="50">

0.000000 0.033333 0.066667 0.100000 0.133333 0.166667 0.200000 0.233333 0.266667 0.300000 0.333333 0.366667 0.400000 0.433333 0.466667 0.500000
0.533333 0.566667 0.600000 0.633333 0.666667 0.700000 0.733333 0.766667 0.800000 0.833333 0.866667 0.900000 0.933333 0.966667 1.000000 1.033333
1.066667 1.100000 1.133333 1.166667 1.200000 1.233333 1.266667 1.300000 1.333333 1.366667 1.400000 1.433333 1.466667 1.500000 1.533333 1.566667
1.600000 1.633333</float_array>
        <technique_common>
          <accessor source="#mixamorig_Spine1-Matrix-animation-input-array" count="50">
            <param name="TIME" type="float"/>
          </accessor>
        </technique_common>
      </source>
      <source id="mixamorig_Spine1-Matrix-animation-output-transform">
        <float_array id="mixamorig_Spine1-Matrix-animation-output-transform-array" count="800">

0.995240 0.097445 -0.001098 0.000000 -0.096568 0.984646 -0.145419 9.685800 -0.013089 0.144833 0.989370 0.000000 0.000000 0.000000 0.000000 1.000000
0.994006 0.108898 -0.009640 -0.000000 -0.109178 0.984267 -0.138919 9.685800 -0.005639 0.139139 0.990257 0.000000 0.000000 0.000000 0.000000 1.000000
0.992528 0.120809 -0.017149 0.000000 -0.122017 0.983717 -0.131956 9.685800 0.000928 0.133063 0.991107 -0.000000 0.000000 0.000000 0.000000 1.000000
0.990875 0.133148 -0.020933 0.000000 -0.134735 0.982675 -0.127266 9.685800 0.003625 0.128925 0.991648 -0.000000 0.000000 0.000000 0.000000 1.000000
0.989127 0.145163 -0.023552 0.000000 -0.146988 0.980910 -0.127321 9.685800 0.004620 0.129398 0.991582 0.000000 0.000000 0.000000 0.000000 1.000000
0.987370 0.157285 -0.019008 0.000000 -0.158408 0.978114 -0.134909 9.685800 -0.002627 0.136216 0.990676 0.000000 0.000000 0.000000 0.000000 1.000000
0.985829 0.165750 -0.025860 0.000000 -0.167748 0.975439 -0.142756 9.685800 0.001563 0.145071 0.989420 0.000000 0.000000 0.000000 0.000000 1.000000
0.985055 0.164110 -0.052294 -0.000000 -0.170076 0.974742 -0.144750 9.685800 0.027218 0.151480 0.988085 -0.000000 0.000000 0.000000 0.000000 1.000000
0.985970 0.157173 -0.056220 0.000000 -0.163822 0.975747 -0.145188 9.685800 0.032037 0.152361 0.987806 0.000000 0.000000 0.000000 0.000000 1.000000
0.987698 0.152714 -0.033632 0.000000 -0.156027 0.976759 -0.146962 9.685800 0.010407 0.150402 0.988570 0.000000 0.000000 0.000000 0.000000 1.000000
0.989000 0.146826 -0.017948 -0.000000 -0.147853 0.977631 -0.149591 9.685800 -0.004417 0.150599 0.988585 -0.000000 0.000000 0.000000 0.000000 1.000000
0.990374 0.137675 -0.014336 0.000000 -0.138226 0.978200 -0.154980 9.685800 -0.007314 0.155470 0.987814 -0.000000 0.000000 0.000000 0.000000 1.000000
0.991593 0.127116 -0.024189 -0.000000 -0.129331 0.979555 -0.154093 9.685800 0.004107 0.155926 0.987760 0.000000 0.000000 0.000000 0.000000 1.000000
0.992097 0.116303 -0.047094 0.000000 -0.122014 0.981754 -0.145846 9.685800 0.029272 0.150439 0.988186 0.000000 0.000000 0.000000 0.000000 1.000000
0.992294 0.109178 -0.058589 0.000000 -0.116287 0.983838 -0.136162 9.685800 0.042776 0.141926 0.988953 0.000000 0.000000 0.000000 0.000000 1.000000
0.993228 0.108214 -0.042289 -0.000000 -0.113080 0.983954 -0.138016 9.685800 0.026675 0.141863 0.989527 0.000000 0.000000 0.000000 0.000000 1.000000
0.993685 0.111868 -0.008698 -0.000000 -0.111974 0.983665 -0.140946 9.685800 -0.007212 0.141029 0.989979 0.000000 0.000000 0.000000 0.000000 1.000000
0.992818 0.117490 0.022557 -0.000000 -0.113400 0.984270 -0.135474 9.685800 -0.038119 0.131943 0.990524 0.000000 0.000000 0.000000 0.000000 1.000000
0.991215 0.121697 0.051793 0.000000 -0.114352 0.985324 -0.126728 9.685800 -0.066455 0.119692 0.990584 -0.000000 0.000000 0.000000 0.000000 1.000000
0.989279 0.121330 0.081275 0.000000 -0.111060 0.986447 -0.120779 9.685800 -0.094827 0.110458 0.989347 0.000000 0.000000 0.000000 0.000000 1.000000
0.987019 0.121741 0.104752 0.000000 -0.108622 0.986450 -0.122955 9.685800 -0.118301 0.109981 0.986868 -0.000000 0.000000 0.000000 0.000000 1.000000
0.986044 0.123892 0.111208 0.000000 -0.108105 0.984482 -0.138235 9.685800 -0.126609 0.124284 0.984136 0.000000 0.000000 0.000000 0.000000 1.000000
0.986431 0.125450 0.105903 -0.000000 -0.108107 0.981812 -0.156071 9.685800 -0.123556 0.142505 0.982052 0.000000 0.000000 0.000000 0.000000 1.000000
0.987908 0.122910 0.094507 0.000000 -0.105502 0.979582 -0.171138 9.685800 -0.113612 0.159098 0.980704 0.000000 0.000000 0.000000 0.000000 1.000000
0.990422 0.113332 0.078865 0.000000 -0.098185 0.979695 -0.174804 9.685800 -0.097075 0.165386 0.981440 0.000000 0.000000 0.000000 0.000000 1.000000
0.992825 0.097967 0.068563 0.000000 -0.085372 0.982216 -0.167225 9.685800 -0.083726 0.160172 0.983532 0.000000 0.000000 0.000000 0.000000 1.000000
0.994881 0.082540 0.058298 0.000000 -0.072609 0.985136 -0.155679 9.685800 -0.070281 0.150649 0.986086 0.000000 0.000000 0.000000 0.000000 1.000000
0.996480 0.071037 0.044516 0.000000 -0.063931 0.987422 -0.144602 9.685800 -0.054228 0.141247 0.988488 0.000000 0.000000 0.000000 0.000000 1.000000
0.997308 0.065930 0.032096 0.000000 -0.060921 0.988592 -0.137747 9.685800 -0.040811 0.135421 0.989947 -0.000000 0.000000 0.000000 0.000000 1.000000
0.997554 0.065821 0.023543 0.000000 -0.062132 0.989181 -0.132897 9.685800 -0.032036 0.131109 0.990850 -0.000000 0.000000 0.000000 0.000000 1.000000
0.997500 0.069126 0.014689 0.000000 -0.066638 0.989256 -0.130122 9.685800 -0.023526 0.128817 0.991389 -0.000000 0.000000 0.000000 0.000000 1.000000
0.997345 0.072827 0.000062 -0.000000 -0.072154 0.988245 -0.134783 9.685800 -0.009877 0.134420 0.990875 0.000000 0.000000 0.000000 0.000000 1.000000
0.996964 0.076355 -0.015236 0.000000 -0.077741 0.987015 -0.140562 9.685800 0.004305 0.141320 0.989955 0.000000 0.000000 0.000000 0.000000 1.000000
0.996592 0.079128 -0.023311 -0.000000 -0.081675 0.986152 -0.144335 9.685800 0.011567 0.145747 0.989254 0.000000 0.000000 0.000000 0.000000 1.000000
0.996400 0.081370 -0.023798 0.000000 -0.083982 0.985738 -0.145837 9.685800 0.011592 0.147310 0.989022 0.000000 0.000000 0.000000 0.000000 1.000000
0.996260 0.083537 -0.022061 0.000000 -0.085881 0.985421 -0.146867 9.685800 0.009471 0.148213 0.988910 0.000000 0.000000 0.000000 0.000000 1.000000
0.996152 0.085614 -0.018769 -0.000000 -0.087451 0.985183 -0.147539 9.685800 0.005859 0.148613 0.988878 0.000000 0.000000 0.000000 0.000000 1.000000
0.996051 0.087576 -0.014591 0.000000 -0.088772 0.985002 -0.147956 9.685800 0.001414 0.148667 0.988886 0.000000 0.000000 0.000000 0.000000 1.000000
0.995943 0.089402 -0.010199 0.000000 -0.089925 0.984858 -0.148219 9.685800 -0.003206 0.148535 0.988902 0.000000 0.000000 0.000000 0.000000 1.000000
0.995825 0.091071 -0.006267 0.000000 -0.090990 0.984729 -0.148426 9.685800 -0.007346 0.148377 0.988904 0.000000 0.000000 0.000000 0.000000 1.000000
0.995701 0.092566 -0.003469 0.000000 -0.092051 0.984593 -0.148674 9.685800 -0.010347 0.148354 0.988880 0.000000 0.000000 0.000000 0.000000 1.000000
0.995597 0.093715 -0.001795 0.000000 -0.092937 0.984487 -0.148825 9.685800 -0.012180 0.148336 0.988862 0.000000 0.000000 0.000000 0.000000 1.000000
0.995528 0.094463 -0.000683 0.000000 -0.093513 0.984447 -0.148727 9.685800 -0.013377 0.148125 0.988878 0.000000 0.000000 0.000000 0.000000 1.000000
0.995480 0.094970 0.000022 0.000000 -0.093914 0.984449 -0.148459 9.685800 -0.014121 0.147786 0.988918 0.000000 0.000000 0.000000 0.000000 1.000000
0.995439 0.095397 0.000476 0.000000 -0.094275 0.984468 -0.148104 9.685800 -0.014597 0.147384 0.988972 -0.000000 0.000000 0.000000 0.000000 1.000000
0.995390 0.095905 0.000834 0.000000 -0.094730 0.984479 -0.147743 9.685800 -0.014991 0.146983 0.989025 0.000000 0.000000 0.000000 0.000000 1.000000
0.995336 0.096469 0.000739 0.000000 -0.095309 0.984495 -0.147263 9.685800 -0.014934 0.146505 0.989097 0.000000 0.000000 0.000000 0.000000 1.000000
0.995288 0.096961 0.000090 0.000000 -0.095900 0.984535 -0.146611 9.685800 -0.014304 0.145912 0.989194 -0.000000 0.000000 0.000000 0.000000 1.000000
0.995247 0.097382 -0.000569 0.000000 -0.096422 0.984579 -0.145966 9.685800 -0.013654 0.145327 0.989289 0.000000 0.000000 0.000000 0.000000 1.000000
0.995240 0.097444 -0.001099 0.000000 -0.096568 0.984646 -0.145419 9.685800 -0.013088 0.144833 0.989370 0.000000 0.000000 0.000000 0.000000 1.000000</float_array>
        <technique_common>
          <accessor source="#mixamorig_Spine1-Matrix-animation-output-transform-array" count="50" stride="16">
            <param type="float4x4"/>
          </accessor>
        </technique_common>
      </source>
      <source id="mixamorig_Spine1-Interpolations">
        <Name_array id="mixamorig_Spine1-Interpolations-array" count="50">
 LINEAR LINEAR LINEAR LINEAR LINEAR LINEAR LINEAR LINEAR LINEAR LINEAR LINEAR
LINEAR LINEAR LINEAR LINEAR LINEAR LINEAR LINEAR LINEAR LINEAR LINEAR LINEAR LINEAR
LINEAR LINEAR LINEAR LINEAR LINEAR LINEAR LINEAR LINEAR LINEAR LINEAR LINEAR LINEAR
LINEAR LINEAR LINEAR LINEAR LINEAR LINEAR LINEAR LINEAR LINEAR LINEAR LINEAR LINEAR
LINEAR LINEAR LINEAR</Name_array>
        <technique_common>
          <accessor source="#mixamorig_Spine1-Interpolations-array" count="50">
            <param type="name"/>
          </accessor>
        </technique_common>
      </source>
      <sampler id="mixamorig_Spine1-Matrix-animation-transform">
        <input semantic="INPUT" source="#mixamorig_Spine1-Matrix-animation-input"/>
        <input semantic="OUTPUT" source="#mixamorig_Spine1-Matrix-animation-output-transform"/>
        <input semantic="INTERPOLATION" source="#mixamorig_Spine1-Interpolations"/>
      </sampler>
      <channel source="#mixamorig_Spine1-Matrix-animation-transform" target="mixamorig_Spine1/matrix"/>
    </animation>
    <animation id="mixamorig_Spine2-anim" name="mixamorig_Spine2">
      <source id="mixamorig_Spine2-Matrix-animation-input">
        <float_array id="mixamorig_Spine2-Matrix-animation-input-array" count="50">

0.000000 0.033333 0.066667 0.100000 0.133333 0.166667 0.200000 0.233333 0.266667 0.300000 0.333333 0.366667 0.400000 0.433333 0.466667 0.500000
0.533333 0.566667 0.600000 0.633333 0.666667 0.700000 0.733333 0.766667 0.800000 0.833333 0.866667 0.900000 0.933333 0.966667 1.000000 1.033333
1.066667 1.100000 1.133333 1.166667 1.200000 1.233333 1.266667 1.300000 1.333333 1.366667 1.400000 1.433333 1.466667 1.500000 1.533333 1.566667
1.600000 1.633333</float_array>
        <technique_common>
          <accessor source="#mixamorig_Spine2-Matrix-animation-input-array" count="50">
            <param name="TIME" type="float"/>
          </accessor>
        </technique_common>
      </source>
      <source id="mixamorig_Spine2-Matrix-animation-output-transform">
        <float_array id="mixamorig_Spine2-Matrix-animation-output-transform-array" count="800">

0.995241 0.097441 0.000486 -0.000000 -0.096538 0.986672 -0.130994 15.875400 -0.013244 0.130324 0.991383 -0.000000 0.000000 0.000000 0.000000 1.000000
0.993985 0.109496 -0.002345 -0.000000 -0.108926 0.986135 -0.125195 15.875400 -0.011395 0.124697 0.992129 -0.000000 0.000000 0.000000 0.000000 1.000000
0.992558 0.121693 -0.004367 0.000000 -0.121344 0.985436 -0.119129 15.875400 -0.010194 0.118772 0.992869 0.000000 0.000000 0.000000 0.000000 1.000000
0.990989 0.133780 -0.006543 0.000000 -0.133647 0.984405 -0.114389 15.875400 -0.008862 0.114233 0.993415 0.000000 0.000000 0.000000 0.000000 1.000000
0.989309 0.145505 -0.009832 0.000000 -0.145675 0.982775 -0.113723 15.875400 -0.006885 0.113939 0.993464 0.000000 0.000000 0.000000 0.000000 1.000000
0.987542 0.156618 -0.015187 -0.000000 -0.157304 0.980224 -0.120068 15.875400 -0.003919 0.120961 0.992649 0.000000 0.000000 0.000000 0.000000 1.000000
0.985950 0.165070 -0.025584 0.000000 -0.166991 0.977769 -0.126816 15.875400 0.004082 0.129306 0.991596 -0.000000 0.000000 0.000000 0.000000 1.000000
0.984681 0.166609 -0.051421 -0.000000 -0.171979 0.976627 -0.128927 15.875400 0.028739 0.135796 0.990320 0.000000 0.000000 0.000000 0.000000 1.000000
0.985616 0.160123 -0.054054 0.000000 -0.165930 0.977566 -0.129740 15.875400 0.032067 0.136843 0.990074 0.000000 0.000000 0.000000 0.000000 1.000000
0.987968 0.151348 -0.031817 0.000000 -0.154247 0.979233 -0.131572 15.875400 0.011243 0.134896 0.990796 0.000000 0.000000 0.000000 0.000000 1.000000
0.989719 0.141940 -0.017583 -0.000000 -0.143014 0.980598 -0.134071 15.875400 -0.001789 0.135208 0.990816 0.000000 0.000000 0.000000 0.000000 1.000000
0.991039 0.132771 -0.014632 0.000000 -0.133510 0.981172 -0.139556 15.875400 -0.004173 0.140259 0.990106 0.000000 0.000000 0.000000 0.000000 1.000000
0.991953 0.124311 -0.023982 0.000000 -0.126447 0.982192 -0.138959 15.875400 0.006281 0.140873 0.990008 -0.000000 0.000000 0.000000 0.000000 1.000000
0.992028 0.117075 -0.046629 -0.000000 -0.122262 0.983822 -0.130943 15.875400 0.030545 0.135600 0.990293 0.000000 0.000000 0.000000 0.000000 1.000000
0.992150 0.109939 -0.059591 0.000000 -0.116549 0.985661 -0.122017 15.875400 0.045322 0.128004 0.990737 -0.000000 0.000000 0.000000 0.000000 1.000000
0.993257 0.107775 -0.042717 -0.000000 -0.112269 0.986088 -0.122583 15.875400 0.028911 0.126552 0.991539 0.000000 0.000000 0.000000 0.000000 1.000000
0.993935 0.109543 -0.009714 0.000000 -0.109892 0.985945 -0.125841 15.875400 -0.004208 0.126145 0.992003 -0.000000 0.000000 0.000000 0.000000 1.000000
0.993008 0.116162 0.020994 0.000000 -0.112833 0.986297 -0.120358 15.875400 -0.034687 0.117148 0.992509 0.000000 0.000000 0.000000 0.000000 1.000000
0.991487 0.120166 0.050127 0.000000 -0.113985 0.987163 -0.111877 15.875400 -0.062927 0.105211 0.992457 0.000000 0.000000 0.000000 0.000000 1.000000
0.989589 0.119661 0.079963 0.000000 -0.110866 0.988100 -0.106621 15.875400 -0.091769 0.096646 0.991079 0.000000 0.000000 0.000000 0.000000 1.000000
0.987582 0.118806 0.102796 0.000000 -0.107508 0.988185 -0.109235 15.875400 -0.114559 0.096827 0.988686 0.000000 0.000000 0.000000 0.000000 1.000000
0.986639 0.121116 0.108973 0.000000 -0.107314 0.986378 -0.124669 15.875400 -0.122588 0.111309 0.986196 0.000000 0.000000 0.000000 0.000000 1.000000
0.987011 0.122729 0.103670 0.000000 -0.107427 0.984002 -0.142125 15.875400 -0.119455 0.129142 0.984405 0.000000 0.000000 0.000000 0.000000 1.000000
0.988427 0.120357 0.092343 -0.000000 -0.104923 0.982031 -0.156864 15.875400 -0.109563 0.145359 0.983294 0.000000 0.000000 0.000000 0.000000 1.000000
0.990755 0.111863 0.076757 0.000000 -0.098450 0.982109 -0.160529 15.875400 -0.093341 0.151488 0.984042 0.000000 0.000000 0.000000 0.000000 1.000000
0.993104 0.096706 0.066271 0.000000 -0.085636 0.984464 -0.153286 15.875400 -0.080065 0.146554 0.985957 0.000000 0.000000 0.000000 0.000000 1.000000
0.995101 0.081368 0.056155 -0.000000 -0.072703 0.987183 -0.142074 15.875400 -0.066995 0.137295 0.988262 0.000000 0.000000 0.000000 0.000000 1.000000
0.996642 0.070301 0.041975 0.000000 -0.064263 0.989292 -0.131041 15.875400 -0.050737 0.127903 0.990488 -0.000000 0.000000 0.000000 0.000000 1.000000
0.997418 0.065429 0.029601 0.000000 -0.061284 0.990377 -0.124090 15.875400 -0.037435 0.121956 0.991829 0.000000 0.000000 0.000000 0.000000 1.000000
0.997648 0.065213 0.021135 -0.000000 -0.062251 0.990931 -0.119083 15.875400 -0.028709 0.117487 0.992659 0.000000 0.000000 0.000000 0.000000 1.000000
0.997578 0.068475 0.012230 0.000000 -0.066600 0.991003 -0.116088 15.875400 -0.020069 0.114993 0.993164 0.000000 0.000000 0.000000 0.000000 1.000000
0.997362 0.072550 -0.002259 0.000000 -0.072293 0.990068 -0.120582 15.875400 -0.006512 0.120427 0.992701 0.000000 0.000000 0.000000 0.000000 1.000000
0.996916 0.076525 -0.017389 0.000000 -0.078113 0.988925 -0.126200 15.875400 0.007538 0.127169 0.991852 0.000000 0.000000 0.000000 0.000000 1.000000
0.996510 0.079534 -0.025332 -0.000000 -0.082166 0.988121 -0.129867 15.875400 0.014702 0.131495 0.991208 0.000000 0.000000 0.000000 0.000000 1.000000
0.996319 0.081769 -0.025731 0.000000 -0.084456 0.987736 -0.131318 15.875400 0.014677 0.133007 0.991006 0.000000 0.000000 0.000000 0.000000 1.000000
0.996191 0.083861 -0.023910 0.000000 -0.086300 0.987444 -0.132314 15.875400 0.012514 0.133874 0.990919 -0.000000 0.000000 0.000000 0.000000 1.000000
0.996099 0.085815 -0.020540 0.000000 -0.087792 0.987225 -0.132964 15.875400 0.008868 0.134249 0.990908 0.000000 0.000000 0.000000 0.000000 1.000000
0.996020 0.087628 -0.016291 0.000000 -0.089021 0.987061 -0.133366 15.875400 0.004393 0.134286 0.990933 0.000000 0.000000 0.000000 0.000000 1.000000
0.995934 0.089301 -0.011833 -0.000000 -0.090081 0.986930 -0.133618 15.875400 -0.000254 0.134141 0.990962 -0.000000 0.000000 0.000000 0.000000 1.000000
0.995835 0.090835 -0.007840 0.000000 -0.091065 0.986814 -0.133813 15.875400 -0.004418 0.133970 0.990976 0.000000 0.000000 0.000000 0.000000 1.000000
0.995725 0.092233 -0.004985 -0.000000 -0.092067 0.986689 -0.134047 15.875400 -0.007445 0.133933 0.990962 0.000000 0.000000 0.000000 0.000000 1.000000
0.995630 0.093323 -0.003315 -0.000000 -0.092922 0.986591 -0.134179 15.875400 -0.009251 0.133901 0.990952 0.000000 0.000000 0.000000 0.000000 1.000000
0.995567 0.094032 -0.002270 -0.000000 -0.093486 0.986553 -0.134063 15.875400 -0.010366 0.133681 0.990970 0.000000 0.000000 0.000000 0.000000 1.000000
0.995522 0.094521 -0.001617 0.000000 -0.093886 0.986553 -0.133784 15.875400 -0.011050 0.133336 0.991009 0.000000 0.000000 0.000000 0.000000 1.000000
0.995482 0.094949 -0.001120 0.000000 -0.094249 0.986567 -0.133426 15.875400 -0.011564 0.132928 0.991058 0.000000 0.000000 0.000000 0.000000 1.000000
0.995432 0.095477 -0.000545 -0.000000 -0.094700 0.986571 -0.133076 15.875400 -0.012168 0.132519 0.991106 0.000000 0.000000 0.000000 0.000000 1.000000
0.995370 0.096117 -0.000017 0.000000 -0.095270 0.986575 -0.132641 15.875400 -0.012732 0.132028 0.991164 0.000000 0.000000 0.000000 0.000000 1.000000
0.995310 0.096738 0.000292 0.000000 -0.095852 0.986595 -0.132067 15.875400 -0.013064 0.131420 0.991241 0.000000 0.000000 0.000000 0.000000 1.000000
0.995257 0.097283 0.000543 0.000000 -0.096367 0.986621 -0.131498 15.875400 -0.013329 0.130822 0.991316 0.000000 0.000000 0.000000 0.000000 1.000000
0.995242 0.097427 0.000552 0.000000 -0.096516 0.986673 -0.131000 15.875400 -0.013308 0.130324 0.991382 -0.000000 0.000000 0.000000 0.000000 1.000000</float_array>
        <technique_common>
          <accessor source="#mixamorig_Spine2-Matrix-animation-output-transform-array" count="50" stride="16">
            <param type="float4x4"/>
          </accessor>
        </technique_common>
      </source>
      <source id="mixamorig_Spine2-Interpolations">
        <Name_array id="mixamorig_Spine2-Interpolations-array" count="50">
 LINEAR LINEAR LINEAR LINEAR LINEAR LINEAR LINEAR LINEAR LINEAR LINEAR LINEAR
LINEAR LINEAR LINEAR LINEAR LINEAR LINEAR LINEAR LINEAR LINEAR LINEAR LINEAR LINEAR
LINEAR LINEAR LINEAR LINEAR LINEAR LINEAR LINEAR LINEAR LINEAR LINEAR LINEAR LINEAR
LINEAR LINEAR LINEAR LINEAR LINEAR LINEAR LINEAR LINEAR LINEAR LINEAR LINEAR LINEAR
LINEAR LINEAR LINEAR</Name_array>
        <technique_common>
          <accessor source="#mixamorig_Spine2-Interpolations-array" count="50">
            <param type="name"/>
          </accessor>
        </technique_common>
      </source>
      <sampler id="mixamorig_Spine2-Matrix-animation-transform">
        <input semantic="INPUT" source="#mixamorig_Spine2-Matrix-animation-input"/>
