<?xml version="1.0" encoding="utf-8"?>
<COLLADA xmlns="http://www.collada.org/2005/11/COLLADASchema" version="1.4.1">
  <asset>
    <contributor>
      <author>Mixamo</author>
      <authoring_tool>COLLADA Mixamo exporter</authoring_tool>
      <comments/>
    </contributor>
    <created>2025-11-14T05:17:16Z</created>
    <modified>2025-11-14T05:17:16Z</modified>
    <revision/>
    <title/>
    <unit meter="0.010000"/>
    <up_axis>Y_UP</up_axis>
  </asset>
  <library_animations>
    <animation id="mixamorig_Hips-anim" name="mixamorig_Hips">
      <source id="mixamorig_Hips-Matrix-animation-input">
        <float_array id="mixamorig_Hips-Matrix-animation-input-array" count="69">

0.000000 0.033333 0.066667 0.100000 0.133333 0.166667 0.200000 0.233333 0.266667 0.300000 0.333333 0.366667 0.400000 0.433333 0.466667 0.500000
0.533333 0.566667 0.600000 0.633333 0.666667 0.700000 0.733333 0.766667 0.800000 0.833333 0.866667 0.900000 0.933333 0.966667 1.000000 1.033333
1.066667 1.100000 1.133333 1.166667 1.200000 1.233333 1.266667 1.300000 1.333333 1.366667 1.400000 1.433333 1.466667 1.500000 1.533333 1.566667
1.600000 1.633333 1.666667 1.700000 1.733333 1.766667 1.800000 1.833333 1.866667 1.900000 1.933333 1.966667 2.000000 2.033333 2.066667 2.100000
2.133333 2.166667 2.200000 2.233333 2.266667</float_array>
        <technique_common>
          <accessor source="#mixamorig_Hips-Matrix-animation-input-array" count="69">
            <param name="TIME" type="float"/>
          </accessor>
        </technique_common>
      </source>
      <source id="mixamorig_Hips-Matrix-animation-output-transform">
        <float_array id="mixamorig_Hips-Matrix-animation-output-transform-array" count="1104">

0.522569 -0.060166 -0.850471 0.204936 0.069742 0.997181 -0.027692 100.640846 0.849740 -0.044842 0.525292 -0.652182 0.000000 0.000000 0.000000 1.000000
0.521239 -0.060591 -0.851257 0.162309 0.068845 0.997211 -0.028825 100.637901 0.850629 -0.043580 0.523957 -0.527721 0.000000 0.000000 0.000000 1.000000
0.519947 -0.062141 -0.851935 0.116031 0.068401 0.997176 -0.030989 100.564491 0.851456 -0.042161 0.522729 -0.379195 0.000000 0.000000 0.000000 1.000000
0.519913 -0.070106 -0.851338 0.052043 0.070051 0.996769 -0.039302 100.156982 0.851342 -0.039203 0.523144 -0.107402 0.000000 0.000000 0.000000 1.000000
0.528375 -0.086833 -0.844559 0.013718 0.075382 0.995625 -0.055205 99.177155 0.845658 -0.034495 0.532609 0.209240 0.000000 0.000000 0.000000 1.000000
0.550987 -0.101845 -0.828276 0.000945 0.082928 0.994294 -0.067094 97.783035 0.830384 -0.031719 0.556289 0.490210 0.000000 0.000000 0.000000 1.000000
0.582537 -0.112413 -0.804993 -0.033750 0.094702 0.993032 -0.070140 95.956299 0.807268 -0.035375 0.589124 0.648291 0.000000 0.000000 0.000000 1.000000
0.609674 -0.127160 -0.782386 -0.069058 0.112760 0.990923 -0.073185 93.894722 0.784591 -0.043603 0.618478 0.734748 0.000000 0.000000 0.000000 1.000000
0.628727 -0.143619 -0.764248 -0.077089 0.130687 0.988333 -0.078217 91.703392 0.766566 -0.050700 0.640161 0.817993 0.000000 0.000000 0.000000 1.000000
0.650592 -0.150472 -0.744371 -0.089898 0.141908 0.986997 -0.075488 89.586288 0.746051 -0.056520 0.663486 0.862797 0.000000 0.000000 0.000000 1.000000
0.682782 -0.148382 -0.715396 -0.226187 0.150722 0.986705 -0.060804 87.811493 0.714906 -0.066310 0.696069 0.745633 0.000000 0.000000 0.000000 1.000000
0.719192 -0.144319 -0.679658 -0.537472 0.158230 0.986507 -0.042041 86.689705 0.676554 -0.077307 0.732324 0.441376 0.000000 0.000000 0.000000 1.000000
0.755952 -0.136696 -0.640196 -1.008029 0.156984 0.987274 -0.025436 86.541153 0.635526 -0.081272 0.767790 -0.013344 0.000000 0.000000 0.000000 1.000000
0.794875 -0.123237 -0.594126 -1.687374 0.146483 0.989170 -0.009201 87.545090 0.588826 -0.079715 0.804319 -0.589627 0.000000 0.000000 0.000000 1.000000
0.832362 -0.106080 -0.543986 -2.633584 0.133407 0.991002 0.010878 89.792763 0.537937 -0.081626 0.839024 -1.177813 0.000000 0.000000 0.000000 1.000000
0.861851 -0.086401 -0.499747 -3.821183 0.120726 0.992007 0.036694 93.301071 0.492583 -0.091958 0.865394 -1.629571 0.000000 0.000000 0.000000 1.000000
0.879722 -0.067524 -0.470670 -5.137506 0.108109 0.992345 0.059700 97.737305 0.463035 -0.103403 0.880287 -1.866226 0.000000 0.000000 0.000000 1.000000
0.886781 -0.058531 -0.458469 -6.376702 0.098063 0.993192 0.062878 102.206512 0.451668 -0.100718 0.886483 -1.927232 0.000000 0.000000 0.000000 1.000000
0.888829 -0.065152 -0.453585 -7.406727 0.092638 0.994951 0.038617 105.336594 0.448778 -0.076343 0.890376 -1.826038 0.000000 0.000000 0.000000 1.000000
0.894756 -0.073993 -0.440383 -8.452537 0.083170 0.996534 0.001544 107.459633 0.438743 -0.038008 0.897808 -1.606594 0.000000 0.000000 0.000000 1.000000
0.906276 -0.070768 -0.416720 -9.579021 0.067214 0.997468 -0.023216 108.959793 0.417308 -0.006969 0.908738 -1.460667 0.000000 0.000000 0.000000 1.000000
0.911261 -0.065120 -0.406649 -10.525681 0.058177 0.997872 -0.029428 109.953018 0.407700 0.003159 0.913110 -1.493605 0.000000 0.000000 0.000000 1.000000
0.901770 -0.062224 -0.427713 -11.104101 0.054989 0.998058 -0.029262 110.499336 0.428704 0.002868 0.903441 -1.629823 0.000000 0.000000 0.000000 1.000000
0.883665 -0.054288 -0.464962 -11.314652 0.046879 0.998522 -0.027490 110.643951 0.465767 0.002495 0.884904 -1.739888 0.000000 0.000000 0.000000 1.000000
0.864084 -0.044588 -0.501369 -11.245662 0.038912 0.999005 -0.021781 110.499023 0.501841 -0.000689 0.864960 -1.872995 0.000000 0.000000 0.000000 1.000000
0.844376 -0.040029 -0.534254 -10.965911 0.038147 0.999166 -0.014571 110.128601 0.534392 -0.008077 0.845198 -2.080399 0.000000 0.000000 0.000000 1.000000
0.826102 -0.040983 -0.562029 -10.535516 0.041769 0.999062 -0.011457 109.687729 0.561971 -0.014010 0.827038 -2.340389 0.000000 0.000000 0.000000 1.000000
0.812312 -0.045378 -0.581455 -9.923595 0.045916 0.998850 -0.013806 109.333710 0.581412 -0.015483 0.813462 -2.573850 0.000000 0.000000 0.000000 1.000000
0.803429 -0.049316 -0.593354 -9.118254 0.049339 0.998651 -0.016194 109.181282 0.593352 -0.016265 0.804779 -2.758328 0.000000 0.000000 0.000000 1.000000
0.795093 -0.052538 -0.604207 -8.252551 0.052060 0.998476 -0.018313 109.090546 0.604249 -0.016894 0.796617 -2.921162 0.000000 0.000000 0.000000 1.000000
0.784791 -0.052663 -0.617519 -7.278467 0.052200 0.998459 -0.018810 109.106636 0.617558 -0.017473 0.786331 -3.024755 0.000000 0.000000 0.000000 1.000000
0.770233 -0.052696 -0.635582 -6.179648 0.052335 0.998442 -0.019359 109.010513 0.635612 -0.018352 0.771790 -3.084470 0.000000 0.000000 0.000000 1.000000
0.751270 -0.054496 -0.657741 -5.004632 0.054843 0.998293 -0.020070 108.744560 0.657713 -0.020995 0.752976 -3.171496 0.000000 0.000000 0.000000 1.000000
0.729865 -0.056995 -0.681211 -3.792628 0.058419 0.998073 -0.020914 108.433495 0.681091 -0.024531 0.731788 -3.275835 0.000000 0.000000 0.000000 1.000000
0.706694 -0.059991 -0.704971 -2.571205 0.062728 0.997788 -0.022028 108.074944 0.704733 -0.028654 0.708894 -3.395563 0.000000 0.000000 0.000000 1.000000
0.682542 -0.063431 -0.728089 -1.378294 0.067612 0.997435 -0.023514 107.653931 0.727712 -0.033178 0.685080 -3.533413 0.000000 0.000000 0.000000 1.000000
0.658343 -0.066935 -0.749736 -0.226513 0.072401 0.997051 -0.025439 107.185097 0.749228 -0.037534 0.661248 -3.671814 0.000000 0.000000 0.000000 1.000000
0.635107 -0.070429 -0.769207 0.859515 0.076811 0.996657 -0.027834 106.679123 0.768596 -0.041406 0.638393 -3.816868 0.000000 0.000000 0.000000 1.000000
0.615115 -0.074131 -0.784945 1.794525 0.080300 0.996283 -0.031163 106.076523 0.784337 -0.043862 0.618782 -3.968626 0.000000 0.000000 0.000000 1.000000
0.599418 -0.076377 -0.796784 2.562550 0.081752 0.996073 -0.033979 105.387314 0.796251 -0.044771 0.603308 -4.103655 0.000000 0.000000 0.000000 1.000000
0.586228 -0.079997 -0.806187 3.115221 0.084290 0.995735 -0.037513 104.752716 0.805749 -0.045963 0.590470 -4.155566 0.000000 0.000000 0.000000 1.000000
0.574608 -0.083701 -0.814137 3.572523 0.087140 0.995359 -0.040830 104.126968 0.813776 -0.047483 0.579235 -4.179350 0.000000 0.000000 0.000000 1.000000
0.568764 -0.086619 -0.817927 3.768340 0.091145 0.994952 -0.041986 103.490814 0.817435 -0.050670 0.573788 -4.145622 0.000000 0.000000 0.000000 1.000000
0.565571 -0.086898 -0.820108 3.863441 0.094476 0.994713 -0.040246 102.884163 0.819270 -0.054719 0.570791 -4.062659 0.000000 0.000000 0.000000 1.000000
0.562399 -0.086728 -0.822305 3.877223 0.097519 0.994501 -0.038193 102.337936 0.821095 -0.058711 0.567764 -3.944592 0.000000 0.000000 0.000000 1.000000
0.558202 -0.087881 -0.825038 3.804926 0.100620 0.994206 -0.037823 101.888046 0.823581 -0.061903 0.563810 -3.810511 0.000000 0.000000 0.000000 1.000000
0.552473 -0.088860 -0.828781 3.642049 0.102760 0.993977 -0.038071 101.621040 0.827173 -0.064132 0.558277 -3.641796 0.000000 0.000000 0.000000 1.000000
0.546675 -0.089914 -0.832503 3.469929 0.104918 0.993738 -0.038433 101.364777 0.830746 -0.066334 0.552686 -3.470978 0.000000 0.000000 0.000000 1.000000
0.540685 -0.090850 -0.836305 3.292263 0.106843 0.993517 -0.038853 101.124657 0.834413 -0.068346 0.546886 -3.297145 0.000000 0.000000 0.000000 1.000000
0.534376 -0.091475 -0.840282 3.112748 0.108287 0.993344 -0.039272 100.906090 0.838281 -0.070006 0.540725 -3.119385 0.000000 0.000000 0.000000 1.000000
0.527624 -0.091601 -0.844525 2.935079 0.109013 0.993250 -0.039626 100.714478 0.842454 -0.071156 0.534048 -2.936783 0.000000 0.000000 0.000000 1.000000
0.519208 -0.090830 -0.849808 2.762753 0.108375 0.993307 -0.039954 100.596413 0.847749 -0.071354 0.525577 -2.733617 0.000000 0.000000 0.000000 1.000000
0.509803 -0.089114 -0.855664 2.588712 0.106358 0.993519 -0.040103 100.543221 0.853692 -0.070562 0.515976 -2.518695 0.000000 0.000000 0.000000 1.000000
0.502167 -0.086787 -0.860405 2.400823 0.103685 0.993816 -0.039729 100.477417 0.858533 -0.069260 0.508060 -2.327905 0.000000 0.000000 0.000000 1.000000
0.497131 -0.083820 -0.863617 2.190082 0.100461 0.994189 -0.038664 100.362228 0.861840 -0.067539 0.502663 -2.174442 0.000000 0.000000 0.000000 1.000000
0.493892 -0.080253 -0.865812 1.965494 0.096635 0.994629 -0.037069 100.234406 0.864137 -0.065359 0.498995 -2.045112 0.000000 0.000000 0.000000 1.000000
0.492813 -0.076500 -0.866766 1.741938 0.092649 0.995078 -0.035148 100.126740 0.865189 -0.062984 0.497475 -1.936224 0.000000 0.000000 0.000000 1.000000
0.494009 -0.072193 -0.866455 1.507710 0.088171 0.995569 -0.032680 100.029968 0.864975 -0.060252 0.498185 -1.852033 0.000000 0.000000 0.000000 1.000000
0.496706 -0.067398 -0.865298 1.263104 0.083208 0.996086 -0.029821 99.934006 0.863921 -0.057187 0.500370 -1.785977 0.000000 0.000000 0.000000 1.000000
0.499968 -0.063180 -0.863736 1.040997 0.078717 0.996522 -0.027328 99.870415 0.862459 -0.054327 0.503202 -1.718145 0.000000 0.000000 0.000000 1.000000
0.502895 -0.060625 -0.862219 0.874266 0.075714 0.996792 -0.025927 99.870773 0.861025 -0.052244 0.505872 -1.628624 0.000000 0.000000 0.000000 1.000000
0.505360 -0.059574 -0.860850 0.756593 0.074080 0.996926 -0.025503 99.926132 0.859723 -0.050883 0.508220 -1.518093 0.000000 0.000000 0.000000 1.000000
0.507824 -0.059054 -0.859435 0.656964 0.072920 0.997014 -0.025421 100.003197 0.858369 -0.049760 0.510613 -1.401447 0.000000 0.000000 0.000000 1.000000
0.510287 -0.058942 -0.857982 0.571216 0.072126 0.997067 -0.025599 100.096947 0.856974 -0.048819 0.513042 -1.280097 0.000000 0.000000 0.000000 1.000000
0.512751 -0.059114 -0.856500 0.495184 0.071588 0.997096 -0.025960 100.202393 0.855548 -0.048004 0.515494 -1.155455 0.000000 0.000000 0.000000 1.000000
0.515213 -0.059447 -0.854998 0.424704 0.071196 0.997112 -0.026426 100.314507 0.854100 -0.047258 0.517957 -1.028931 0.000000 0.000000 0.000000 1.000000
0.517671 -0.059817 -0.853486 0.355612 0.070835 0.997125 -0.026919 100.428299 0.852642 -0.046521 0.520420 -0.901937 0.000000 0.000000 0.000000 1.000000
0.520124 -0.060098 -0.851974 0.283744 0.070390 0.997144 -0.027366 100.538742 0.851185 -0.045736 0.522869 -0.775884 0.000000 0.000000 0.000000 1.000000
0.522569 -0.060166 -0.850471 0.204936 0.069742 0.997181 -0.027692 100.640846 0.849740 -0.044842 0.525292 -0.652182 0.000000 0.000000 0.000000 1.000000</float_array>
        <technique_common>
          <accessor source="#mixamorig_Hips-Matrix-animation-output-transform-array" count="69" stride="16">
            <param type="float4x4"/>
          </accessor>
        </technique_common>
      </source>
      <source id="mixamorig_Hips-Interpolations">
        <Name_array id="mixamorig_Hips-Interpolations-array" count="69">
 LINEAR LINEAR LINEAR LINEAR LINEAR LINEAR LINEAR LINEAR LINEAR LINEAR LINEAR
LINEAR LINEAR LINEAR LINEAR LINEAR LINEAR LINEAR LINEAR LINEAR LINEAR LINEAR LINEAR
LINEAR LINEAR LINEAR LINEAR LINEAR LINEAR LINEAR LINEAR LINEAR LINEAR LINEAR LINEAR
LINEAR LINEAR LINEAR LINEAR LINEAR LINEAR LINEAR LINEAR LINEAR LINEAR LINEAR LINEAR
LINEAR LINEAR LINEAR LINEAR LINEAR LINEAR LINEAR LINEAR LINEAR LINEAR LINEAR LINEAR
LINEAR LINEAR LINEAR LINEAR LINEAR LINEAR LINEAR LINEAR LINEAR LINEAR</Name_array>
        <technique_common>
          <accessor source="#mixamorig_Hips-Interpolations-array" count="69">
            <param type="name"/>
          </accessor>
        </technique_common>
      </source>
      <sampler id="mixamorig_Hips-Matrix-animation-transform">
        <input semantic="INPUT" source="#mixamorig_Hips-Matrix-animation-input"/>
        <input semantic="OUTPUT" source="#mixamorig_Hips-Matrix-animation-output-transform"/>
        <input semantic="INTERPOLATION" source="#mixamorig_Hips-Interpolations"/>
      </sampler>
      <channel source="#mixamorig_Hips-Matrix-animation-transform" target="mixamorig_Hips/matrix"/>
    </animation>
    <animation id="mixamorig_Spine-anim" name="mixamorig_Spine">
      <source id="mixamorig_Spine-Matrix-animation-input">
        <float_array id="mixamorig_Spine-Matrix-animation-input-array" count="69">

0.000000 0.033333 0.066667 0.100000 0.133333 0.166667 0.200000 0.233333 0.266667 0.300000 0.333333 0.366667 0.400000 0.433333 0.466667 0.500000
0.533333 0.566667 0.600000 0.633333 0.666667 0.700000 0.733333 0.766667 0.800000 0.833333 0.866667 0.900000 0.933333 0.966667 1.000000 1.033333
1.066667 1.100000 1.133333 1.166667 1.200000 1.233333 1.266667 1.300000 1.333333 1.366667 1.400000 1.433333 1.466667 1.500000 1.533333 1.566667
1.600000 1.633333 1.666667 1.700000 1.733333 1.766667 1.800000 1.833333 1.866667 1.900000 1.933333 1.966667 2.000000 2.033333 2.066667 2.100000
2.133333 2.166667 2.200000 2.233333 2.266667</float_array>
        <technique_common>
          <accessor source="#mixamorig_Spine-Matrix-animation-input-array" count="69">
            <param name="TIME" type="float"/>
          </accessor>
        </technique_common>
      </source>
      <source id="mixamorig_Spine-Matrix-animation-output-transform">
        <float_array id="mixamorig_Spine-Matrix-animation-output-transform-array" count="1104">

0.998816 0.048625 0.001208 0.000000 -0.047275 0.976313 -0.211137 8.536500 -0.011446 0.210830 0.977456 0.187100 0.000000 0.000000 0.000000 1.000000
0.998849 0.047924 0.001742 -0.000000 -0.046494 0.976667 -0.209664 8.536500 -0.011750 0.209342 0.977772 0.187100 0.000000 0.000000 0.000000 1.000000
0.998877 0.047307 0.002426 -0.000000 -0.045754 0.976815 -0.209141 8.536500 -0.012264 0.208795 0.977882 0.187100 0.000000 0.000000 0.000000 1.000000
0.998925 0.046192 0.003905 0.000000 -0.044381 0.977288 -0.207217 8.536500 -0.013388 0.206821 0.978287 0.187100 0.000000 0.000000 0.000000 1.000000
0.998982 0.044853 0.004787 0.000000 -0.042947 0.978214 -0.203109 8.536500 -0.013792 0.202697 0.979144 0.187100 0.000000 0.000000 0.000000 1.000000
0.999063 0.043161 0.003196 -0.000000 -0.041662 0.979097 -0.199081 8.536500 -0.011722 0.198761 0.979978 0.187100 0.000000 0.000000 0.000000 1.000000
0.999203 0.039870 0.001808 0.000000 -0.038740 0.979790 -0.196241 8.536500 -0.009596 0.196015 0.980554 0.187100 0.000000 0.000000 0.000000 1.000000
0.999358 0.035657 0.003527 0.000000 -0.034299 0.980454 -0.193734 8.536500 -0.010367 0.193488 0.981048 0.187100 0.000000 0.000000 0.000000 1.000000
0.999450 0.032581 0.006182 -0.000000 -0.030804 0.981135 -0.190856 8.536500 -0.012283 0.190561 0.981599 0.187100 0.000000 0.000000 0.000000 1.000000
0.999514 0.030296 0.007327 -0.000000 -0.028378 0.981725 -0.188179 8.536500 -0.012894 0.187880 0.982107 0.187100 0.000000 0.000000 0.000000 1.000000
0.999587 0.027700 0.007691 0.000000 -0.025791 0.982255 -0.185768 8.536500 -0.012701 0.185493 0.982564 0.187100 0.000000 0.000000 0.000000 1.000000
0.999647 0.025287 0.008135 0.000000 -0.023366 0.982730 -0.183564 8.536500 -0.012636 0.183309 0.982974 0.187100 0.000000 0.000000 0.000000 1.000000
0.999699 0.023165 0.008112 -0.000000 -0.021319 0.983318 -0.180643 8.536500 -0.012161 0.180415 0.983515 0.187100 0.000000 0.000000 0.000000 1.000000
0.999735 0.021456 0.008324 0.000000 -0.019658 0.984205 -0.175936 8.536500 -0.011967 0.175725 0.984367 0.187100 0.000000 0.000000 0.000000 1.000000
0.999718 0.021167 0.010734 0.000000 -0.019030 0.985191 -0.170403 8.536500 -0.014182 0.170151 0.985316 0.187100 0.000000 0.000000 0.000000 1.000000
0.999627 0.023615 0.013690 0.000000 -0.021059 0.986292 -0.163659 8.536500 -0.017367 0.163310 0.986422 0.187100 0.000000 0.000000 0.000000 1.000000
0.999492 0.028248 0.014785 -0.000000 -0.025632 0.987694 -0.154282 8.536500 -0.018961 0.153824 0.987916 0.187100 0.000000 0.000000 0.000000 1.000000
0.999342 0.032603 0.015896 -0.000000 -0.029999 0.989256 -0.143081 8.536500 -0.020390 0.142510 0.989583 0.187100 0.000000 0.000000 0.000000 1.000000
0.999160 0.036820 0.017962 0.000000 -0.034109 0.990516 -0.133099 8.536500 -0.022692 0.132375 0.990940 0.187100 0.000000 0.000000 0.000000 1.000000
0.998940 0.042028 0.018797 0.000000 -0.039358 0.991376 -0.125001 8.536500 -0.023889 0.124128 0.991979 0.187100 0.000000 0.000000 0.000000 1.000000
0.998824 0.045516 0.016703 0.000000 -0.043228 0.992034 -0.118319 8.536500 -0.021956 0.117458 0.992835 0.187100 0.000000 0.000000 0.000000 1.000000
0.998858 0.045536 0.014436 0.000000 -0.043592 0.992482 -0.114368 8.536500 -0.019535 0.113608 0.993334 0.187100 0.000000 0.000000 0.000000 1.000000
0.998879 0.044872 0.015059 0.000000 -0.042918 0.992827 -0.111592 8.536500 -0.019959 0.110821 0.993640 0.187100 0.000000 0.000000 0.000000 1.000000
0.998895 0.043704 0.017280 -0.000000 -0.041568 0.993172 -0.108998 8.536500 -0.021926 0.108159 0.993892 0.187100 0.000000 0.000000 0.000000 1.000000
0.998952 0.041596 0.019085 0.000000 -0.039315 0.993436 -0.107419 8.536500 -0.023428 0.106556 0.994031 0.187100 0.000000 0.000000 0.000000 1.000000
0.999016 0.039409 0.020322 0.000000 -0.037005 0.993517 -0.107492 8.536500 -0.024427 0.106634 0.993998 0.187100 0.000000 0.000000 0.000000 1.000000
0.999059 0.038289 0.020384 -0.000000 -0.035847 0.993391 -0.109034 8.536500 -0.024424 0.108201 0.993829 0.187100 0.000000 0.000000 0.000000 1.000000
0.999125 0.037295 0.018954 -0.000000 -0.034968 0.993202 -0.111026 8.536500 -0.022966 0.110266 0.993637 0.187100 0.000000 0.000000 0.000000 1.000000
0.999227 0.035126 0.017627 -0.000000 -0.032907 0.993003 -0.113409 8.536500 -0.021487 0.112741 0.993392 0.187100 0.000000 0.000000 0.000000 1.000000
0.999334 0.032602 0.016417 0.000000 -0.030484 0.992788 -0.115943 8.536500 -0.020078 0.115365 0.993120 0.187100 0.000000 0.000000 0.000000 1.000000
0.999442 0.029501 0.015648 -0.000000 -0.027436 0.992536 -0.118828 8.536500 -0.019037 0.118333 0.992792 0.187100 0.000000 0.000000 0.000000 1.000000
0.999569 0.025709 0.014188 -0.000000 -0.023797 0.992302 -0.121531 8.536500 -0.017203 0.121141 0.992486 0.187100 0.000000 0.000000 0.000000 1.000000
0.999674 0.022074 0.012842 0.000000 -0.020299 0.991966 -0.124868 8.536500 -0.015495 0.124567 0.992090 0.187100 0.000000 0.000000 0.000000 1.000000
0.999747 0.018701 0.012461 -0.000000 -0.016937 0.991483 -0.129128 8.536500 -0.014769 0.128885 0.991550 0.187100 0.000000 0.000000 0.000000 1.000000
0.999792 0.015765 0.012959 0.000000 -0.013890 0.990910 -0.133808 8.536500 -0.014950 0.133601 0.990922 0.187100 0.000000 0.000000 0.000000 1.000000
0.999817 0.013602 0.013444 0.000000 -0.011604 0.990240 -0.138892 8.536500 -0.015201 0.138710 0.990216 0.187100 0.000000 0.000000 0.000000 1.000000
0.999831 0.012050 0.013905 0.000000 -0.009904 0.989349 -0.145227 8.536500 -0.015507 0.145065 0.989301 0.187100 0.000000 0.000000 0.000000 1.000000
0.999830 0.011153 0.014679 -0.000000 -0.008794 0.988347 -0.151963 8.536500 -0.016203 0.151808 0.988277 0.187100 0.000000 0.000000 0.000000 1.000000
0.999835 0.010714 0.014682 -0.000000 -0.008263 0.987435 -0.157806 8.536500 -0.016188 0.157659 0.987361 0.187100 0.000000 0.000000 0.000000 1.000000
0.999847 0.010510 0.013963 0.000000 -0.008101 0.986661 -0.162590 8.536500 -0.015486 0.162452 0.986595 0.187100 0.000000 0.000000 0.000000 1.000000
0.999843 0.011073 0.013810 0.000000 -0.008617 0.985966 -0.166726 8.536500 -0.015462 0.166581 0.985907 0.187100 0.000000 0.000000 0.000000 1.000000
0.999838 0.011877 0.013560 0.000000 -0.009389 0.985284 -0.170665 8.536500 -0.015388 0.170510 0.985236 0.187100 0.000000 0.000000 0.000000 1.000000
0.999839 0.013113 0.012287 0.000000 -0.010772 0.984639 -0.174271 8.536500 -0.014383 0.174110 0.984621 0.187100 0.000000 0.000000 0.000000 1.000000
0.999847 0.014436 0.009921 0.000000 -0.012450 0.984099 -0.177184 8.536500 -0.012321 0.177034 0.984128 0.187100 0.000000 0.000000 0.000000 1.000000
0.999844 0.016151 0.007199 0.000000 -0.014593 0.983581 -0.179875 8.536500 -0.009986 0.179742 0.983663 0.187100 0.000000 0.000000 0.000000 1.000000
0.999820 0.018290 0.005033 0.000000 -0.017065 0.983077 -0.182398 8.536500 -0.008284 0.182280 0.983212 0.187100 0.000000 0.000000 0.000000 1.000000
0.999775 0.020802 0.004091 0.000000 -0.019691 0.982648 -0.184434 8.536500 -0.007857 0.184311 0.982836 0.187100 0.000000 0.000000 0.000000 1.000000
0.999722 0.023369 0.003213 0.000000 -0.022360 0.982214 -0.186427 8.536500 -0.007512 0.186303 0.982464 0.187100 0.000000 0.000000 0.000000 1.000000
0.999660 0.025944 0.002433 0.000000 -0.025022 0.981777 -0.188380 8.536500 -0.007276 0.188255 0.982093 0.187100 0.000000 0.000000 0.000000 1.000000
0.999593 0.028484 0.001786 -0.000000 -0.027624 0.981338 -0.190296 8.536500 -0.007173 0.190169 0.981725 0.187100 0.000000 0.000000 0.000000 1.000000
0.999520 0.030944 0.001307 0.000000 -0.030116 0.980898 -0.192177 8.536500 -0.007229 0.192046 0.981359 0.187100 0.000000 0.000000 0.000000 1.000000
0.999445 0.033284 0.001330 0.000000 -0.032393 0.980468 -0.193993 8.536500 -0.007761 0.193842 0.981002 0.187100 0.000000 0.000000 0.000000 1.000000
0.999368 0.035494 0.001776 0.000000 -0.034460 0.980054 -0.195719 8.536500 -0.008687 0.195534 0.980658 0.187100 0.000000 0.000000 0.000000 1.000000
0.999292 0.037572 0.002057 0.000000 -0.036428 0.979652 -0.197372 8.536500 -0.009430 0.197158 0.980326 0.187100 0.000000 0.000000 0.000000 1.000000
0.999215 0.039568 0.001930 0.000000 -0.038394 0.979255 -0.198962 8.536500 -0.009763 0.198731 0.980005 0.187100 0.000000 0.000000 0.000000 1.000000
0.999140 0.041430 0.001641 0.000000 -0.040261 0.978871 -0.200475 8.536500 -0.009912 0.200236 0.979698 0.187100 0.000000 0.000000 0.000000 1.000000
0.999074 0.043000 0.001333 0.000000 -0.041846 0.978514 -0.201891 8.536500 -0.009986 0.201648 0.979407 0.187100 0.000000 0.000000 0.000000 1.000000
0.999016 0.044336 0.001003 0.000000 -0.043207 0.978164 -0.203295 8.536500 -0.009995 0.203052 0.979117 0.187100 0.000000 0.000000 0.000000 1.000000
0.998962 0.045538 0.000626 -0.000000 -0.044446 0.977817 -0.204692 8.536500 -0.009934 0.204452 0.978826 0.187100 0.000000 0.000000 0.000000 1.000000
0.998918 0.046514 0.000314 0.000000 -0.045452 0.977508 -0.205940 8.536500 -0.009886 0.205703 0.978564 0.187100 0.000000 0.000000 0.000000 1.000000
0.998887 0.047172 0.000176 0.000000 -0.046114 0.977275 -0.206901 8.536500 -0.009932 0.206662 0.978362 0.187100 0.000000 0.000000 0.000000 1.000000
0.998868 0.047572 0.000198 0.000000 -0.046495 0.977105 -0.207615 8.536500 -0.010070 0.207370 0.978211 0.187100 0.000000 0.000000 0.000000 1.000000
0.998854 0.047857 0.000276 0.000000 -0.046750 0.976962 -0.208230 8.536500 -0.010235 0.207979 0.978080 0.187100 0.000000 0.000000 0.000000 1.000000
0.998845 0.048051 0.000398 -0.000000 -0.046910 0.976839 -0.208771 8.536500 -0.010421 0.208511 0.977964 0.187100 0.000000 0.000000 0.000000 1.000000
0.998838 0.048184 0.000552 0.000000 -0.047002 0.976730 -0.209260 8.536500 -0.010622 0.208991 0.977860 0.187100 0.000000 0.000000 0.000000 1.000000
0.998834 0.048281 0.000722 0.000000 -0.047056 0.976629 -0.209718 8.536500 -0.010831 0.209439 0.977762 0.187100 0.000000 0.000000 0.000000 1.000000
0.998829 0.048369 0.000898 0.000000 -0.047100 0.976530 -0.210168 8.536500 -0.011042 0.209880 0.977665 0.187100 0.000000 0.000000 0.000000 1.000000
0.998824 0.048475 0.001064 0.000000 -0.047163 0.976427 -0.210634 8.536500 -0.011249 0.210336 0.977564 0.187100 0.000000 0.000000 0.000000 1.000000
0.998816 0.048625 0.001208 0.000000 -0.047275 0.976313 -0.211137 8.536500 -0.011446 0.210830 0.977456 0.187100 0.000000 0.000000 0.000000 1.000000</float_array>
        <technique_common>
          <accessor source="#mixamorig_Spine-Matrix-animation-output-transform-array" count="69" stride="16">
            <param type="float4x4"/>
          </accessor>
        </technique_common>
      </source>
      <source id="mixamorig_Spine-Interpolations">
        <Name_array id="mixamorig_Spine-Interpolations-array" count="69">
 LINEAR LINEAR LINEAR LINEAR LINEAR LINEAR LINEAR LINEAR LINEAR LINEAR LINEAR
LINEAR LINEAR LINEAR LINEAR LINEAR LINEAR LINEAR LINEAR LINEAR LINEAR LINEAR LINEAR
LINEAR LINEAR LINEAR LINEAR LINEAR LINEAR LINEAR LINEAR LINEAR LINEAR LINEAR LINEAR
LINEAR LINEAR LINEAR LINEAR LINEAR LINEAR LINEAR LINEAR LINEAR LINEAR LINEAR LINEAR
LINEAR LINEAR LINEAR LINEAR LINEAR LINEAR LINEAR LINEAR LINEAR LINEAR LINEAR LINEAR
LINEAR LINEAR LINEAR LINEAR LINEAR LINEAR LINEAR LINEAR LINEAR LINEAR</Name_array>
        <technique_common>
          <accessor source="#mixamorig_Spine-Interpolations-array" count="69">
            <param type="name"/>
          </accessor>
        </technique_common>
      </source>
      <sampler id="mixamorig_Spine-Matrix-animation-transform">
        <input semantic="INPUT" source="#mixamorig_Spine-Matrix-animation-input"/>
        <input semantic="OUTPUT" source="#mixamorig_Spine-Matrix-animation-output-transform"/>
        <input semantic="INTERPOLATION" source="#mixamorig_Spine-Interpolations"/>
      </sampler>
      <channel source="#mixamorig_Spine-Matrix-animation-transform" target="mixamorig_Spine/matrix"/>
    </animation>
    <animation id="mixamorig_Spine1-anim" name="mixamorig_Spine1">
      <source id="mixamorig_Spine1-Matrix-animation-input">
        <float_array id="mixamorig_Spine1-Matrix-animation-input-array" count="69">

0.000000 0.033333 0.066667 0.100000 0.133333 0.166667 0.200000 0.233333 0.266667 0.300000 0.333333 0.366667 0.400000 0.433333 0.466667 0.500000
0.533333 0.566667 0.600000 0.633333 0.666667 0.700000 0.733333 0.766667 0.800000 0.833333 0.866667 0.900000 0.933333 0.966667 1.000000 1.033333
1.066667 1.100000 1.133333 1.166667 1.200000 1.233333 1.266667 1.300000 1.333333 1.366667 1.400000 1.433333 1.466667 1.500000 1.533333 1.566667
1.600000 1.633333 1.666667 1.700000 1.733333 1.766667 1.800000 1.833333 1.866667 1.900000 1.933333 1.966667 2.000000 2.033333 2.066667 2.100000
2.133333 2.166667 2.200000 2.233333 2.266667</float_array>
        <technique_common>
          <accessor source="#mixamorig_Spine1-Matrix-animation-input-array" count="69">
            <param name="TIME" type="float"/>
          </accessor>
        </technique_common>
      </source>
      <source id="mixamorig_Spine1-Matrix-animation-output-transform">
        <float_array id="mixamorig_Spine1-Matrix-animation-output-transform-array" count="1104">

0.995240 0.097445 -0.001098 0.000000 -0.096568 0.984646 -0.145419 9.685800 -0.013089 0.144833 0.989370 0.000000 0.000000 0.000000 0.000000 1.000000
0.995370 0.096114 0.000087 0.000000 -0.095121 0.985219 -0.142465 9.685800 -0.013779 0.141797 0.989800 0.000000 0.000000 0.000000 0.000000 1.000000
0.995477 0.094989 0.001492 0.000000 -0.093824 0.985490 -0.141441 9.685800 -0.014906 0.140661 0.989946 0.000000 0.000000 0.000000 0.000000 1.000000
0.995644 0.093122 0.004520 0.000000 -0.091617 0.986239 -0.137617 9.685800 -0.017273 0.136603 0.990475 0.000000 0.000000 0.000000 0.000000 1.000000
0.995837 0.090924 0.006383 -0.000000 -0.089340 0.987567 -0.129346 9.685800 -0.018064 0.128237 0.991579 -0.000000 0.000000 0.000000 0.000000 1.000000
0.996119 0.087953 0.003288 0.000000 -0.086909 0.988828 -0.121107 9.685800 -0.013903 0.120351 0.992634 0.000000 0.000000 0.000000 0.000000 1.000000
0.996638 0.081931 0.000561 0.000000 -0.081320 0.989998 -0.115289 9.685800 -0.010001 0.114855 0.993332 0.000000 0.000000 0.000000 0.000000 1.000000
0.997219 0.074425 0.003967 0.000000 -0.073535 0.991177 -0.110278 9.685800 -0.012140 0.109679 0.993893 0.000000 0.000000 0.000000 0.000000 1.000000
0.997562 0.069183 0.009177 0.000000 -0.067850 0.992203 -0.104547 9.685800 -0.016339 0.103669 0.994478 0.000000 0.000000 0.000000 0.000000 1.000000
0.997807 0.065204 0.011423 -0.000000 -0.063756 0.993027 -0.099160 9.685800 -0.017809 0.098214 0.995006 0.000000 0.000000 0.000000 0.000000 1.000000
0.998095 0.060485 0.012168 0.000000 -0.059075 0.993792 -0.094275 9.685800 -0.017794 0.093377 0.995472 0.000000 0.000000 0.000000 0.000000 1.000000
0.998338 0.056134 0.013037 -0.000000 -0.054742 0.994453 -0.089814 9.685800 -0.018006 0.088951 0.995873 0.000000 0.000000 0.000000 0.000000 1.000000
0.998562 0.051990 0.013044 0.000000 -0.050718 0.995184 -0.083882 9.685800 -0.017342 0.083100 0.996390 0.000000 0.000000 0.000000 0.000000 1.000000
0.998746 0.048178 0.013624 -0.000000 -0.047038 0.996123 -0.074337 9.685800 -0.017152 0.073603 0.997140 0.000000 0.000000 0.000000 0.000000 1.000000
0.998726 0.046891 0.018621 0.000000 -0.045629 0.996958 -0.063192 9.685800 -0.021527 0.062262 0.997828 -0.000000 0.000000 0.000000 0.000000 1.000000
0.998415 0.050525 0.024808 0.000000 -0.049248 0.997553 -0.049634 9.685800 -0.027255 0.048333 0.998459 0.000000 0.000000 0.000000 0.000000 1.000000
0.997950 0.057747 0.027583 0.000000 -0.056895 0.997907 -0.030718 9.685800 -0.029299 0.029086 0.999147 0.000000 0.000000 0.000000 0.000000 1.000000
0.997479 0.063993 0.030666 0.000000 -0.063772 0.997931 -0.008137 9.685800 -0.031123 0.006160 0.999497 0.000000 0.000000 0.000000 0.000000 1.000000
0.996896 0.070197 0.035646 0.000000 -0.070661 0.997429 0.011906 9.685800 -0.034719 -0.014388 0.999294 0.000000 0.000000 0.000000 0.000000 1.000000
0.996163 0.078803 0.038077 -0.000000 -0.079897 0.996406 0.028134 9.685800 -0.035723 -0.031069 0.998879 0.000000 0.000000 0.000000 0.000000 1.000000
0.995885 0.083751 0.034617 0.000000 -0.085166 0.995496 0.041645 9.685800 -0.030973 -0.044421 0.998533 0.000000 0.000000 0.000000 0.000000 1.000000
0.996072 0.083159 0.030416 0.000000 -0.084601 0.995175 0.049688 9.685800 -0.026138 -0.052066 0.998302 0.000000 0.000000 0.000000 0.000000 1.000000
0.996155 0.081593 0.031902 -0.000000 -0.083268 0.994994 0.055253 9.685800 -0.027234 -0.057697 0.997963 0.000000 0.000000 0.000000 0.000000 1.000000
0.996226 0.078738 0.036532 0.000000 -0.080847 0.994894 0.060405 9.685800 -0.031590 -0.063131 0.997505 0.000000 0.000000 0.000000 0.000000 1.000000
0.996447 0.074021 0.040176 0.000000 -0.076480 0.995043 0.063557 9.685800 -0.035272 -0.066404 0.997169 0.000000 0.000000 0.000000 0.000000 1.000000
0.996620 0.070306 0.042485 0.000000 -0.072917 0.995321 0.063395 9.685800 -0.037829 -0.066278 0.997084 0.000000 0.000000 0.000000 0.000000 1.000000
0.996730 0.068721 0.042496 -0.000000 -0.071216 0.995636 0.060304 9.685800 -0.038166 -0.063133 0.997275 -0.000000 0.000000 0.000000 0.000000 1.000000
0.996950 0.067258 0.039585 -0.000000 -0.069431 0.995993 0.056361 9.685800 -0.035636 -0.058938 0.997625 0.000000 0.000000 0.000000 0.000000 1.000000
0.997324 0.063123 0.036880 -0.000000 -0.064984 0.996548 0.051660 9.685800 -0.033492 -0.053919 0.997983 0.000000 0.000000 0.000000 0.000000 1.000000
0.997715 0.058126 0.034428 -0.000000 -0.059702 0.997126 0.046648 9.685800 -0.031617 -0.048597 0.998318 0.000000 0.000000 0.000000 0.000000 1.000000
0.998127 0.051588 0.032888 0.000000 -0.052917 0.997760 0.040928 9.685800 -0.030703 -0.042591 0.998621 0.000000 0.000000 0.000000 0.000000 1.000000
0.998562 0.044507 0.029875 0.000000 -0.045561 0.998328 0.035572 9.685800 -0.028241 -0.036882 0.998920 0.000000 0.000000 0.000000 0.000000 1.000000
0.998896 0.038457 0.026992 0.000000 -0.039235 0.998812 0.028907 9.685800 -0.025848 -0.029934 0.999218 0.000000 0.000000 0.000000 0.000000 1.000000
0.999115 0.033060 0.026010 0.000000 -0.033594 0.999228 0.020348 9.685800 -0.025317 -0.021204 0.999455 0.000000 0.000000 0.000000 0.000000 1.000000
0.999234 0.028528 0.026772 -0.000000 -0.028829 0.999525 0.010916 9.685800 -0.026447 -0.011679 0.999582 0.000000 0.000000 0.000000 0.000000 1.000000
0.999306 0.025059 0.027554 0.000000 -0.025086 0.999685 0.000663 9.685800 -0.027529 -0.001354 0.999620 0.000000 0.000000 0.000000 0.000000 1.000000
0.999340 0.022843 0.028252 0.000000 -0.022508 0.999673 -0.012134 9.685800 -0.028519 0.011490 0.999527 0.000000 0.000000 0.000000 0.000000 1.000000
0.999326 0.021719 0.029587 0.000000 -0.020959 0.999448 -0.025763 9.685800 -0.030130 0.025125 0.999230 -0.000000 0.000000 0.000000 0.000000 1.000000
0.999339 0.021399 0.029395 -0.000000 -0.020288 0.999087 -0.037587 9.685800 -0.030173 0.036966 0.998861 0.000000 0.000000 0.000000 0.000000 1.000000
0.999385 0.021388 0.027792 0.000000 -0.020058 0.998681 -0.047262 9.685800 -0.028767 0.046676 0.998496 0.000000 0.000000 0.000000 0.000000 1.000000
0.999366 0.022831 0.027323 0.000000 -0.021284 0.998224 -0.055648 9.685800 -0.028545 0.055031 0.998077 -0.000000 0.000000 0.000000 0.000000 1.000000
0.999339 0.024738 0.026649 0.000000 -0.023001 0.997708 -0.063637 9.685800 -0.028162 0.062982 0.997617 0.000000 0.000000 0.000000 0.000000 1.000000
0.999337 0.027478 0.023906 0.000000 -0.025721 0.997149 -0.070939 9.685800 -0.025787 0.070277 0.997194 0.000000 0.000000 0.000000 0.000000 1.000000
0.999359 0.030340 0.018978 0.000000 -0.028798 0.996629 -0.076819 9.685800 -0.021244 0.076223 0.996864 -0.000000 0.000000 0.000000 0.000000 1.000000
0.999335 0.033939 0.013328 -0.000000 -0.032731 0.996075 -0.082235 9.685800 -0.016067 0.081744 0.996524 -0.000000 0.000000 0.000000 0.000000 1.000000
0.999226 0.038333 0.008787 0.000000 -0.037421 0.995478 -0.087316 9.685800 -0.012094 0.086919 0.996142 0.000000 0.000000 0.000000 0.000000 1.000000
0.999035 0.043407 0.006739 -0.000000 -0.042610 0.994899 -0.091434 9.685800 -0.010674 0.091059 0.995788 0.000000 0.000000 0.000000 0.000000 1.000000
0.998808 0.048579 0.004799 0.000000 -0.047901 0.994280 -0.095461 9.685800 -0.009410 0.095118 0.995422 0.000000 0.000000 0.000000 0.000000 1.000000
0.998549 0.053756 0.003043 -0.000000 -0.053188 0.993625 -0.099401 9.685800 -0.008367 0.099095 0.995043 -0.000000 0.000000 0.000000 0.000000 1.000000
0.998266 0.058843 0.001545 0.000000 -0.058369 0.992940 -0.103262 9.685800 -0.007610 0.102992 0.994653 0.000000 0.000000 0.000000 0.000000 1.000000
0.997966 0.063749 0.000384 0.000000 -0.063341 0.992234 -0.107051 9.685800 -0.007206 0.106809 0.994253 0.000000 0.000000 0.000000 0.000000 1.000000
0.997659 0.068388 0.000253 0.000000 -0.067940 0.991527 -0.110722 9.685800 -0.007823 0.110445 0.993851 0.000000 0.000000 0.000000 0.000000 1.000000
0.997350 0.072740 0.000996 0.000000 -0.072151 0.990830 -0.114235 9.685800 -0.009296 0.113861 0.993453 -0.000000 0.000000 0.000000 0.000000 1.000000
0.997046 0.076794 0.001421 0.000000 -0.076095 0.990142 -0.117597 9.685800 -0.010438 0.117141 0.993060 -0.000000 0.000000 0.000000 0.000000 1.000000
0.996743 0.080635 0.001040 0.000000 -0.079919 0.989453 -0.120811 9.685800 -0.010770 0.120334 0.992675 -0.000000 0.000000 0.000000 0.000000 1.000000
0.996451 0.084169 0.000350 -0.000000 -0.083477 0.988782 -0.123862 9.685800 -0.010771 0.123393 0.992299 0.000000 0.000000 0.000000 0.000000 1.000000
0.996199 0.087104 -0.000358 0.000000 -0.086447 0.988165 -0.126716 9.685800 -0.010684 0.126265 0.991939 -0.000000 0.000000 0.000000 0.000000 1.000000
0.995983 0.089541 -0.001088 0.000000 -0.088927 0.987578 -0.129545 9.685800 -0.010525 0.129121 0.991573 -0.000000 0.000000 0.000000 0.000000 1.000000
0.995786 0.091683 -0.001898 -0.000000 -0.091126 0.987005 -0.132355 9.685800 -0.010261 0.131970 0.991201 0.000000 0.000000 0.000000 0.000000 1.000000
0.995625 0.093402 -0.002572 0.000000 -0.092895 0.986500 -0.134866 9.685800 -0.010059 0.134515 0.990860 0.000000 0.000000 0.000000 0.000000 1.000000
0.995514 0.094575 -0.002890 0.000000 -0.094080 0.986121 -0.136803 9.685800 -0.010088 0.136461 0.990594 0.000000 0.000000 0.000000 0.000000 1.000000
0.995443 0.095316 -0.002888 0.000000 -0.094798 0.985850 -0.138247 9.685800 -0.010330 0.137891 0.990394 0.000000 0.000000 0.000000 0.000000 1.000000
0.995392 0.095853 -0.002769 0.000000 -0.095301 0.985626 -0.139496 9.685800 -0.010642 0.139117 0.990219 0.000000 0.000000 0.000000 0.000000 1.000000
0.995355 0.096234 -0.002558 -0.000000 -0.095636 0.985437 -0.140596 9.685800 -0.011009 0.140188 0.990064 0.000000 0.000000 0.000000 0.000000 1.000000
0.995330 0.096506 -0.002284 0.000000 -0.095856 0.985273 -0.141591 9.685800 -0.011414 0.141148 0.989923 0.000000 0.000000 0.000000 0.000000 1.000000
0.995310 0.096716 -0.001973 -0.000000 -0.096009 0.985124 -0.142525 9.685800 -0.011841 0.142046 0.989789 0.000000 0.000000 0.000000 0.000000 1.000000
0.995292 0.096912 -0.001653 -0.000000 -0.096145 0.984977 -0.143445 9.685800 -0.012273 0.142929 0.989657 0.000000 0.000000 0.000000 0.000000 1.000000
0.995270 0.097139 -0.001352 0.000000 -0.096315 0.984822 -0.144395 9.685800 -0.012695 0.143842 0.989519 0.000000 0.000000 0.000000 0.000000 1.000000
0.995240 0.097445 -0.001098 0.000000 -0.096568 0.984646 -0.145419 9.685800 -0.013089 0.144833 0.989370 0.000000 0.000000 0.000000 0.000000 1.000000</float_array>
        <technique_common>
          <accessor source="#mixamorig_Spine1-Matrix-animation-output-transform-array" count="69" stride="16">
            <param type="float4x4"/>
          </accessor>
        </technique_common>
      </source>
      <source id="mixamorig_Spine1-Interpolations">
        <Name_array id="mixamorig_Spine1-Interpolations-array" count="69">
 LINEAR LINEAR LINEAR LINEAR LINEAR LINEAR LINEAR LINEAR LINEAR LINEAR LINEAR
LINEAR LINEAR LINEAR LINEAR LINEAR LINEAR LINEAR LINEAR LINEAR LINEAR LINEAR LINEAR
LINEAR LINEAR LINEAR LINEAR LINEAR LINEAR LINEAR LINEAR LINEAR LINEAR LINEAR LINEAR
LINEAR LINEAR LINEAR LINEAR LINEAR LINEAR LINEAR LINEAR LINEAR LINEAR LINEAR LINEAR
LINEAR LINEAR LINEAR LINEAR LINEAR LINEAR LINEAR LINEAR LINEAR LINEAR LINEAR LINEAR
LINEAR LINEAR LINEAR LINEAR LINEAR LINEAR LINEAR LINEAR LINEAR LINEAR</Name_array>
        <technique_common>
          <accessor source="#mixamorig_Spine1-Interpolations-array" count="69">
            <param type="name"/>
          </accessor>
        </technique_common>
      </source>
      <sampler id="mixamorig_Spine1-Matrix-animation-transform">
        <input semantic="INPUT" source="#mixamorig_Spine1-Matrix-animation-input"/>
        <input semantic="OUTPUT" source="#mixamorig_Spine1-Matrix-animation-output-transform"/>
        <input semantic="INTERPOLATION" source="#mixamorig_Spine1-Interpolations"/>
      </sampler>
      <channel source="#mixamorig_Spine1-Matrix-animation-transform" target="mixamorig_Spine1/matrix"/>
    </animation>
    <animation id="mixamorig_Spine2-anim" name="mixamorig_Spine2">
      <source id="mixamorig_Spine2-Matrix-animation-input">
        <float_array id="mixamorig_Spine2-Matrix-animation-input-array" count="69">

0.000000 0.033333 0.066667 0.100000 0.133333 0.166667 0.200000 0.233333 0.266667 0.300000 0.333333 0.366667 0.400000 0.433333 0.466667 0.500000
