<?xml version="1.0" encoding="utf-8"?>
<COLLADA xmlns="http://www.collada.org/2005/11/COLLADASchema" version="1.4.1">
  <asset>
    <contributor>
      <author>Mixamo</author>
      <authoring_tool>COLLADA Mixamo exporter</authoring_tool>
      <comments/>
    </contributor>
    <created>2025-11-14T05:17:33Z</created>
    <modified>2025-11-14T05:17:33Z</modified>
    <revision/>
    <title/>
    <unit meter="0.010000"/>
    <up_axis>Y_UP</up_axis>
  </asset>
  <library_animations>
    <animation id="mixamorig_Hips-anim" name="mixamorig_Hips">
      <source id="mixamorig_Hips-Matrix-animation-input">
        <float_array id="mixamorig_Hips-Matrix-animation-input-array" count="71">

0.000000 0.033333 0.066667 0.100000 0.133333 0.166667 0.200000 0.233333 0.266667 0.300000 0.333333 0.366667 0.400000 0.433333 0.466667 0.500000
0.533333 0.566667 0.600000 0.633333 0.666667 0.700000 0.733333 0.766667 0.800000 0.833333 0.866667 0.900000 0.933333 0.966667 1.000000 1.033333
1.066667 1.100000 1.133333 1.166667 1.200000 1.233333 1.266667 1.300000 1.333333 1.366667 1.400000 1.433333 1.466667 1.500000 1.533333 1.566667
1.600000 1.633333 1.666667 1.700000 1.733333 1.766667 1.800000 1.833333 1.866667 1.900000 1.933333 1.966667 2.000000 2.033333 2.066667 2.100000
2.133333 2.166667 2.200000 2.233333 2.266667 2.300000 2.333333</float_array>
        <technique_common>
          <accessor source="#mixamorig_Hips-Matrix-animation-input-array" count="71">
            <param name="TIME" type="float"/>
          </accessor>
        </technique_common>
      </source>
      <source id="mixamorig_Hips-Matrix-animation-output-transform">
        <float_array id="mixamorig_Hips-Matrix-animation-output-transform-array" count="1136">

0.522569 -0.060166 -0.850471 0.204859 0.069742 0.997181 -0.027692 100.640724 0.849740 -0.044842 0.525292 -0.652111 0.000000 0.000000 0.000000 1.000000
0.517542 -0.080530 -0.851860 1.429571 0.071230 0.996161 -0.050896 100.328186 0.852688 -0.034338 0.521291 -0.524390 0.000000 0.000000 0.000000 1.000000
0.510360 -0.132867 -0.849634 2.256178 0.075167 0.991103 -0.109839 99.258316 0.856669 -0.007807 0.515807 -0.294474 0.000000 0.000000 0.000000 1.000000
0.499793 -0.203886 -0.841806 2.816619 0.080060 0.978614 -0.189488 97.352631 0.862437 0.027310 0.505427 -0.105610 0.000000 0.000000 0.000000 1.000000
0.484694 -0.279083 -0.828966 3.382589 0.084469 0.958237 -0.273215 94.375854 0.870596 0.062404 0.488025 -0.032851 0.000000 0.000000 0.000000 1.000000
0.470676 -0.349271 -0.810231 3.929236 0.089208 0.932443 -0.350131 91.104156 0.877785 0.092520 0.470037 -0.028286 0.000000 0.000000 0.000000 1.000000
0.467146 -0.393404 -0.791838 4.373744 0.097770 0.913053 -0.395948 87.428925 0.878758 0.107547 0.464992 -0.248583 0.000000 0.000000 0.000000 1.000000
0.467930 -0.418832 -0.778217 4.659216 0.102714 0.900375 -0.422817 84.026726 0.877776 0.117915 0.464332 -0.319096 0.000000 0.000000 0.000000 1.000000
0.468823 -0.422082 -0.775920 5.023718 0.099416 0.898074 -0.428462 81.244049 0.877679 0.123734 0.463000 -0.411322 0.000000 0.000000 0.000000 1.000000
0.469924 -0.413355 -0.779942 5.284824 0.095301 0.902173 -0.420716 79.218369 0.877547 0.123376 0.463346 -0.485207 0.000000 0.000000 0.000000 1.000000
0.475929 -0.403062 -0.781685 5.180213 0.094072 0.907032 -0.410419 78.046814 0.874438 0.121796 0.469600 -0.294766 0.000000 0.000000 0.000000 1.000000
0.482177 -0.388310 -0.785316 4.908273 0.092218 0.913920 -0.395279 77.677048 0.871206 0.118174 0.476481 0.059558 0.000000 0.000000 0.000000 1.000000
0.481539 -0.365826 -0.796424 4.572677 0.083873 0.923784 -0.373616 78.359070 0.872402 0.113112 0.475521 0.626822 0.000000 0.000000 0.000000 1.000000
0.473158 -0.339437 -0.812960 4.131001 0.070951 0.934478 -0.348880 80.256157 0.878116 0.107396 0.466239 1.386362 0.000000 0.000000 0.000000 1.000000
0.462836 -0.314495 -0.828780 3.405508 0.058921 0.943796 -0.325235 82.996231 0.884483 0.101698 0.455353 2.147457 0.000000 0.000000 0.000000 1.000000
0.455225 -0.295471 -0.839921 2.244776 0.051219 0.950460 -0.306597 86.743416 0.888902 0.096551 0.447807 3.003771 0.000000 0.000000 0.000000 1.000000
0.455894 -0.251988 -0.853618 0.827039 0.034961 0.963414 -0.265728 91.750031 0.889347 0.091300 0.448024 3.973463 0.000000 0.000000 0.000000 1.000000
0.458191 -0.188329 -0.868673 -0.689521 0.013649 0.978672 -0.204977 99.013367 0.888749 0.082062 0.450989 5.148627 0.000000 0.000000 0.000000 1.000000
0.460007 -0.123928 -0.879224 -2.433920 -0.004013 0.989912 -0.141630 107.227356 0.887906 0.068679 0.454869 6.875818 0.000000 0.000000 0.000000 1.000000
0.463453 -0.097406 -0.880752 -4.318007 -0.005775 0.993587 -0.112923 116.072418 0.886103 0.057421 0.459918 8.538034 0.000000 0.000000 0.000000 1.000000
0.482100 -0.114951 -0.868542 -6.524114 -0.005741 0.990920 -0.134334 124.618698 0.876097 0.069749 0.477062 9.777011 0.000000 0.000000 0.000000 1.000000
0.511781 -0.130884 -0.849088 -7.375171 -0.012409 0.987098 -0.159637 133.524139 0.859026 0.092235 0.503554 10.084322 0.000000 0.000000 0.000000 1.000000
0.539425 -0.148659 -0.828807 -6.521207 -0.013778 0.982602 -0.185212 142.596024 0.841921 0.111328 0.527992 8.719319 0.000000 0.000000 0.000000 1.000000
0.550938 -0.173169 -0.816382 -5.301161 0.000835 0.978349 -0.206961 150.473557 0.834546 0.113341 0.539154 6.573164 0.000000 0.000000 0.000000 1.000000
0.543036 -0.227913 -0.808188 -4.024073 0.033758 0.967609 -0.250188 157.002533 0.839030 0.108579 0.533140 4.192837 0.000000 0.000000 0.000000 1.000000
0.527470 -0.297584 -0.795751 -2.493036 0.054674 0.946596 -0.317753 161.214752 0.847813 0.124098 0.515571 2.019598 0.000000 0.000000 0.000000 1.000000
0.513101 -0.357220 -0.780462 -0.861495 0.069733 0.923625 -0.376901 163.833237 0.855491 0.138964 0.498823 0.139157 0.000000 0.000000 0.000000 1.000000
0.511722 -0.378983 -0.771047 1.068944 0.088960 0.916000 -0.391190 164.727676 0.854533 0.131588 0.502452 -1.518417 0.000000 0.000000 0.000000 1.000000
0.518999 -0.373531 -0.768840 2.615402 0.120197 0.922420 -0.367008 163.748230 0.846282 0.098064 0.523632 -2.614907 0.000000 0.000000 0.000000 1.000000
0.520434 -0.370532 -0.769321 3.285779 0.139425 0.925730 -0.351545 162.002060 0.842443 0.075694 0.533442 -2.800388 0.000000 0.000000 0.000000 1.000000
0.524320 -0.376044 -0.763989 3.160851 0.119860 0.920865 -0.371000 159.627197 0.843043 0.102951 0.527900 -1.802215 0.000000 0.000000 0.000000 1.000000
0.529511 -0.382455 -0.757197 2.299620 0.094215 0.913593 -0.395565 155.753799 0.843055 0.138117 0.519790 0.036269 0.000000 0.000000 0.000000 1.000000
0.529817 -0.365765 -0.765186 1.090760 0.088292 0.921108 -0.379163 150.126114 0.843504 0.133328 0.520313 1.988548 0.000000 0.000000 0.000000 1.000000
0.521852 -0.332191 -0.785697 -0.256630 0.095126 0.937977 -0.333393 142.262924 0.847715 0.099242 0.521085 3.522295 0.000000 0.000000 0.000000 1.000000
0.508909 -0.285848 -0.811974 -1.201484 0.104217 0.956778 -0.271506 133.633484 0.854488 0.053550 0.516703 4.732869 0.000000 0.000000 0.000000 1.000000
0.495661 -0.251218 -0.831390 -1.635092 0.101079 0.967434 -0.232065 124.062134 0.862614 0.030989 0.504913 5.372524 0.000000 0.000000 0.000000 1.000000
0.477504 -0.248140 -0.842862 -1.430113 0.097284 0.968325 -0.229963 113.364769 0.873227 0.027812 0.486519 5.240817 0.000000 0.000000 0.000000 1.000000
0.465067 -0.270289 -0.843004 -0.291105 0.099858 0.962190 -0.253413 102.623024 0.879625 0.033673 0.474474 3.973656 0.000000 0.000000 0.000000 1.000000
0.466676 -0.317230 -0.825578 1.931116 0.103449 0.946631 -0.305268 92.632614 0.878357 0.057056 0.474587 1.790827 0.000000 0.000000 0.000000 1.000000
0.477673 -0.342251 -0.809131 3.267815 0.089808 0.935195 -0.342556 85.580078 0.873935 0.090963 0.477455 0.562712 0.000000 0.000000 0.000000 1.000000
0.489982 -0.325368 -0.808736 4.627776 0.071722 0.939635 -0.334578 80.817291 0.868777 0.105933 0.483740 -0.313735 0.000000 0.000000 0.000000 1.000000
0.503671 -0.323173 -0.801171 5.674516 0.074104 0.940137 -0.332642 77.104713 0.860711 0.108173 0.497468 -1.242745 0.000000 0.000000 0.000000 1.000000
0.514924 -0.347513 -0.783638 6.121091 0.093118 0.931411 -0.351857 74.179153 0.852163 0.108208 0.511965 -2.006778 0.000000 0.000000 0.000000 1.000000
0.524396 -0.377461 -0.763238 6.424651 0.110520 0.918963 -0.378541 72.465836 0.844271 0.114153 0.523617 -2.627124 0.000000 0.000000 0.000000 1.000000
0.532983 -0.388420 -0.751704 6.841172 0.122477 0.914466 -0.385682 71.957474 0.837214 0.113496 0.534968 -3.105931 0.000000 0.000000 0.000000 1.000000
0.538316 -0.383499 -0.750429 7.240916 0.127215 0.917235 -0.377486 72.074425 0.833086 0.107742 0.542549 -3.336489 0.000000 0.000000 0.000000 1.000000
0.538249 -0.372530 -0.755982 7.655559 0.126092 0.922504 -0.364812 72.400482 0.833300 0.101036 0.543510 -3.549479 0.000000 0.000000 0.000000 1.000000
0.537155 -0.359907 -0.762844 7.910369 0.119100 0.927699 -0.353821 73.022789 0.835033 0.099202 0.541183 -3.510572 0.000000 0.000000 0.000000 1.000000
0.539137 -0.346588 -0.767599 8.167665 0.108621 0.932404 -0.344710 74.043449 0.835184 0.102469 0.540340 -3.275846 0.000000 0.000000 0.000000 1.000000
0.537547 -0.332231 -0.775026 8.412811 0.100673 0.937824 -0.332192 75.581039 0.837202 0.100545 0.537571 -3.071071 0.000000 0.000000 0.000000 1.000000
0.533730 -0.317692 -0.783712 8.601311 0.093753 0.943268 -0.318522 77.928574 0.840442 0.096530 0.533235 -2.913632 0.000000 0.000000 0.000000 1.000000
0.529821 -0.302525 -0.792318 8.470097 0.087428 0.948722 -0.303780 80.595924 0.843591 0.091678 0.529102 -2.761532 0.000000 0.000000 0.000000 1.000000
0.526447 -0.286500 -0.800482 7.873429 0.081446 0.954177 -0.287946 83.469810 0.846298 0.086392 0.525658 -2.604059 0.000000 0.000000 0.000000 1.000000
0.522907 -0.270183 -0.808436 7.181888 0.075469 0.959385 -0.271817 86.417877 0.849042 0.081123 0.522059 -2.450263 0.000000 0.000000 0.000000 1.000000
0.519369 -0.253622 -0.816046 6.427318 0.069632 0.964327 -0.255390 89.401093 0.851708 0.075818 0.518502 -2.295802 0.000000 0.000000 0.000000 1.000000
0.516012 -0.236868 -0.823180 5.641564 0.064062 0.968987 -0.238665 92.380432 0.854183 0.070419 0.515183 -2.136331 0.000000 0.000000 0.000000 1.000000
0.513019 -0.219976 -0.829712 4.856472 0.058874 0.973346 -0.221655 95.316872 0.856356 0.064864 0.512296 -1.967506 0.000000 0.000000 0.000000 1.000000
0.510581 -0.203009 -0.835520 4.103889 0.054176 0.977393 -0.204374 98.171387 0.858121 0.059084 0.510036 -1.784984 0.000000 0.000000 0.000000 1.000000
0.511300 -0.185782 -0.839081 3.376052 0.051328 0.981213 -0.185974 100.784569 0.857868 0.052020 0.511230 -1.524093 0.000000 0.000000 0.000000 1.000000
0.514269 -0.168943 -0.840825 2.664381 0.050827 0.984686 -0.166761 103.000282 0.856122 0.043023 0.514980 -1.234983 0.000000 0.000000 0.000000 1.000000
0.517184 -0.152913 -0.842103 1.949275 0.052593 0.987729 -0.147056 104.883751 0.854257 0.031766 0.518880 -0.995186 0.000000 0.000000 0.000000 1.000000
0.520144 -0.138211 -0.842821 1.330365 0.055424 0.990202 -0.128174 106.193878 0.852278 0.019957 0.522708 -0.795955 0.000000 0.000000 0.000000 1.000000
0.522577 -0.125124 -0.843361 0.876602 0.057964 0.992098 -0.111274 106.824654 0.850619 0.009265 0.525700 -0.644220 0.000000 0.000000 0.000000 1.000000
0.524804 -0.112836 -0.843712 0.496626 0.060563 0.993613 -0.095212 107.127487 0.849066 -0.001130 0.528285 -0.516213 0.000000 0.000000 0.000000 1.000000
0.526706 -0.100998 -0.844026 0.159449 0.062912 0.994825 -0.079783 107.295097 0.847716 -0.011078 0.530335 -0.404346 0.000000 0.000000 0.000000 1.000000
0.527028 -0.091143 -0.844946 0.025939 0.063814 0.995670 -0.067598 106.850731 0.847449 -0.018294 0.530562 -0.370650 0.000000 0.000000 0.000000 1.000000
0.526328 -0.084762 -0.846046 0.035351 0.064927 0.996120 -0.059406 105.856445 0.847799 -0.023664 0.529790 -0.415477 0.000000 0.000000 0.000000 1.000000
0.525519 -0.078731 -0.847131 0.059696 0.066058 0.996479 -0.051632 104.804695 0.848213 -0.028826 0.528870 -0.468507 0.000000 0.000000 0.000000 1.000000
0.524647 -0.072894 -0.848194 0.092574 0.067198 0.996765 -0.044097 103.720131 0.848664 -0.033861 0.527848 -0.526226 0.000000 0.000000 0.000000 1.000000
0.523756 -0.067095 -0.849222 0.127585 0.068337 0.996990 -0.036623 102.627342 0.849123 -0.038852 0.526764 -0.585116 0.000000 0.000000 0.000000 1.000000
0.522893 -0.061179 -0.850200 0.158329 0.069466 0.997162 -0.029030 101.550980 0.849563 -0.043880 0.525659 -0.641662 0.000000 0.000000 0.000000 1.000000</float_array>
        <technique_common>
          <accessor source="#mixamorig_Hips-Matrix-animation-output-transform-array" count="71" stride="16">
            <param type="float4x4"/>
          </accessor>
        </technique_common>
      </source>
      <source id="mixamorig_Hips-Interpolations">
        <Name_array id="mixamorig_Hips-Interpolations-array" count="71">
 LINEAR LINEAR LINEAR LINEAR LINEAR LINEAR LINEAR LINEAR LINEAR LINEAR LINEAR
LINEAR LINEAR LINEAR LINEAR LINEAR LINEAR LINEAR LINEAR LINEAR LINEAR LINEAR LINEAR
LINEAR LINEAR LINEAR LINEAR LINEAR LINEAR LINEAR LINEAR LINEAR LINEAR LINEAR LINEAR
LINEAR LINEAR LINEAR LINEAR LINEAR LINEAR LINEAR LINEAR LINEAR LINEAR LINEAR LINEAR
LINEAR LINEAR LINEAR LINEAR LINEAR LINEAR LINEAR LINEAR LINEAR LINEAR LINEAR LINEAR
LINEAR LINEAR LINEAR LINEAR LINEAR LINEAR LINEAR LINEAR LINEAR LINEAR LINEAR LINEAR</Name_array>
        <technique_common>
          <accessor source="#mixamorig_Hips-Interpolations-array" count="71">
            <param type="name"/>
          </accessor>
        </technique_common>
      </source>
      <sampler id="mixamorig_Hips-Matrix-animation-transform">
        <input semantic="INPUT" source="#mixamorig_Hips-Matrix-animation-input"/>
        <input semantic="OUTPUT" source="#mixamorig_Hips-Matrix-animation-output-transform"/>
        <input semantic="INTERPOLATION" source="#mixamorig_Hips-Interpolations"/>
      </sampler>
      <channel source="#mixamorig_Hips-Matrix-animation-transform" target="mixamorig_Hips/matrix"/>
    </animation>
    <animation id="mixamorig_Spine-anim" name="mixamorig_Spine">
      <source id="mixamorig_Spine-Matrix-animation-input">
        <float_array id="mixamorig_Spine-Matrix-animation-input-array" count="71">

0.000000 0.033333 0.066667 0.100000 0.133333 0.166667 0.200000 0.233333 0.266667 0.300000 0.333333 0.366667 0.400000 0.433333 0.466667 0.500000
0.533333 0.566667 0.600000 0.633333 0.666667 0.700000 0.733333 0.766667 0.800000 0.833333 0.866667 0.900000 0.933333 0.966667 1.000000 1.033333
1.066667 1.100000 1.133333 1.166667 1.200000 1.233333 1.266667 1.300000 1.333333 1.366667 1.400000 1.433333 1.466667 1.500000 1.533333 1.566667
1.600000 1.633333 1.666667 1.700000 1.733333 1.766667 1.800000 1.833333 1.866667 1.900000 1.933333 1.966667 2.000000 2.033333 2.066667 2.100000
2.133333 2.166667 2.200000 2.233333 2.266667 2.300000 2.333333</float_array>
        <technique_common>
          <accessor source="#mixamorig_Spine-Matrix-animation-input-array" count="71">
            <param name="TIME" type="float"/>
          </accessor>
        </technique_common>
      </source>
      <source id="mixamorig_Spine-Matrix-animation-output-transform">
        <float_array id="mixamorig_Spine-Matrix-animation-output-transform-array" count="1136">

0.998816 0.048625 0.001207 -0.000000 -0.047275 0.976312 -0.211138 8.536500 -0.011445 0.210831 0.977455 0.187100 0.000000 0.000000 0.000000 1.000000
0.998652 0.051885 0.001733 0.000000 -0.050328 0.975806 -0.212769 8.536500 -0.012731 0.212395 0.977101 0.187100 0.000000 0.000000 0.000000 1.000000
0.998179 0.060273 0.002567 -0.000000 -0.058277 0.974368 -0.217281 8.536500 -0.015597 0.216736 0.976106 0.187100 0.000000 0.000000 0.000000 1.000000
0.997442 0.071433 0.002725 0.000000 -0.069008 0.972123 -0.224086 8.536500 -0.018656 0.223325 0.974565 0.187100 0.000000 0.000000 0.000000 1.000000
0.996552 0.082950 0.001959 0.000000 -0.080217 0.969221 -0.232755 8.536500 -0.021205 0.231796 0.972533 0.187100 0.000000 0.000000 0.000000 1.000000
0.995483 0.094936 0.000895 -0.000000 -0.091891 0.965836 -0.242315 8.536500 -0.023869 0.241139 0.970197 0.187100 0.000000 0.000000 0.000000 1.000000
0.994043 0.108991 -0.000136 0.000000 -0.105436 0.961301 -0.254526 8.536500 -0.027611 0.253024 0.967066 0.187100 0.000000 0.000000 0.000000 1.000000
0.993346 0.115169 -0.000178 0.000000 -0.110638 0.953835 -0.279209 8.536500 -0.031986 0.277371 0.960230 0.187100 0.000000 0.000000 0.000000 1.000000
0.993031 0.117850 0.000064 0.000000 -0.112087 0.944646 -0.308351 8.536500 -0.036400 0.306195 0.951273 0.187100 0.000000 0.000000 0.000000 1.000000
0.992688 0.120708 0.000274 0.000000 -0.113654 0.935440 -0.334717 8.536500 -0.040659 0.332239 0.942319 0.187100 0.000000 0.000000 0.000000 1.000000
0.992778 0.119962 0.001122 0.000000 -0.112038 0.930459 -0.348846 8.536500 -0.042892 0.346200 0.937180 0.187100 0.000000 0.000000 0.000000 1.000000
0.993275 0.115755 0.002512 0.000000 -0.107570 0.930630 -0.349795 8.536500 -0.042829 0.347172 0.936823 0.187100 0.000000 0.000000 0.000000 1.000000
0.994141 0.108000 0.004346 0.000000 -0.100092 0.935039 -0.340124 8.536500 -0.040797 0.337697 0.940370 0.187100 0.000000 0.000000 0.000000 1.000000
0.995002 0.099590 0.007310 0.000000 -0.091748 0.940638 -0.326777 8.536500 -0.039420 0.324473 0.945073 0.187100 0.000000 0.000000 0.000000 1.000000
0.995859 0.090077 0.012278 0.000000 -0.081929 0.947785 -0.308207 8.536500 -0.039399 0.305925 0.951240 0.187100 0.000000 0.000000 0.000000 1.000000
0.996772 0.078416 0.017245 0.000000 -0.070537 0.957857 -0.278449 8.536500 -0.038353 0.276333 0.960296 0.187100 0.000000 0.000000 0.000000 1.000000
0.997959 0.060190 0.021311 0.000000 -0.052982 0.966873 -0.249699 8.536500 -0.035635 0.248060 0.968089 0.187100 0.000000 0.000000 0.000000 1.000000
0.999009 0.037412 0.024118 0.000000 -0.030587 0.970619 -0.238669 8.536500 -0.032339 0.237694 0.970802 0.187100 0.000000 0.000000 0.000000 1.000000
0.999547 0.014916 0.026134 0.000000 -0.008479 0.972914 -0.231011 8.536500 -0.028872 0.230685 0.972600 0.187100 0.000000 0.000000 0.000000 1.000000
0.999605 0.004581 0.027712 -0.000000 0.001119 0.979327 -0.202279 8.536500 -0.028066 0.202230 0.978936 0.187100 0.000000 0.000000 0.000000 1.000000
0.999588 0.008784 0.027324 0.000000 -0.004844 0.989992 -0.141044 8.536500 -0.028290 0.140853 0.989626 0.187100 0.000000 0.000000 0.000000 1.000000
0.999663 0.013351 0.022247 0.000000 -0.011148 0.995281 -0.096390 8.536500 -0.023429 0.096110 0.995095 0.187100 0.000000 0.000000 0.000000 1.000000
0.999693 0.016213 0.018759 0.000000 -0.013941 0.993214 -0.115466 8.536500 -0.020504 0.115169 0.993134 0.187100 0.000000 0.000000 0.000000 1.000000
0.999208 0.035772 0.017422 0.000000 -0.032620 0.987203 -0.156095 8.536500 -0.022783 0.155403 0.987588 0.187100 0.000000 0.000000 0.000000 1.000000
0.996841 0.078473 0.012265 0.000000 -0.074691 0.978694 -0.191256 8.536500 -0.027013 0.189736 0.981464 0.187100 0.000000 0.000000 0.000000 1.000000
0.993563 0.113170 0.004994 0.000000 -0.109352 0.969690 -0.218503 8.536500 -0.029571 0.216551 0.975823 0.187100 0.000000 0.000000 0.000000 1.000000
0.991307 0.131546 -0.002608 0.000000 -0.128310 0.962157 -0.240396 8.536500 -0.029114 0.238641 0.970671 0.187100 0.000000 0.000000 0.000000 1.000000
0.989105 0.146885 -0.009812 0.000000 -0.143259 0.945052 -0.293861 8.536500 -0.033891 0.292065 0.955798 0.187100 0.000000 0.000000 0.000000 1.000000
0.987427 0.157364 -0.014948 -0.000000 -0.152474 0.923236 -0.352684 8.536500 -0.041699 0.350529 0.935623 0.187100 0.000000 0.000000 0.000000 1.000000
0.988365 0.151675 -0.011368 0.000000 -0.144940 0.916538 -0.372761 8.536500 -0.046120 0.370071 0.927858 0.187100 0.000000 0.000000 0.000000 1.000000
0.993012 0.117961 0.003467 -0.000000 -0.109603 0.932744 -0.343476 8.536500 -0.043751 0.340696 0.939155 0.187100 0.000000 0.000000 0.000000 1.000000
0.997065 0.074055 0.019444 -0.000000 -0.065530 0.956727 -0.283514 8.536500 -0.039598 0.281407 0.958771 0.187100 0.000000 0.000000 0.000000 1.000000
0.998650 0.041441 0.031318 0.000000 -0.032958 0.971527 -0.234625 8.536500 -0.040149 0.233276 0.971581 0.187100 0.000000 0.000000 0.000000 1.000000
0.998868 0.026616 0.039414 0.000000 -0.018158 0.979385 -0.201187 8.536500 -0.043956 0.200243 0.978760 0.187100 0.000000 0.000000 0.000000 1.000000
0.998866 0.014771 0.045259 0.000000 -0.006127 0.982631 -0.185470 8.536500 -0.047212 0.184983 0.981607 0.187100 0.000000 0.000000 0.000000 1.000000
0.998899 0.005513 0.046597 0.000000 0.003071 0.983261 -0.182176 8.536500 -0.046821 0.182119 0.982161 0.187100 0.000000 0.000000 0.000000 1.000000
0.998990 0.007512 0.044294 0.000000 0.000938 0.982218 -0.187740 8.536500 -0.044917 0.187592 0.981220 0.187100 0.000000 0.000000 0.000000 1.000000
0.998913 0.025730 0.038858 0.000000 -0.017443 0.979594 -0.200231 8.536500 -0.043217 0.199335 0.978978 0.187100 0.000000 0.000000 0.000000 1.000000
0.998464 0.044701 0.032730 0.000000 -0.036555 0.975466 -0.217094 8.536500 -0.041631 0.215564 0.975602 0.187100 0.000000 0.000000 0.000000 1.000000
0.998199 0.053187 0.027740 0.000000 -0.044827 0.968678 -0.244241 8.536500 -0.039862 0.242557 0.969318 0.187100 0.000000 0.000000 0.000000 1.000000
0.998200 0.055171 0.023531 0.000000 -0.046057 0.956360 -0.288537 8.536500 -0.038423 0.286934 0.957179 0.187100 0.000000 0.000000 0.000000 1.000000
0.998069 0.058800 0.020007 -0.000000 -0.049284 0.945782 -0.321042 8.536500 -0.037799 0.319436 0.946854 0.187100 0.000000 0.000000 0.000000 1.000000
0.997211 0.073057 0.015254 0.000000 -0.063812 0.940632 -0.333376 8.536500 -0.038704 0.331473 0.942671 0.187100 0.000000 0.000000 0.000000 1.000000
0.996416 0.084052 0.009536 0.000000 -0.075858 0.937742 -0.338949 8.536500 -0.037432 0.337010 0.940757 0.187100 0.000000 0.000000 0.000000 1.000000
0.996078 0.088381 0.004228 0.000000 -0.081576 0.935791 -0.342986 8.536500 -0.034270 0.341296 0.939331 0.187100 0.000000 0.000000 0.000000 1.000000
0.996119 0.088020 0.000343 0.000000 -0.082473 0.934691 -0.345762 8.536500 -0.030755 0.344392 0.938322 0.187100 0.000000 0.000000 0.000000 1.000000
0.996116 0.088055 0.000329 0.000000 -0.082545 0.935072 -0.344714 8.536500 -0.030662 0.343348 0.938708 0.187100 0.000000 0.000000 0.000000 1.000000
0.996291 0.086024 0.002186 0.000000 -0.080425 0.939878 -0.331906 8.536500 -0.030606 0.330499 0.943310 0.187100 0.000000 0.000000 0.000000 1.000000
0.996919 0.078356 0.003565 0.000000 -0.073063 0.944185 -0.321212 8.536500 -0.028535 0.319962 0.947000 0.187100 0.000000 0.000000 0.000000 1.000000
0.997123 0.075702 0.003735 -0.000000 -0.070836 0.948294 -0.309389 8.536500 -0.026964 0.308234 0.950928 0.187100 0.000000 0.000000 0.000000 1.000000
0.997212 0.074544 0.003242 0.000000 -0.070249 0.952625 -0.295923 8.536500 -0.025148 0.294871 0.955206 0.187100 0.000000 0.000000 0.000000 1.000000
0.997276 0.073706 0.002668 -0.000000 -0.069931 0.956456 -0.283377 8.536500 -0.023438 0.282418 0.959005 0.187100 0.000000 0.000000 0.000000 1.000000
0.997341 0.072837 0.002190 0.000000 -0.069482 0.959602 -0.272646 8.536500 -0.021961 0.271769 0.962112 0.187100 0.000000 0.000000 0.000000 1.000000
0.997399 0.072060 0.001690 0.000000 -0.069101 0.962588 -0.262010 8.536500 -0.020507 0.261212 0.965064 0.187100 0.000000 0.000000 0.000000 1.000000
0.997454 0.071305 0.001184 0.000000 -0.068714 0.965388 -0.251604 8.536500 -0.019084 0.250882 0.967830 0.187100 0.000000 0.000000 0.000000 1.000000
0.997511 0.070501 0.000690 0.000000 -0.068247 0.967983 -0.241562 8.536500 -0.017699 0.240914 0.970385 0.187100 0.000000 0.000000 0.000000 1.000000
0.997577 0.069576 0.000222 0.000000 -0.067626 0.970357 -0.232021 8.536500 -0.016359 0.231444 0.972711 0.187100 0.000000 0.000000 0.000000 1.000000
0.997654 0.068456 -0.000208 0.000000 -0.066777 0.972501 -0.223119 8.536500 -0.015071 0.222610 0.974791 0.187100 0.000000 0.000000 0.000000 1.000000
0.997805 0.066224 -0.000356 0.000000 -0.064710 0.973814 -0.217944 8.536500 -0.014086 0.217489 0.975961 0.187100 0.000000 0.000000 0.000000 1.000000
0.997984 0.063458 -0.000317 0.000000 -0.062035 0.974522 -0.215542 8.536500 -0.013369 0.215127 0.976495 0.187100 0.000000 0.000000 0.000000 1.000000
0.998124 0.061217 -0.000351 0.000000 -0.059888 0.975236 -0.212902 8.536500 -0.012691 0.212524 0.977073 0.187100 0.000000 0.000000 0.000000 1.000000
0.998244 0.059229 -0.000338 0.000000 -0.057966 0.975737 -0.211133 8.536500 -0.012175 0.210782 0.977457 0.187100 0.000000 0.000000 0.000000 1.000000
0.998343 0.057535 -0.000264 0.000000 -0.056306 0.976038 -0.210191 8.536500 -0.011836 0.209857 0.977660 0.187100 0.000000 0.000000 0.000000 1.000000
0.998432 0.055981 -0.000158 0.000000 -0.054770 0.976237 -0.209669 8.536500 -0.011583 0.209349 0.977772 0.187100 0.000000 0.000000 0.000000 1.000000
0.998516 0.054459 -0.000035 0.000000 -0.053261 0.976409 -0.209258 8.536500 -0.011362 0.208950 0.977860 0.187100 0.000000 0.000000 0.000000 1.000000
0.998591 0.053064 0.000180 0.000000 -0.051851 0.976476 -0.209298 8.536500 -0.011282 0.208994 0.977852 0.187100 0.000000 0.000000 0.000000 1.000000
0.998639 0.052151 0.000377 0.000000 -0.050914 0.976459 -0.209610 8.536500 -0.011299 0.209306 0.977785 0.187100 0.000000 0.000000 0.000000 1.000000
0.998684 0.051288 0.000572 0.000000 -0.050025 0.976431 -0.209951 8.536500 -0.011327 0.209646 0.977712 0.187100 0.000000 0.000000 0.000000 1.000000
0.998726 0.050455 0.000767 0.000000 -0.049165 0.976398 -0.210308 8.536500 -0.011360 0.210002 0.977635 0.187100 0.000000 0.000000 0.000000 1.000000
0.998767 0.049628 0.000963 -0.000000 -0.048312 0.976363 -0.210668 8.536500 -0.011395 0.210362 0.977557 0.187100 0.000000 0.000000 0.000000 1.000000
0.998809 0.048787 0.001159 -0.000000 -0.047445 0.976330 -0.211020 8.536500 -0.011427 0.210714 0.977481 0.187100 0.000000 0.000000 0.000000 1.000000</float_array>
        <technique_common>
          <accessor source="#mixamorig_Spine-Matrix-animation-output-transform-array" count="71" stride="16">
            <param type="float4x4"/>
          </accessor>
        </technique_common>
      </source>
      <source id="mixamorig_Spine-Interpolations">
        <Name_array id="mixamorig_Spine-Interpolations-array" count="71">
 LINEAR LINEAR LINEAR LINEAR LINEAR LINEAR LINEAR LINEAR LINEAR LINEAR LINEAR
LINEAR LINEAR LINEAR LINEAR LINEAR LINEAR LINEAR LINEAR LINEAR LINEAR LINEAR LINEAR
LINEAR LINEAR LINEAR LINEAR LINEAR LINEAR LINEAR LINEAR LINEAR LINEAR LINEAR LINEAR
LINEAR LINEAR LINEAR LINEAR LINEAR LINEAR LINEAR LINEAR LINEAR LINEAR LINEAR LINEAR
LINEAR LINEAR LINEAR LINEAR LINEAR LINEAR LINEAR LINEAR LINEAR LINEAR LINEAR LINEAR
LINEAR LINEAR LINEAR LINEAR LINEAR LINEAR LINEAR LINEAR LINEAR LINEAR LINEAR LINEAR</Name_array>
        <technique_common>
          <accessor source="#mixamorig_Spine-Interpolations-array" count="71">
            <param type="name"/>
          </accessor>
        </technique_common>
      </source>
      <sampler id="mixamorig_Spine-Matrix-animation-transform">
        <input semantic="INPUT" source="#mixamorig_Spine-Matrix-animation-input"/>
        <input semantic="OUTPUT" source="#mixamorig_Spine-Matrix-animation-output-transform"/>
        <input semantic="INTERPOLATION" source="#mixamorig_Spine-Interpolations"/>
      </sampler>
      <channel source="#mixamorig_Spine-Matrix-animation-transform" target="mixamorig_Spine/matrix"/>
    </animation>
    <animation id="mixamorig_Spine1-anim" name="mixamorig_Spine1">
      <source id="mixamorig_Spine1-Matrix-animation-input">
        <float_array id="mixamorig_Spine1-Matrix-animation-input-array" count="71">

0.000000 0.033333 0.066667 0.100000 0.133333 0.166667 0.200000 0.233333 0.266667 0.300000 0.333333 0.366667 0.400000 0.433333 0.466667 0.500000
0.533333 0.566667 0.600000 0.633333 0.666667 0.700000 0.733333 0.766667 0.800000 0.833333 0.866667 0.900000 0.933333 0.966667 1.000000 1.033333
1.066667 1.100000 1.133333 1.166667 1.200000 1.233333 1.266667 1.300000 1.333333 1.366667 1.400000 1.433333 1.466667 1.500000 1.533333 1.566667
1.600000 1.633333 1.666667 1.700000 1.733333 1.766667 1.800000 1.833333 1.866667 1.900000 1.933333 1.966667 2.000000 2.033333 2.066667 2.100000
2.133333 2.166667 2.200000 2.233333 2.266667 2.300000 2.333333</float_array>
        <technique_common>
          <accessor source="#mixamorig_Spine1-Matrix-animation-input-array" count="71">
            <param name="TIME" type="float"/>
          </accessor>
        </technique_common>
      </source>
      <source id="mixamorig_Spine1-Matrix-animation-output-transform">
        <float_array id="mixamorig_Spine1-Matrix-animation-output-transform-array" count="1136">

0.995240 0.097445 -0.001098 0.000000 -0.096568 0.984646 -0.145419 9.685800 -0.013090 0.144833 0.989370 -0.000000 0.000000 0.000000 0.000000 1.000000
0.995278 0.097061 0.000487 0.000000 -0.096011 0.985220 -0.141856 9.685800 -0.014249 0.141140 0.989887 -0.000000 0.000000 0.000000 0.000000 1.000000
0.995329 0.096465 0.003815 0.000000 -0.095104 0.986548 -0.132957 9.685800 -0.016590 0.131973 0.991114 0.000000 0.000000 0.000000 0.000000 1.000000
0.995312 0.096481 0.006762 0.000000 -0.094953 0.988055 -0.121372 9.685800 -0.018391 0.120161 0.992584 -0.000000 0.000000 0.000000 0.000000 1.000000
0.995010 0.099392 0.008756 0.000000 -0.097823 0.989042 -0.110571 9.685800 -0.019650 0.109163 0.993830 0.000000 0.000000 0.000000 0.000000 1.000000
0.994502 0.104180 0.010605 -0.000000 -0.102574 0.989518 -0.101646 9.685800 -0.021083 0.100000 0.994764 0.000000 0.000000 0.000000 0.000000 1.000000
0.993226 0.115539 0.012366 0.000000 -0.113709 0.988333 -0.101331 9.685800 -0.023930 0.099239 0.994776 0.000000 0.000000 0.000000 0.000000 1.000000
0.992990 0.117183 0.015480 0.000000 -0.114464 0.985986 -0.121365 9.685800 -0.029484 0.118742 0.992487 0.000000 0.000000 0.000000 0.000000 1.000000
0.993224 0.114650 0.019004 0.000000 -0.110586 0.982673 -0.148741 9.685800 -0.035728 0.145632 0.988694 0.000000 0.000000 0.000000 0.000000 1.000000
0.993339 0.113101 0.022040 0.000000 -0.107605 0.978909 -0.173664 9.685800 -0.041217 0.170135 0.984558 0.000000 0.000000 0.000000 0.000000 1.000000
0.993647 0.109775 0.024810 -0.000000 -0.103221 0.976767 -0.187807 9.685800 -0.044850 0.184053 0.981893 0.000000 0.000000 0.000000 0.000000 1.000000
0.994143 0.104733 0.026657 0.000000 -0.097780 0.976728 -0.190899 9.685800 -0.046030 0.187174 0.981248 0.000000 0.000000 0.000000 0.000000 1.000000
0.994684 0.099022 0.028254 0.000000 -0.092340 0.979166 -0.180852 9.685800 -0.045574 0.177282 0.983104 0.000000 0.000000 0.000000 0.000000 1.000000
0.995128 0.093347 0.031730 0.000000 -0.086846 0.982280 -0.166083 9.685800 -0.046671 0.162519 0.985601 0.000000 0.000000 0.000000 0.000000 1.000000
0.995488 0.087165 0.037487 0.000000 -0.080768 0.985786 -0.147317 9.685800 -0.049795 0.143625 0.988379 0.000000 0.000000 0.000000 0.000000 1.000000
0.995887 0.079510 0.043449 -0.000000 -0.073805 0.990023 -0.120027 9.685800 -0.052559 0.116326 0.991819 0.000000 0.000000 0.000000 0.000000 1.000000
0.996761 0.065272 0.046982 0.000000 -0.060412 0.993318 -0.098335 9.685800 -0.053086 0.095178 0.994044 0.000000 0.000000 0.000000 0.000000 1.000000
0.997841 0.044578 0.048238 0.000000 -0.040120 0.995158 -0.089725 9.685800 -0.052004 0.087596 0.994798 0.000000 0.000000 0.000000 0.000000 1.000000
0.998484 0.026765 0.048101 0.000000 -0.022934 0.996650 -0.078510 9.685800 -0.050041 0.077288 0.995752 0.000000 0.000000 0.000000 0.000000 1.000000
0.998583 0.016229 0.050690 -0.000000 -0.013581 0.998547 -0.052156 9.685800 -0.051463 0.051394 0.997352 0.000000 0.000000 0.000000 0.000000 1.000000
0.998513 0.014740 0.052481 -0.000000 -0.014729 0.999891 -0.000607 9.685800 -0.052484 -0.000167 0.998622 0.000000 0.000000 0.000000 0.000000 1.000000
0.998979 0.016930 0.041885 0.000000 -0.018620 0.999014 0.040300 9.685800 -0.041161 -0.041039 0.998309 0.000000 0.000000 0.000000 0.000000 1.000000
0.999171 0.019626 0.035658 0.000000 -0.020459 0.999522 0.023165 9.685800 -0.035187 -0.023875 0.999096 0.000000 0.000000 0.000000 0.000000 1.000000
0.998612 0.038359 0.036081 0.000000 -0.037826 0.999167 -0.015340 9.685800 -0.036639 0.013954 0.999231 -0.000000 0.000000 0.000000 0.000000 1.000000
0.996387 0.077857 0.033938 0.000000 -0.076328 0.996100 -0.044251 9.685800 -0.037251 0.041501 0.998444 0.000000 0.000000 0.000000 0.000000 1.000000
0.994173 0.103014 0.031740 0.000000 -0.101287 0.993502 -0.051913 9.685800 -0.036881 0.048396 0.998147 0.000000 0.000000 0.000000 0.000000 1.000000
0.992480 0.118869 0.029214 0.000000 -0.117188 0.991655 -0.053741 9.685800 -0.035358 0.049914 0.998127 0.000000 0.000000 0.000000 0.000000 1.000000
0.991084 0.130563 0.026572 0.000000 -0.127861 0.988063 -0.085921 9.685800 -0.037473 0.081757 0.995948 0.000000 0.000000 0.000000 0.000000 1.000000
0.989876 0.139802 0.024519 -0.000000 -0.135388 0.981880 -0.132599 9.685800 -0.042612 0.127937 0.990866 0.000000 0.000000 0.000000 0.000000 1.000000
0.990603 0.134042 0.027166 0.000000 -0.128317 0.979616 -0.154556 9.685800 -0.047329 0.149618 0.987611 -0.000000 0.000000 0.000000 0.000000 1.000000
0.994113 0.100665 0.040061 -0.000000 -0.094741 0.987069 -0.129303 9.685800 -0.052559 0.124747 0.990796 -0.000000 0.000000 0.000000 0.000000 1.000000
0.996793 0.058535 0.054558 -0.000000 -0.054061 0.995315 -0.080155 9.685800 -0.058994 0.076948 0.995288 0.000000 0.000000 0.000000 0.000000 1.000000
0.996853 0.031852 0.072593 0.000000 -0.028507 0.998505 -0.046648 9.685800 -0.073970 0.044432 0.996270 -0.000000 0.000000 0.000000 0.000000 1.000000
0.995838 0.023441 0.088069 -0.000000 -0.021482 0.999502 -0.023129 9.685800 -0.088568 0.021141 0.995846 0.000000 0.000000 0.000000 0.000000 1.000000
0.994977 0.022481 0.097546 0.000000 -0.020624 0.999587 -0.020006 9.685800 -0.097955 0.017894 0.995030 -0.000000 0.000000 0.000000 0.000000 1.000000
0.995038 0.022343 0.096956 0.000000 -0.020489 0.999589 -0.020073 9.685800 -0.097365 0.017987 0.995086 0.000000 0.000000 0.000000 0.000000 1.000000
0.995588 0.023716 0.090789 -0.000000 -0.021481 0.999444 -0.025516 9.685800 -0.091343 0.023453 0.995543 0.000000 0.000000 0.000000 0.000000 1.000000
0.996161 0.034704 0.080364 0.000000 -0.031674 0.998749 -0.038681 9.685800 -0.081605 0.035987 0.996015 0.000000 0.000000 0.000000 0.000000 1.000000
0.996436 0.049835 0.068052 0.000000 -0.046012 0.997334 -0.056632 9.685800 -0.070693 0.053299 0.996073 -0.000000 0.000000 0.000000 0.000000 1.000000
0.996760 0.056485 0.057266 -0.000000 -0.051598 0.995171 -0.083500 9.685800 -0.061706 0.080275 0.994861 0.000000 0.000000 0.000000 0.000000 1.000000
0.997171 0.056718 0.049317 0.000000 -0.050237 0.991014 -0.123963 9.685800 -0.055904 0.121134 0.991061 0.000000 0.000000 0.000000 0.000000 1.000000
0.997255 0.059276 0.044373 0.000000 -0.052031 0.987373 -0.149626 9.685800 -0.052682 0.146906 0.987747 -0.000000 0.000000 0.000000 0.000000 1.000000
0.996583 0.072058 0.040381 0.000000 -0.064771 0.985097 -0.159335 9.685800 -0.051260 0.156175 0.986398 0.000000 0.000000 0.000000 0.000000 1.000000
0.996044 0.082548 0.032899 0.000000 -0.076055 0.983388 -0.164816 9.685800 -0.045958 0.161662 0.985775 0.000000 0.000000 0.000000 0.000000 1.000000
0.996084 0.085615 0.022076 -0.000000 -0.080682 0.982290 -0.169108 9.685800 -0.036163 0.166665 0.985350 0.000000 0.000000 0.000000 0.000000 1.000000
0.996235 0.085558 0.014004 -0.000000 -0.081884 0.981643 -0.172256 9.685800 -0.028485 0.170461 0.984953 0.000000 0.000000 0.000000 0.000000 1.000000
0.996336 0.084248 0.014708 0.000000 -0.080470 0.981745 -0.172340 9.685800 -0.028959 0.170525 0.984928 0.000000 0.000000 0.000000 0.000000 1.000000
0.996423 0.082203 0.019610 0.000000 -0.077835 0.983060 -0.165937 9.685800 -0.032919 0.163817 0.985941 0.000000 0.000000 0.000000 0.000000 1.000000
0.996820 0.077325 0.019260 0.000000 -0.073337 0.984733 -0.157868 9.685800 -0.031174 0.155954 0.987272 0.000000 0.000000 0.000000 0.000000 1.000000
0.997505 0.069009 0.014904 0.000000 -0.065992 0.986398 -0.150546 9.685800 -0.025090 0.149187 0.988491 -0.000000 0.000000 0.000000 0.000000 1.000000
0.997995 0.062046 0.012540 0.000000 -0.059595 0.987737 -0.144304 9.685800 -0.021339 0.143267 0.989454 0.000000 0.000000 0.000000 0.000000 1.000000
0.998262 0.057918 0.010919 0.000000 -0.055862 0.988847 -0.138061 9.685800 -0.018793 0.137211 0.990364 0.000000 0.000000 0.000000 0.000000 1.000000
0.998287 0.057701 0.009727 0.000000 -0.055930 0.989772 -0.131234 9.685800 -0.017200 0.130465 0.991304 0.000000 0.000000 0.000000 0.000000 1.000000
0.998256 0.058404 0.008650 0.000000 -0.056882 0.990634 -0.124132 9.685800 -0.015818 0.123424 0.992228 0.000000 0.000000 0.000000 0.000000 1.000000
0.998190 0.059648 0.007684 -0.000000 -0.058342 0.991419 -0.116977 9.685800 -0.014596 0.116317 0.993105 0.000000 0.000000 0.000000 0.000000 1.000000
0.998111 0.061051 0.006818 -0.000000 -0.059934 0.992124 -0.109993 9.685800 -0.013479 0.109376 0.993909 0.000000 0.000000 0.000000 0.000000 1.000000
0.998043 0.062234 0.006023 -0.000000 -0.061280 0.992750 -0.103405 9.685800 -0.012415 0.102834 0.994621 0.000000 0.000000 0.000000 0.000000 1.000000
0.998011 0.062816 0.005264 -0.000000 -0.062006 0.993308 -0.097442 9.685800 -0.011350 0.096922 0.995227 0.000000 0.000000 0.000000 0.000000 1.000000
0.998119 0.061116 0.004857 -0.000000 -0.060390 0.993734 -0.094055 9.685800 -0.010575 0.093585 0.995555 -0.000000 0.000000 0.000000 0.000000 1.000000
0.998255 0.058875 0.004644 -0.000000 -0.058183 0.993910 -0.093584 9.685800 -0.010126 0.093151 0.995601 -0.000000 0.000000 0.000000 0.000000 1.000000
0.998297 0.058179 0.004274 0.000000 -0.057511 0.993812 -0.095023 9.685800 -0.009776 0.094615 0.995466 0.000000 0.000000 0.000000 0.000000 1.000000
0.998244 0.059108 0.003829 -0.000000 -0.058445 0.993423 -0.098459 9.685800 -0.009623 0.098063 0.995134 -0.000000 0.000000 0.000000 0.000000 1.000000
0.998060 0.062168 0.003245 -0.000000 -0.061501 0.992744 -0.103332 9.685800 -0.009646 0.102932 0.994642 -0.000000 0.000000 0.000000 0.000000 1.000000
0.997803 0.066204 0.002567 -0.000000 -0.065530 0.991879 -0.109005 9.685800 -0.009762 0.108597 0.994038 0.000000 0.000000 0.000000 0.000000 1.000000
0.997513 0.070462 0.001858 0.000000 -0.069783 0.990934 -0.114808 9.685800 -0.009931 0.114393 0.993386 0.000000 0.000000 0.000000 0.000000 1.000000
0.997136 0.075614 0.001205 0.000000 -0.074913 0.989813 -0.121071 9.685800 -0.010347 0.120634 0.992643 0.000000 0.000000 0.000000 0.000000 1.000000
0.996802 0.079911 0.000802 0.000000 -0.079174 0.988875 -0.125929 9.685800 -0.010857 0.125463 0.992039 0.000000 0.000000 0.000000 0.000000 1.000000
0.996456 0.084116 0.000392 0.000000 -0.083344 0.987921 -0.130636 9.685800 -0.011376 0.130140 0.991430 0.000000 0.000000 0.000000 0.000000 1.000000
0.996097 0.088267 -0.000039 -0.000000 -0.087461 0.986943 -0.135256 9.685800 -0.011901 0.134731 0.990811 0.000000 0.000000 0.000000 0.000000 1.000000
0.995722 0.092402 -0.000503 0.000000 -0.091564 0.985930 -0.139851 9.685800 -0.012427 0.139298 0.990172 0.000000 0.000000 0.000000 0.000000 1.000000
0.995327 0.096557 -0.001016 0.000000 -0.095690 0.984870 -0.144482 9.685800 -0.012950 0.143904 0.989507 0.000000 0.000000 0.000000 0.000000 1.000000</float_array>
        <technique_common>
          <accessor source="#mixamorig_Spine1-Matrix-animation-output-transform-array" count="71" stride="16">
            <param type="float4x4"/>
          </accessor>
        </technique_common>
      </source>
      <source id="mixamorig_Spine1-Interpolations">
        <Name_array id="mixamorig_Spine1-Interpolations-array" count="71">
 LINEAR LINEAR LINEAR LINEAR LINEAR LINEAR LINEAR LINEAR LINEAR LINEAR LINEAR
LINEAR LINEAR LINEAR LINEAR LINEAR LINEAR LINEAR LINEAR LINEAR LINEAR LINEAR LINEAR
LINEAR LINEAR LINEAR LINEAR LINEAR LINEAR LINEAR LINEAR LINEAR LINEAR LINEAR LINEAR
LINEAR LINEAR LINEAR LINEAR LINEAR LINEAR LINEAR LINEAR LINEAR LINEAR LINEAR LINEAR
LINEAR LINEAR LINEAR LINEAR LINEAR LINEAR LINEAR LINEAR LINEAR LINEAR LINEAR LINEAR
LINEAR LINEAR LINEAR LINEAR LINEAR LINEAR LINEAR LINEAR LINEAR LINEAR LINEAR LINEAR</Name_array>
        <technique_common>
          <accessor source="#mixamorig_Spine1-Interpolations-array" count="71">
            <param type="name"/>
          </accessor>
        </technique_common>
