<?xml version="1.0" encoding="utf-8"?>
<COLLADA xmlns="http://www.collada.org/2005/11/COLLADASchema" version="1.4.1">
  <asset>
    <contributor>
      <author>Mixamo</author>
      <authoring_tool>COLLADA Mixamo exporter</authoring_tool>
      <comments/>
    </contributor>
    <created>2025-11-14T05:17:29Z</created>
    <modified>2025-11-14T05:17:29Z</modified>
    <revision/>
    <title/>
    <unit meter="0.010000"/>
    <up_axis>Y_UP</up_axis>
  </asset>
  <library_animations>
    <animation id="mixamorig_Hips-anim" name="mixamorig_Hips">
      <source id="mixamorig_Hips-Matrix-animation-input">
        <float_array id="mixamorig_Hips-Matrix-animation-input-array" count="37">

0.000000 0.033333 0.066667 0.100000 0.133333 0.166667 0.200000 0.233333 0.266667 0.300000 0.333333 0.366667 0.400000 0.433333 0.466667 0.500000
0.533333 0.566667 0.600000 0.633333 0.666667 0.700000 0.733333 0.766667 0.800000 0.833333 0.866667 0.900000 0.933333 0.966667 1.000000 1.033333
1.066667 1.100000 1.133333 1.166667 1.200000</float_array>
        <technique_common>
          <accessor source="#mixamorig_Hips-Matrix-animation-input-array" count="37">
            <param name="TIME" type="float"/>
          </accessor>
        </technique_common>
      </source>
      <source id="mixamorig_Hips-Matrix-animation-output-transform">
        <float_array id="mixamorig_Hips-Matrix-animation-output-transform-array" count="592">

0.988627 0.041030 -0.144683 0.584582 -0.001538 0.964771 0.263087 91.628494 0.150380 -0.259872 0.953862 -2.256844 0.000000 0.000000 0.000000 1.000000
0.981048 0.045319 -0.188392 0.886719 0.004992 0.966030 0.258384 91.714615 0.193702 -0.254427 0.947495 -1.856419 0.000000 0.000000 0.000000 1.000000
0.968590 0.049790 -0.243627 1.512985 0.013717 0.967559 0.252273 91.911659 0.248284 -0.247691 0.936485 -1.377262 0.000000 0.000000 0.000000 1.000000
0.952815 0.053947 -0.298718 2.276962 0.022327 0.968960 0.246206 92.187363 0.302728 -0.241258 0.922036 -0.756098 0.000000 0.000000 0.000000 1.000000
0.931599 0.057361 -0.358933 3.079263 0.031471 0.971033 0.236863 92.546059 0.362122 -0.231957 0.902809 -0.047036 0.000000 0.000000 0.000000 1.000000
0.905014 0.059641 -0.421180 4.062560 0.037556 0.975054 0.218769 92.983955 0.423721 -0.213807 0.880197 0.771492 0.000000 0.000000 0.000000 1.000000
0.874236 0.060304 -0.481741 5.113003 0.041655 0.979280 0.198180 93.457748 0.483710 -0.193323 0.853610 1.648364 0.000000 0.000000 0.000000 1.000000
0.841508 0.058804 -0.537035 6.234808 0.044823 0.983032 0.177875 93.934708 0.538383 -0.173755 0.824593 2.516215 0.000000 0.000000 0.000000 1.000000
0.805603 0.050884 -0.590267 7.371078 0.050458 0.986792 0.153932 94.545334 0.590303 -0.153792 0.792395 3.375805 0.000000 0.000000 0.000000 1.000000
0.766322 0.039559 -0.641237 8.477179 0.056115 0.990167 0.128146 95.255890 0.640001 -0.134184 0.756567 4.239053 0.000000 0.000000 0.000000 1.000000
0.726116 0.026650 -0.687056 9.556234 0.061981 0.992643 0.104008 96.062752 0.684773 -0.118107 0.719122 5.061608 0.000000 0.000000 0.000000 1.000000
0.686760 0.014194 -0.726746 10.545965 0.065790 0.994492 0.081593 96.994308 0.723901 -0.103847 0.682044 5.847844 0.000000 0.000000 0.000000 1.000000
0.646046 0.003918 -0.763288 11.429576 0.066212 0.995930 0.061154 97.893456 0.760421 -0.090047 0.643157 6.566139 0.000000 0.000000 0.000000 1.000000
0.609422 -0.002897 -0.792841 12.218390 0.065446 0.996764 0.046664 98.738266 0.790141 -0.080326 0.607639 7.209715 0.000000 0.000000 0.000000 1.000000
0.575513 -0.007181 -0.817761 12.917241 0.063385 0.997345 0.035850 99.461998 0.815333 -0.072466 0.574440 7.852754 0.000000 0.000000 0.000000 1.000000
0.541388 -0.010627 -0.840706 13.477527 0.063905 0.997548 0.028544 100.075241 0.838341 -0.069179 0.540739 8.483590 0.000000 0.000000 0.000000 1.000000
0.504098 -0.014366 -0.863527 13.929716 0.065213 0.997640 0.021472 100.454575 0.861181 -0.067137 0.503846 9.132438 0.000000 0.000000 0.000000 1.000000
0.466373 -0.017653 -0.884412 14.306119 0.065762 0.997726 0.014763 100.517838 0.882140 -0.065046 0.466473 9.775736 0.000000 0.000000 0.000000 1.000000
0.438751 -0.021070 -0.898362 14.539185 0.065858 0.997791 0.008763 100.511032 0.896192 -0.063009 0.439169 10.247596 0.000000 0.000000 0.000000 1.000000
0.432166 -0.025300 -0.901439 14.632493 0.066020 0.997812 0.003647 100.480423 0.899374 -0.061089 0.432890 10.470427 0.000000 0.000000 0.000000 1.000000
0.431257 -0.029796 -0.901737 14.683534 0.066323 0.997797 -0.001250 100.442833 0.899788 -0.059267 0.432283 10.607853 0.000000 0.000000 0.000000 1.000000
0.437470 -0.034763 -0.898561 14.662996 0.066971 0.997737 -0.005995 100.394073 0.896736 -0.057554 0.438808 10.567280 0.000000 0.000000 0.000000 1.000000
0.442588 -0.039694 -0.895846 14.601115 0.067859 0.997638 -0.010679 100.346100 0.894154 -0.056065 0.444236 10.433722 0.000000 0.000000 0.000000 1.000000
0.447478 -0.044561 -0.893184 14.531004 0.068786 0.997514 -0.015305 100.298470 0.891646 -0.054590 0.449430 10.282224 0.000000 0.000000 0.000000 1.000000
0.452166 -0.048760 -0.890600 14.453264 0.069563 0.997391 -0.019289 100.254066 0.889217 -0.053231 0.454379 10.122653 0.000000 0.000000 0.000000 1.000000
0.456266 -0.051393 -0.888358 14.360833 0.069953 0.997313 -0.021768 100.210693 0.887090 -0.052211 0.458635 9.954125 0.000000 0.000000 0.000000 1.000000
0.460503 -0.053147 -0.886066 14.256220 0.070144 0.997263 -0.023362 100.184860 0.884883 -0.051394 0.462970 9.765688 0.000000 0.000000 0.000000 1.000000
0.465804 -0.054889 -0.883184 14.145970 0.070350 0.997212 -0.024872 100.192711 0.882087 -0.050547 0.468367 9.556191 0.000000 0.000000 0.000000 1.000000
0.471629 -0.056356 -0.879995 14.030389 0.070507 0.997170 -0.026072 100.227005 0.878974 -0.049750 0.474268 9.322102 0.000000 0.000000 0.000000 1.000000
0.477804 -0.057573 -0.876578 13.913328 0.070628 0.997137 -0.026993 100.295128 0.875622 -0.049014 0.480503 9.052899 0.000000 0.000000 0.000000 1.000000
0.484161 -0.058554 -0.873017 13.790691 0.070704 0.997114 -0.027667 100.369316 0.872118 -0.048330 0.486904 8.768388 0.000000 0.000000 0.000000 1.000000
0.490659 -0.059356 -0.869328 13.652225 0.070742 0.997097 -0.028153 100.419502 0.868475 -0.047684 0.493434 8.474521 0.000000 0.000000 0.000000 1.000000
0.496748 -0.059890 -0.865826 13.520253 0.070722 0.997092 -0.028395 100.460007 0.865009 -0.047128 0.499539 8.202334 0.000000 0.000000 0.000000 1.000000
0.502027 -0.060167 -0.862757 13.410229 0.070645 0.997096 -0.028429 100.497452 0.861962 -0.046677 0.504820 7.975914 0.000000 0.000000 0.000000 1.000000
0.507039 -0.060341 -0.859808 13.306664 0.070537 0.997105 -0.028380 100.532883 0.859032 -0.046258 0.509828 7.764007 0.000000 0.000000 0.000000 1.000000
0.511936 -0.060469 -0.856893 13.205685 0.070407 0.997117 -0.028302 100.567497 0.856134 -0.045842 0.514717 7.557906 0.000000 0.000000 0.000000 1.000000
0.516866 -0.060610 -0.853918 13.103413 0.070261 0.997129 -0.028246 100.602516 0.853178 -0.045398 0.519641 7.348902 0.000000 0.000000 0.000000 1.000000</float_array>
        <technique_common>
          <accessor source="#mixamorig_Hips-Matrix-animation-output-transform-array" count="37" stride="16">
            <param type="float4x4"/>
          </accessor>
        </technique_common>
      </source>
      <source id="mixamorig_Hips-Interpolations">
        <Name_array id="mixamorig_Hips-Interpolations-array" count="37">
 LINEAR LINEAR LINEAR LINEAR LINEAR LINEAR LINEAR LINEAR LINEAR LINEAR LINEAR
LINEAR LINEAR LINEAR LINEAR LINEAR LINEAR LINEAR LINEAR LINEAR LINEAR LINEAR LINEAR
LINEAR LINEAR LINEAR LINEAR LINEAR LINEAR LINEAR LINEAR LINEAR LINEAR LINEAR LINEAR
LINEAR LINEAR</Name_array>
        <technique_common>
          <accessor source="#mixamorig_Hips-Interpolations-array" count="37">
            <param type="name"/>
          </accessor>
        </technique_common>
      </source>
      <sampler id="mixamorig_Hips-Matrix-animation-transform">
        <input semantic="INPUT" source="#mixamorig_Hips-Matrix-animation-input"/>
        <input semantic="OUTPUT" source="#mixamorig_Hips-Matrix-animation-output-transform"/>
        <input semantic="INTERPOLATION" source="#mixamorig_Hips-Interpolations"/>
      </sampler>
      <channel source="#mixamorig_Hips-Matrix-animation-transform" target="mixamorig_Hips/matrix"/>
    </animation>
    <animation id="mixamorig_Spine-anim" name="mixamorig_Spine">
      <source id="mixamorig_Spine-Matrix-animation-input">
        <float_array id="mixamorig_Spine-Matrix-animation-input-array" count="37">

0.000000 0.033333 0.066667 0.100000 0.133333 0.166667 0.200000 0.233333 0.266667 0.300000 0.333333 0.366667 0.400000 0.433333 0.466667 0.500000
0.533333 0.566667 0.600000 0.633333 0.666667 0.700000 0.733333 0.766667 0.800000 0.833333 0.866667 0.900000 0.933333 0.966667 1.000000 1.033333
1.066667 1.100000 1.133333 1.166667 1.200000</float_array>
        <technique_common>
          <accessor source="#mixamorig_Spine-Matrix-animation-input-array" count="37">
            <param name="TIME" type="float"/>
          </accessor>
        </technique_common>
      </source>
      <source id="mixamorig_Spine-Matrix-animation-output-transform">
        <float_array id="mixamorig_Spine-Matrix-animation-output-transform-array" count="592">

0.999407 -0.026768 0.021648 0.000000 0.028754 0.994835 -0.097344 8.536500 -0.018931 0.097909 0.995015 0.187100 0.000000 0.000000 0.000000 1.000000
0.999214 -0.031446 0.024115 -0.000000 0.033680 0.994554 -0.098626 8.536500 -0.020883 0.099361 0.994832 0.187100 0.000000 0.000000 0.000000 1.000000
0.998875 -0.038852 0.027190 0.000000 0.041434 0.993929 -0.101925 8.536500 -0.023065 0.102937 0.994420 0.187100 0.000000 0.000000 0.000000 1.000000
0.998449 -0.047130 0.029636 0.000000 0.050055 0.992973 -0.107239 8.536500 -0.024374 0.108556 0.993791 0.187100 0.000000 0.000000 0.000000 1.000000
0.998055 -0.053259 0.032396 -0.000000 0.056623 0.991891 -0.113778 8.536500 -0.026074 0.115391 0.992978 0.187100 0.000000 0.000000 0.000000 1.000000
0.997841 -0.056093 0.034152 -0.000000 0.059816 0.990959 -0.120089 8.536500 -0.027107 0.121873 0.992176 0.187100 0.000000 0.000000 0.000000 1.000000
0.997996 -0.052830 0.034823 0.000000 0.056881 0.990138 -0.128025 8.536500 -0.027716 0.129749 0.991159 0.187100 0.000000 0.000000 0.000000 1.000000
0.998190 -0.048920 0.034992 0.000000 0.053229 0.989384 -0.135222 8.536500 -0.028006 0.136840 0.990197 0.187100 0.000000 0.000000 0.000000 1.000000
0.998451 -0.043278 0.034967 0.000000 0.047808 0.988816 -0.141269 8.536500 -0.028463 0.142722 0.989353 0.187100 0.000000 0.000000 0.000000 1.000000
0.998717 -0.036310 0.035300 -0.000000 0.041133 0.988250 -0.147210 8.536500 -0.029540 0.148473 0.988475 0.187100 0.000000 0.000000 0.000000 1.000000
0.999010 -0.027370 0.035083 0.000000 0.032461 0.987554 -0.153897 8.536500 -0.030434 0.154883 0.987464 0.187100 0.000000 0.000000 0.000000 1.000000
0.999294 -0.016008 0.034002 0.000000 0.021338 0.986443 -0.162711 8.536500 -0.030936 0.163322 0.986088 0.187100 0.000000 0.000000 0.000000 1.000000
0.999444 -0.003165 0.033179 -0.000000 0.008813 0.985144 -0.171505 8.536500 -0.032143 0.171703 0.984624 0.187100 0.000000 0.000000 0.000000 1.000000
0.999471 0.009868 0.030982 -0.000000 -0.004132 0.983660 -0.179989 8.536500 -0.032251 0.179766 0.983181 0.187100 0.000000 0.000000 0.000000 1.000000
0.999359 0.021597 0.028544 0.000000 -0.015864 0.982101 -0.187684 8.536500 -0.032086 0.187111 0.981815 0.187100 0.000000 0.000000 0.000000 1.000000
0.999122 0.032174 0.026834 0.000000 -0.026359 0.980593 -0.194276 8.536500 -0.032563 0.193398 0.980580 0.187100 0.000000 0.000000 0.000000 1.000000
0.998810 0.040893 0.026574 0.000000 -0.034806 0.979403 -0.198892 8.536500 -0.034159 0.197730 0.979661 0.187100 0.000000 0.000000 0.000000 1.000000
0.998495 0.048066 0.026425 0.000000 -0.041768 0.978556 -0.201703 8.536500 -0.035553 0.200296 0.979090 0.187100 0.000000 0.000000 0.000000 1.000000
0.998240 0.053706 0.025163 0.000000 -0.047479 0.977895 -0.203635 8.536500 -0.035544 0.202082 0.978724 0.187100 0.000000 0.000000 0.000000 1.000000
0.998173 0.056208 0.022175 0.000000 -0.050487 0.977452 -0.205034 8.536500 -0.033200 0.203539 0.978504 0.187100 0.000000 0.000000 0.000000 1.000000
0.998158 0.057611 0.019034 0.000000 -0.052461 0.977087 -0.206274 8.536500 -0.030481 0.204895 0.978309 0.187100 0.000000 0.000000 0.000000 1.000000
0.998250 0.056686 0.016860 0.000000 -0.051972 0.976893 -0.207314 8.536500 -0.028223 0.206075 0.978129 0.187100 0.000000 0.000000 0.000000 1.000000
0.998349 0.055297 0.015516 0.000000 -0.050881 0.976875 -0.207667 8.536500 -0.026641 0.206534 0.978077 0.187100 0.000000 0.000000 0.000000 1.000000
0.998447 0.053827 0.014335 0.000000 -0.049680 0.976889 -0.207893 8.536500 -0.025194 0.206858 0.978046 0.187100 0.000000 0.000000 0.000000 1.000000
0.998536 0.052442 0.013271 0.000000 -0.048540 0.976898 -0.208118 8.536500 -0.023879 0.207169 0.978014 0.187100 0.000000 0.000000 0.000000 1.000000
0.998606 0.051272 0.012514 -0.000000 -0.047545 0.976885 -0.208409 8.536500 -0.022910 0.207524 0.977962 0.187100 0.000000 0.000000 0.000000 1.000000
0.998667 0.050261 0.011751 0.000000 -0.046709 0.976878 -0.208633 8.536500 -0.021966 0.207806 0.977923 0.187100 0.000000 0.000000 0.000000 1.000000
0.998727 0.049326 0.010512 0.000000 -0.046052 0.976903 -0.208662 8.536500 -0.020562 0.207912 0.977931 0.187100 0.000000 0.000000 0.000000 1.000000
0.998777 0.048583 0.009145 0.000000 -0.045609 0.976927 -0.208649 8.536500 -0.019071 0.207976 0.977948 0.187100 0.000000 0.000000 0.000000 1.000000
0.998809 0.048155 0.007892 0.000000 -0.045450 0.976920 -0.208716 8.536500 -0.017760 0.208109 0.977944 0.187100 0.000000 0.000000 0.000000 1.000000
0.998829 0.047928 0.006607 0.000000 -0.045495 0.976896 -0.208817 8.536500 -0.016463 0.208272 0.977932 0.187100 0.000000 0.000000 0.000000 1.000000
0.998843 0.047819 0.005091 0.000000 -0.045702 0.976862 -0.208929 8.536500 -0.014964 0.208455 0.977918 0.187100 0.000000 0.000000 0.000000 1.000000
0.998847 0.047864 0.003748 0.000000 -0.046023 0.976810 -0.209105 8.536500 -0.013670 0.208691 0.977886 0.187100 0.000000 0.000000 0.000000 1.000000
0.998842 0.048027 0.002839 0.000000 -0.046369 0.976737 -0.209367 8.536500 -0.012828 0.208993 0.977833 0.187100 0.000000 0.000000 0.000000 1.000000
0.998834 0.048239 0.002064 0.000000 -0.046735 0.976657 -0.209660 8.536500 -0.012129 0.209319 0.977772 0.187100 0.000000 0.000000 0.000000 1.000000
0.998824 0.048471 0.001342 0.000000 -0.047109 0.976573 -0.209965 8.536500 -0.011487 0.209654 0.977708 0.187100 0.000000 0.000000 0.000000 1.000000
0.998814 0.048693 0.000593 0.000000 -0.047480 0.976491 -0.210262 8.536500 -0.010817 0.209985 0.977645 0.187100 0.000000 0.000000 0.000000 1.000000</float_array>
        <technique_common>
          <accessor source="#mixamorig_Spine-Matrix-animation-output-transform-array" count="37" stride="16">
            <param type="float4x4"/>
          </accessor>
        </technique_common>
      </source>
      <source id="mixamorig_Spine-Interpolations">
        <Name_array id="mixamorig_Spine-Interpolations-array" count="37">
 LINEAR LINEAR LINEAR LINEAR LINEAR LINEAR LINEAR LINEAR LINEAR LINEAR LINEAR
LINEAR LINEAR LINEAR LINEAR LINEAR LINEAR LINEAR LINEAR LINEAR LINEAR LINEAR LINEAR
LINEAR LINEAR LINEAR LINEAR LINEAR LINEAR LINEAR LINEAR LINEAR LINEAR LINEAR LINEAR
LINEAR LINEAR</Name_array>
        <technique_common>
          <accessor source="#mixamorig_Spine-Interpolations-array" count="37">
            <param type="name"/>
          </accessor>
        </technique_common>
      </source>
      <sampler id="mixamorig_Spine-Matrix-animation-transform">
        <input semantic="INPUT" source="#mixamorig_Spine-Matrix-animation-input"/>
        <input semantic="OUTPUT" source="#mixamorig_Spine-Matrix-animation-output-transform"/>
        <input semantic="INTERPOLATION" source="#mixamorig_Spine-Interpolations"/>
      </sampler>
      <channel source="#mixamorig_Spine-Matrix-animation-transform" target="mixamorig_Spine/matrix"/>
    </animation>
    <animation id="mixamorig_Spine1-anim" name="mixamorig_Spine1">
      <source id="mixamorig_Spine1-Matrix-animation-input">
        <float_array id="mixamorig_Spine1-Matrix-animation-input-array" count="37">

0.000000 0.033333 0.066667 0.100000 0.133333 0.166667 0.200000 0.233333 0.266667 0.300000 0.333333 0.366667 0.400000 0.433333 0.466667 0.500000
0.533333 0.566667 0.600000 0.633333 0.666667 0.700000 0.733333 0.766667 0.800000 0.833333 0.866667 0.900000 0.933333 0.966667 1.000000 1.033333
1.066667 1.100000 1.133333 1.166667 1.200000</float_array>
        <technique_common>
          <accessor source="#mixamorig_Spine1-Matrix-animation-input-array" count="37">
            <param name="TIME" type="float"/>
          </accessor>
        </technique_common>
      </source>
      <source id="mixamorig_Spine1-Matrix-animation-output-transform">
        <float_array id="mixamorig_Spine1-Matrix-animation-output-transform-array" count="592">

0.999371 -0.012432 0.033207 0.000000 0.011115 0.999156 0.039538 9.685800 -0.033670 -0.039144 0.998666 0.000000 0.000000 0.000000 0.000000 1.000000
0.999193 -0.012943 0.038016 -0.000000 0.011576 0.999287 0.035950 9.685800 -0.038454 -0.035480 0.998630 0.000000 0.000000 0.000000 0.000000 1.000000
0.998940 -0.011932 0.044468 -0.000000 0.010559 0.999464 0.030976 9.685800 -0.044814 -0.030474 0.998530 0.000000 0.000000 0.000000 0.000000 1.000000
0.998812 -0.009791 0.047735 0.000000 0.008655 0.999676 0.023931 9.685800 -0.047954 -0.023489 0.998573 0.000000 0.000000 0.000000 0.000000 1.000000
0.998634 -0.007715 0.051669 0.000000 0.006913 0.999853 0.015683 9.685800 -0.051783 -0.015304 0.998541 0.000000 0.000000 0.000000 0.000000 1.000000
0.998453 -0.008192 0.054988 0.000000 0.007745 0.999935 0.008329 9.685800 -0.055052 -0.007890 0.998452 0.000000 0.000000 0.000000 0.000000 1.000000
0.998276 -0.009767 0.057882 -0.000000 0.009995 0.999943 -0.003651 9.685800 -0.057843 0.004224 0.998317 0.000000 0.000000 0.000000 0.000000 1.000000
0.998160 -0.010986 0.059629 0.000000 0.011823 0.999836 -0.013695 9.685800 -0.059469 0.014375 0.998127 0.000000 0.000000 0.000000 0.000000 1.000000
0.998107 -0.009172 0.060818 -0.000000 0.010567 0.999687 -0.022660 9.685800 -0.060591 0.023259 0.997892 0.000000 0.000000 0.000000 0.000000 1.000000
0.998030 -0.004677 0.062556 -0.000000 0.006685 0.999468 -0.031920 9.685800 -0.062374 0.032275 0.997531 -0.000000 0.000000 0.000000 0.000000 1.000000
0.997992 0.004079 0.063204 0.000000 -0.001243 0.998993 -0.044840 9.685800 -0.063323 0.044672 0.996993 0.000000 0.000000 0.000000 0.000000 1.000000
0.997927 0.016877 0.062109 0.000000 -0.013087 0.998056 -0.060936 9.685800 -0.063016 0.059997 0.996207 -0.000000 0.000000 0.000000 0.000000 1.000000
0.997616 0.030795 0.061752 -0.000000 -0.026093 0.996800 -0.075562 9.685800 -0.063881 0.073770 0.995227 0.000000 0.000000 0.000000 0.000000 1.000000
0.997254 0.045196 0.058665 0.000000 -0.039838 0.995190 -0.089501 9.685800 -0.062428 0.086919 0.994257 0.000000 0.000000 0.000000 0.000000 1.000000
0.996725 0.059577 0.054685 0.000000 -0.053850 0.993446 -0.100819 9.685800 -0.060333 0.097544 0.993401 0.000000 0.000000 0.000000 0.000000 1.000000
0.995898 0.074311 0.051619 0.000000 -0.068299 0.991604 -0.109803 9.685800 -0.059345 0.105827 0.992612 0.000000 0.000000 0.000000 0.000000 1.000000
0.994862 0.087404 0.051098 0.000000 -0.081018 0.989947 -0.115935 9.685800 -0.060718 0.111199 0.991942 -0.000000 0.000000 0.000000 0.000000 1.000000
0.993931 0.098194 0.049583 0.000000 -0.091728 0.988632 -0.119131 9.685800 -0.060717 0.113860 0.991640 0.000000 0.000000 0.000000 0.000000 1.000000
0.993244 0.106629 0.045782 0.000000 -0.100425 0.987524 -0.121287 9.685800 -0.058143 0.115870 0.991561 0.000000 0.000000 0.000000 0.000000 1.000000
0.993103 0.110364 0.039565 -0.000000 -0.104738 0.986790 -0.123590 9.685800 -0.052683 0.118594 0.991544 0.000000 0.000000 0.000000 0.000000 1.000000
0.993061 0.112829 0.033163 0.000000 -0.107841 0.986163 -0.125905 9.685800 -0.046910 0.121455 0.991488 0.000000 0.000000 0.000000 0.000000 1.000000
0.993104 0.113778 0.028277 0.000000 -0.109278 0.985699 -0.128279 9.685800 -0.042468 0.124304 0.991335 0.000000 0.000000 0.000000 0.000000 1.000000
0.993186 0.113868 0.024810 0.000000 -0.109750 0.985487 -0.129502 9.685800 -0.039196 0.125897 0.991269 0.000000 0.000000 0.000000 0.000000 1.000000
0.993271 0.113773 0.021630 0.000000 -0.110020 0.985324 -0.130506 9.685800 -0.036160 0.127248 0.991212 0.000000 0.000000 0.000000 0.000000 1.000000
0.993376 0.113363 0.018786 0.000000 -0.109945 0.985208 -0.131445 9.685800 -0.033409 0.128509 0.991145 -0.000000 0.000000 0.000000 0.000000 1.000000
0.993533 0.112304 0.016741 0.000000 -0.109130 0.985181 -0.132320 9.685800 -0.031353 0.129638 0.991066 0.000000 0.000000 0.000000 0.000000 1.000000
0.993734 0.110758 0.014987 0.000000 -0.107802 0.985224 -0.133087 9.685800 -0.029506 0.130638 0.990991 0.000000 0.000000 0.000000 0.000000 1.000000
0.993970 0.108905 0.012749 -0.000000 -0.106240 0.985306 -0.133738 9.685800 -0.027126 0.131577 0.990935 0.000000 0.000000 0.000000 0.000000 1.000000
0.994202 0.107016 0.010474 0.000000 -0.104650 0.985383 -0.134419 9.685800 -0.024706 0.132543 0.990869 -0.000000 0.000000 0.000000 0.000000 1.000000
0.994384 0.105496 0.008422 0.000000 -0.103397 0.985395 -0.135296 9.685800 -0.022572 0.133666 0.990769 0.000000 0.000000 0.000000 0.000000 1.000000
0.994544 0.104124 0.006384 0.000000 -0.102289 0.985375 -0.136285 9.685800 -0.020481 0.134889 0.990649 0.000000 0.000000 0.000000 0.000000 1.000000
0.994702 0.102724 0.004046 0.000000 -0.101198 0.985337 -0.137367 9.685800 -0.018098 0.136229 0.990512 0.000000 0.000000 0.000000 0.000000 1.000000
0.994827 0.101560 0.001989 0.000000 -0.100307 0.985268 -0.138515 9.685800 -0.016027 0.137599 0.990358 0.000000 0.000000 0.000000 0.000000 1.000000
0.994911 0.100757 0.000568 -0.000000 -0.099690 0.985166 -0.139680 9.685800 -0.014633 0.138913 0.990197 0.000000 0.000000 0.000000 0.000000 1.000000
0.994980 0.100075 -0.000654 0.000000 -0.099169 0.985051 -0.140858 9.685800 -0.013452 0.140215 0.990030 0.000000 0.000000 0.000000 0.000000 1.000000
0.995042 0.099440 -0.001795 0.000000 -0.098686 0.984929 -0.142041 9.685800 -0.012357 0.141514 0.989859 -0.000000 0.000000 0.000000 0.000000 1.000000
0.995105 0.098777 -0.002974 0.000000 -0.098183 0.984808 -0.143223 9.685800 -0.011218 0.142814 0.989686 0.000000 0.000000 0.000000 0.000000 1.000000</float_array>
        <technique_common>
          <accessor source="#mixamorig_Spine1-Matrix-animation-output-transform-array" count="37" stride="16">
            <param type="float4x4"/>
          </accessor>
        </technique_common>
      </source>
      <source id="mixamorig_Spine1-Interpolations">
        <Name_array id="mixamorig_Spine1-Interpolations-array" count="37">
 LINEAR LINEAR LINEAR LINEAR LINEAR LINEAR LINEAR LINEAR LINEAR LINEAR LINEAR
LINEAR LINEAR LINEAR LINEAR LINEAR LINEAR LINEAR LINEAR LINEAR LINEAR LINEAR LINEAR
LINEAR LINEAR LINEAR LINEAR LINEAR LINEAR LINEAR LINEAR LINEAR LINEAR LINEAR LINEAR
LINEAR LINEAR</Name_array>
        <technique_common>
          <accessor source="#mixamorig_Spine1-Interpolations-array" count="37">
            <param type="name"/>
          </accessor>
        </technique_common>
      </source>
      <sampler id="mixamorig_Spine1-Matrix-animation-transform">
        <input semantic="INPUT" source="#mixamorig_Spine1-Matrix-animation-input"/>
        <input semantic="OUTPUT" source="#mixamorig_Spine1-Matrix-animation-output-transform"/>
        <input semantic="INTERPOLATION" source="#mixamorig_Spine1-Interpolations"/>
      </sampler>
      <channel source="#mixamorig_Spine1-Matrix-animation-transform" target="mixamorig_Spine1/matrix"/>
    </animation>
    <animation id="mixamorig_Spine2-anim" name="mixamorig_Spine2">
      <source id="mixamorig_Spine2-Matrix-animation-input">
        <float_array id="mixamorig_Spine2-Matrix-animation-input-array" count="37">

0.000000 0.033333 0.066667 0.100000 0.133333 0.166667 0.200000 0.233333 0.266667 0.300000 0.333333 0.366667 0.400000 0.433333 0.466667 0.500000
0.533333 0.566667 0.600000 0.633333 0.666667 0.700000 0.733333 0.766667 0.800000 0.833333 0.866667 0.900000 0.933333 0.966667 1.000000 1.033333
1.066667 1.100000 1.133333 1.166667 1.200000</float_array>
        <technique_common>
          <accessor source="#mixamorig_Spine2-Matrix-animation-input-array" count="37">
            <param name="TIME" type="float"/>
          </accessor>
        </technique_common>
      </source>
      <source id="mixamorig_Spine2-Matrix-animation-output-transform">
        <float_array id="mixamorig_Spine2-Matrix-animation-output-transform-array" count="592">

0.999361 -0.013081 0.033259 -0.000000 0.011278 0.998486 0.053846 15.875400 -0.033913 -0.053437 0.997995 0.000000 0.000000 0.000000 0.000000 1.000000
0.999180 -0.012897 0.038385 0.000000 0.010916 0.998619 0.051390 15.875400 -0.038995 -0.050929 0.997941 0.000000 0.000000 0.000000 0.000000 1.000000
0.998962 -0.012467 0.043813 -0.000000 0.010456 0.998894 0.045843 15.875400 -0.044336 -0.045337 0.997987 0.000000 0.000000 0.000000 0.000000 1.000000
0.998892 -0.011133 0.045722 0.000000 0.009427 0.999257 0.037372 15.875400 -0.046104 -0.036900 0.998255 -0.000000 0.000000 0.000000 0.000000 1.000000
0.998780 -0.009773 0.048408 -0.000000 0.008445 0.999584 0.027563 15.875400 -0.048657 -0.027120 0.998447 0.000000 0.000000 0.000000 0.000000 1.000000
0.998653 -0.010321 0.050851 0.000000 0.009330 0.999763 0.019672 15.875400 -0.051042 -0.019171 0.998512 0.000000 0.000000 0.000000 0.000000 1.000000
0.998536 -0.011686 0.052811 -0.000000 0.011177 0.999888 0.009924 15.875400 -0.052921 -0.009319 0.998555 -0.000000 0.000000 0.000000 0.000000 1.000000
0.998492 -0.012121 0.053545 0.000000 0.012042 0.999926 0.001782 15.875400 -0.053563 -0.001135 0.998564 0.000000 0.000000 0.000000 0.000000 1.000000
0.998510 -0.009052 0.053811 0.000000 0.009431 0.999932 -0.006788 15.875400 -0.053746 0.007285 0.998528 0.000000 0.000000 0.000000 0.000000 1.000000
0.998468 -0.003298 0.055243 -0.000000 0.004168 0.999869 -0.015637 15.875400 -0.055184 0.015844 0.998351 -0.000000 0.000000 0.000000 0.000000 1.000000
0.998384 0.007670 0.056314 0.000000 -0.006096 0.999587 -0.028080 15.875400 -0.056506 0.027692 0.998018 0.000000 0.000000 0.000000 0.000000 1.000000
0.998160 0.023813 0.055770 0.000000 -0.021390 0.998818 -0.043652 15.875400 -0.056743 0.042379 0.997489 -0.000000 0.000000 0.000000 0.000000 1.000000
0.997664 0.039796 0.055522 0.000000 -0.036582 0.997660 -0.057761 15.875400 -0.057691 0.055595 0.996785 0.000000 0.000000 0.000000 0.000000 1.000000
0.997070 0.055841 0.052272 -0.000000 -0.052057 0.996107 -0.071147 15.875400 -0.056042 0.068217 0.996095 0.000000 0.000000 0.000000 0.000000 1.000000
0.996265 0.071712 0.048095 0.000000 -0.067599 0.994312 -0.082300 15.875400 -0.053723 0.078742 0.995446 0.000000 0.000000 0.000000 0.000000 1.000000
0.995132 0.087647 0.045050 -0.000000 -0.083260 0.992324 -0.091437 15.875400 -0.052718 0.087241 0.994791 0.000000 0.000000 0.000000 0.000000 1.000000
0.993902 0.101679 0.042673 0.000000 -0.097158 0.990509 -0.097225 15.875400 -0.052154 0.092486 0.994347 0.000000 0.000000 0.000000 0.000000 1.000000
0.992847 0.112481 0.040033 -0.000000 -0.108019 0.989094 -0.100121 15.875400 -0.050859 0.095081 0.994170 -0.000000 0.000000 0.000000 0.000000 1.000000
0.992167 0.119434 0.036613 0.000000 -0.115162 0.988058 -0.102369 15.875400 -0.048402 0.097351 0.994072 0.000000 0.000000 0.000000 0.000000 1.000000
0.992069 0.121799 0.031039 0.000000 -0.117938 0.987431 -0.105218 15.875400 -0.043464 0.100722 0.993965 0.000000 0.000000 0.000000 0.000000 1.000000
0.992118 0.122729 0.025272 0.000000 -0.119336 0.986951 -0.108106 15.875400 -0.038210 0.104239 0.993818 0.000000 0.000000 0.000000 0.000000 1.000000
0.992410 0.121217 0.020721 -0.000000 -0.118221 0.986800 -0.110678 15.875400 -0.033863 0.107389 0.993640 0.000000 0.000000 0.000000 0.000000 1.000000
0.992744 0.119020 0.017109 -0.000000 -0.116393 0.986899 -0.111729 15.875400 -0.030183 0.108926 0.993591 0.000000 0.000000 0.000000 0.000000 1.000000
0.993073 0.116694 0.013703 0.000000 -0.114432 0.987040 -0.112506 15.875400 -0.026654 0.110159 0.993557 0.000000 0.000000 0.000000 0.000000 1.000000
0.993372 0.114442 0.010718 0.000000 -0.112504 0.987170 -0.113307 15.875400 -0.023548 0.111350 0.993502 0.000000 0.000000 0.000000 0.000000 1.000000
0.993615 0.112478 0.008795 0.000000 -0.110747 0.987261 -0.114236 15.875400 -0.021532 0.112533 0.993415 0.000000 0.000000 0.000000 0.000000 1.000000
0.993849 0.110510 0.007206 0.000000 -0.108952 0.987351 -0.115184 15.875400 -0.019843 0.113690 0.993318 0.000000 0.000000 0.000000 0.000000 1.000000
0.994126 0.108121 0.004880 -0.000000 -0.106828 0.987476 -0.116102 15.875400 -0.017372 0.114899 0.993225 0.000000 0.000000 0.000000 0.000000 1.000000
0.994383 0.105808 0.002595 -0.000000 -0.104778 0.987576 -0.117114 15.875400 -0.014955 0.116184 0.993115 -0.000000 0.000000 0.000000 0.000000 1.000000
0.994574 0.104032 0.000923 0.000000 -0.103192 0.987596 -0.118341 15.875400 -0.013222 0.117604 0.992973 0.000000 0.000000 0.000000 0.000000 1.000000
0.994734 0.102487 -0.000592 0.000000 -0.101821 0.987574 -0.119710 15.875400 -0.011685 0.119140 0.992809 0.000000 0.000000 0.000000 0.000000 1.000000
0.994896 0.100875 -0.002528 0.000000 -0.100437 0.987531 -0.121226 15.875400 -0.009732 0.120861 0.992622 0.000000 0.000000 0.000000 0.000000 1.000000
0.995016 0.099635 -0.003935 0.000000 -0.099363 0.987446 -0.122787 15.875400 -0.008348 0.122566 0.992425 0.000000 0.000000 0.000000 0.000000 1.000000
0.995081 0.098977 -0.004272 0.000000 -0.098738 0.987321 -0.124287 15.875400 -0.008084 0.124098 0.992237 0.000000 0.000000 0.000000 0.000000 1.000000
0.995126 0.098517 -0.004266 0.000000 -0.098269 0.987180 -0.125776 15.875400 -0.008180 0.125582 0.992050 0.000000 0.000000 0.000000 0.000000 1.000000
0.995164 0.098137 -0.004123 -0.000000 -0.097862 0.987030 -0.127260 15.875400 -0.008419 0.127048 0.991861 0.000000 0.000000 0.000000 0.000000 1.000000
0.995206 0.097718 -0.004047 0.000000 -0.097424 0.986881 -0.128745 15.875400 -0.008587 0.128522 0.991669 0.000000 0.000000 0.000000 0.000000 1.000000</float_array>
        <technique_common>
          <accessor source="#mixamorig_Spine2-Matrix-animation-output-transform-array" count="37" stride="16">
            <param type="float4x4"/>
          </accessor>
        </technique_common>
      </source>
      <source id="mixamorig_Spine2-Interpolations">
        <Name_array id="mixamorig_Spine2-Interpolations-array" count="37">
 LINEAR LINEAR LINEAR LINEAR LINEAR LINEAR LINEAR LINEAR LINEAR LINEAR LINEAR
LINEAR LINEAR LINEAR LINEAR LINEAR LINEAR LINEAR LINEAR LINEAR LINEAR LINEAR LINEAR
LINEAR LINEAR LINEAR LINEAR LINEAR LINEAR LINEAR LINEAR LINEAR LINEAR LINEAR LINEAR
LINEAR LINEAR</Name_array>
        <technique_common>
          <accessor source="#mixamorig_Spine2-Interpolations-array" count="37">
            <param type="name"/>
          </accessor>
        </technique_common>
      </source>
      <sampler id="mixamorig_Spine2-Matrix-animation-transform">
        <input semantic="INPUT" source="#mixamorig_Spine2-Matrix-animation-input"/>
        <input semantic="OUTPUT" source="#mixamorig_Spine2-Matrix-animation-output-transform"/>
        <input semantic="INTERPOLATION" source="#mixamorig_Spine2-Interpolations"/>
      </sampler>
      <channel source="#mixamorig_Spine2-Matrix-animation-transform" target="mixamorig_Spine2/matrix"/>
    </animation>
    <animation id="mixamorig_Neck-anim" name="mixamorig_Neck">
      <source id="mixamorig_Neck-Matrix-animation-input">
        <float_array id="mixamorig_Neck-Matrix-animation-input-array" count="37">

0.000000 0.033333 0.066667 0.100000 0.133333 0.166667 0.200000 0.233333 0.266667 0.300000 0.333333 0.366667 0.400000 0.433333 0.466667 0.500000
0.533333 0.566667 0.600000 0.633333 0.666667 0.700000 0.733333 0.766667 0.800000 0.833333 0.866667 0.900000 0.933333 0.966667 1.000000 1.033333
1.066667 1.100000 1.133333 1.166667 1.200000</float_array>
        <technique_common>
          <accessor source="#mixamorig_Neck-Matrix-animation-input-array" count="37">
            <param name="TIME" type="float"/>
          </accessor>
        </technique_common>
      </source>
      <source id="mixamorig_Neck-Matrix-animation-output-transform">
        <float_array id="mixamorig_Neck-Matrix-animation-output-transform-array" count="592">

0.993455 -0.057279 0.098821 0.000000 0.034884 0.975987 0.215019 26.173401 -0.108764 -0.210165 0.971597 -0.161200 0.000000 0.000000 0.000000 1.000000
0.992511 -0.063912 0.104103 -0.000000 0.039624 0.974570 0.220551 26.173401 -0.115552 -0.214775 0.969804 -0.161200 0.000000 0.000000 0.000000 1.000000
0.991340 -0.068554 0.112003 0.000000 0.041397 0.972575 0.228877 26.173401 -0.124621 -0.222258 0.966991 -0.161200 0.000000 0.000000 0.000000 1.000000
0.989945 -0.071961 0.121781 -0.000000 0.041150 0.970200 0.238785 26.173401 -0.135335 -0.231373 0.963406 -0.161200 0.000000 0.000000 0.000000 1.000000
0.988323 -0.074885 0.132700 0.000000 0.039887 0.967680 0.249008 26.173401 -0.147058 -0.240808 0.959367 -0.161200 0.000000 0.000000 0.000000 1.000000
0.986490 -0.078085 0.144016 -0.000000 0.038685 0.965269 0.258380 26.173401 -0.159189 -0.249318 0.955248 -0.161200 0.000000 0.000000 0.000000 1.000000
0.984482 -0.082303 0.154990 0.000000 0.038690 0.963262 0.265762 26.173401 -0.171170 -0.255642 0.951498 -0.161200 0.000000 0.000000 0.000000 1.000000
0.981944 -0.087595 0.167671 -0.000000 0.039873 0.962261 0.269192 26.173401 -0.184923 -0.257646 0.948379 -0.161200 0.000000 0.000000 0.000000 1.000000
0.978071 -0.090230 0.187712 0.000000 0.036549 0.961655 0.271814 26.173401 -0.205040 -0.258993 0.943865 -0.161200 0.000000 0.000000 0.000000 1.000000
0.973812 -0.089375 0.209053 0.000000 0.029504 0.961396 0.273582 26.173401 -0.225434 -0.260249 0.938856 -0.161200 0.000000 0.000000 0.000000 1.000000
0.967326 -0.088681 0.237522 0.000000 0.020657 0.961286 0.274776 26.173401 -0.252694 -0.260891 0.931709 -0.161200 0.000000 0.000000 0.000000 1.000000
0.959836 -0.086265 0.266969 0.000000 0.009928 0.961404 0.274962 26.173401 -0.280384 -0.261268 0.923647 -0.161200 0.000000 0.000000 0.000000 1.000000
0.951681 -0.081112 0.296183 0.000000 -0.003220 0.961797 0.273745 26.173401 -0.307072 -0.261471 0.915062 -0.161200 0.000000 0.000000 0.000000 1.000000
0.943612 -0.074640 0.322529 0.000000 -0.016737 0.962250 0.271653 26.173401 -0.330630 -0.261733 0.906741 -0.161200 0.000000 0.000000 0.000000 1.000000
0.936328 -0.068677 0.344345 0.000000 -0.028529 0.962564 0.269550 26.173401 -0.349966 -0.262211 0.899316 -0.161200 0.000000 0.000000 0.000000 1.000000
0.930647 -0.063094 0.360438 -0.000000 -0.038456 0.962703 0.267813 26.173401 -0.363893 -0.263101 0.893510 -0.161200 0.000000 0.000000 0.000000 1.000000
0.925786 -0.058088 0.373558 0.000000 -0.047059 0.962732 0.266331 26.173401 -0.375107 -0.264145 0.888551 -0.161200 0.000000 0.000000 0.000000 1.000000
0.922291 -0.057598 0.382181 -0.000000 -0.050478 0.962412 0.266860 26.173401 -0.383186 -0.265414 0.884717 -0.161200 0.000000 0.000000 0.000000 1.000000
0.919551 -0.059406 0.388455 0.000000 -0.051226 0.961952 0.268372 26.173401 -0.389618 -0.266681 0.881521 -0.161200 0.000000 0.000000 0.000000 1.000000
0.917885 -0.062209 0.391941 -0.000000 -0.050365 0.961390 0.270541 26.173401 -0.393638 -0.268065 0.879312 -0.161200 0.000000 0.000000 0.000000 1.000000
0.916440 -0.065496 0.394775 -0.000000 -0.048901 0.960793 0.272922 26.173401 -0.397172 -0.269421 0.877306 -0.161200 0.000000 0.000000 0.000000 1.000000
0.915055 -0.070178 0.397177 0.000000 -0.046024 0.960146 0.275684 26.173401 -0.400695 -0.270546 0.875356 -0.161200 0.000000 0.000000 0.000000 1.000000
0.913505 -0.076412 0.399586 0.000000 -0.041772 0.959394 0.278959 26.173401 -0.404676 -0.271522 0.873220 -0.161200 0.000000 0.000000 0.000000 1.000000
0.911888 -0.082968 0.401965 0.000000 -0.037250 0.958584 0.282363 26.173401 -0.408744 -0.272457 0.871031 -0.161200 0.000000 0.000000 0.000000 1.000000
0.910193 -0.089960 0.404296 0.000000 -0.032345 0.957708 0.285919 26.173401 -0.412919 -0.273319 0.868790 -0.161200 0.000000 0.000000 0.000000 1.000000
0.908364 -0.097860 0.406568 0.000000 -0.026627 0.956725 0.289772 26.173401 -0.417331 -0.274044 0.866449 -0.161200 0.000000 0.000000 0.000000 1.000000
0.906423 -0.106396 0.408751 0.000000 -0.020331 0.955640 0.293835 26.173401 -0.421882 -0.274650 0.864050 -0.161200 0.000000 0.000000 0.000000 1.000000
0.904413 -0.115140 0.410829 0.000000 -0.013842 0.954473 0.297975 26.173401 -0.426434 -0.275179 0.861644 -0.161200 0.000000 0.000000 0.000000 1.000000
0.902344 -0.124034 0.412784 -0.000000 -0.007197 0.953230 0.302161 26.173401 -0.430957 -0.275624 0.859249 -0.161200 0.000000 0.000000 0.000000 1.000000
0.900241 -0.132931 0.414604 0.000000 -0.000518 0.951924 0.306333 26.173401 -0.435392 -0.275988 0.856892 -0.161200 0.000000 0.000000 0.000000 1.000000
0.898133 -0.141677 0.416274 0.000000 0.006070 0.950577 0.310429 26.173401 -0.439681 -0.276280 0.854605 -0.161200 0.000000 0.000000 0.000000 1.000000
0.896007 -0.150313 0.417826 -0.000000 0.012586 0.949182 0.314477 26.173401 -0.443862 -0.276514 0.852365 -0.161200 0.000000 0.000000 0.000000 1.000000
0.894052 -0.158109 0.419134 0.000000 0.018487 0.947867 0.318128 26.173401 -0.447582 -0.276675 0.850365 -0.161200 0.000000 0.000000 0.000000 1.000000
0.892388 -0.164649 0.420159 0.000000 0.023452 0.946726 0.321186 26.173401 -0.450659 -0.276769 0.848708 -0.161200 0.000000 0.000000 0.000000 1.000000
0.890809 -0.170758 0.421072 0.000000 0.028093 0.945624 0.324048 26.173401 -0.453509 -0.276835 0.847167 -0.161200 0.000000 0.000000 0.000000 1.000000
0.889246 -0.176690 0.421928 -0.000000 0.032594 0.944518 0.326840 26.173401 -0.456267 -0.276888 0.845667 -0.161200 0.000000 0.000000 0.000000 1.000000
0.887626 -0.182703 0.422776 0.000000 0.037142 0.943357 0.329693 26.173401 -0.459065 -0.276941 0.844134 -0.161200 0.000000 0.000000 0.000000 1.000000</float_array>
        <technique_common>
          <accessor source="#mixamorig_Neck-Matrix-animation-output-transform-array" count="37" stride="16">
            <param type="float4x4"/>
          </accessor>
        </technique_common>
      </source>
      <source id="mixamorig_Neck-Interpolations">
        <Name_array id="mixamorig_Neck-Interpolations-array" count="37">
 LINEAR LINEAR LINEAR LINEAR LINEAR LINEAR LINEAR LINEAR LINEAR LINEAR LINEAR
LINEAR LINEAR LINEAR LINEAR LINEAR LINEAR LINEAR LINEAR LINEAR LINEAR LINEAR LINEAR
LINEAR LINEAR LINEAR LINEAR LINEAR LINEAR LINEAR LINEAR LINEAR LINEAR LINEAR LINEAR
LINEAR LINEAR</Name_array>
        <technique_common>
          <accessor source="#mixamorig_Neck-Interpolations-array" count="37">
            <param type="name"/>
          </accessor>
        </technique_common>
      </source>
      <sampler id="mixamorig_Neck-Matrix-animation-transform">
        <input semantic="INPUT" source="#mixamorig_Neck-Matrix-animation-input"/>
        <input semantic="OUTPUT" source="#mixamorig_Neck-Matrix-animation-output-transform"/>
        <input semantic="INTERPOLATION" source="#mixamorig_Neck-Interpolations"/>
      </sampler>
      <channel source="#mixamorig_Neck-Matrix-animation-transform" target="mixamorig_Neck/matrix"/>
    </animation>
    <animation id="mixamorig_Head-anim" name="mixamorig_Head">
      <source id="mixamorig_Head-Matrix-animation-input">
        <float_array id="mixamorig_Head-Matrix-animation-input-array" count="37">

0.000000 0.033333 0.066667 0.100000 0.133333 0.166667 0.200000 0.233333 0.266667 0.300000 0.333333 0.366667 0.400000 0.433333 0.466667 0.500000
0.533333 0.566667 0.600000 0.633333 0.666667 0.700000 0.733333 0.766667 0.800000 0.833333 0.866667 0.900000 0.933333 0.966667 1.000000 1.033333
1.066667 1.100000 1.133333 1.166667 1.200000</float_array>
        <technique_common>
          <accessor source="#mixamorig_Head-Matrix-animation-input-array" count="37">
