<?xml version="1.0" encoding="utf-8"?>
<COLLADA xmlns="http://www.collada.org/2005/11/COLLADASchema" version="1.4.1">
  <asset>
    <contributor>
      <author>Mixamo</author>
      <authoring_tool>COLLADA Mixamo exporter</authoring_tool>
      <comments/>
    </contributor>
    <created>2025-11-14T05:17:39Z</created>
    <modified>2025-11-14T05:17:39Z</modified>
    <revision/>
    <title/>
    <unit meter="0.010000"/>
    <up_axis>Y_UP</up_axis>
  </asset>
  <library_animations>
    <animation id="mixamorig_Hips-anim" name="mixamorig_Hips">
      <source id="mixamorig_Hips-Matrix-animation-input">
        <float_array id="mixamorig_Hips-Matrix-animation-input-array" count="41">

0.000000 0.033333 0.066667 0.100000 0.133333 0.166667 0.200000 0.233333 0.266667 0.300000 0.333333 0.366667 0.400000 0.433333 0.466667 0.500000
0.533333 0.566667 0.600000 0.633333 0.666667 0.700000 0.733333 0.766667 0.800000 0.833333 0.866667 0.900000 0.933333 0.966667 1.000000 1.033333
1.066667 1.100000 1.133333 1.166667 1.200000 1.233333 1.266667 1.300000 1.333333</float_array>
        <technique_common>
          <accessor source="#mixamorig_Hips-Matrix-animation-input-array" count="41">
            <param name="TIME" type="float"/>
          </accessor>
        </technique_common>
      </source>
      <source id="mixamorig_Hips-Matrix-animation-output-transform">
        <float_array id="mixamorig_Hips-Matrix-animation-output-transform-array" count="656">

0.522569 -0.060166 -0.850471 0.204837 0.069742 0.997181 -0.027692 100.640312 0.849740 -0.044842 0.525292 -0.652125 0.000000 0.000000 0.000000 1.000000
0.490214 -0.093081 -0.866618 -1.067782 0.089266 0.994415 -0.056313 100.937416 0.867019 -0.049755 0.495785 -0.405766 0.000000 0.000000 0.000000 1.000000
0.474378 -0.103963 -0.874161 -3.666750 0.097122 0.993121 -0.065406 101.728691 0.874947 -0.053873 0.481212 0.125675 0.000000 0.000000 0.000000 1.000000
0.511765 -0.108649 -0.852228 -7.637212 0.097619 0.992901 -0.067963 102.498032 0.853562 -0.048412 0.518738 0.587828 0.000000 0.000000 0.000000 1.000000
0.582335 -0.107097 -0.805863 -12.560898 0.092545 0.993574 -0.065168 102.980530 0.807664 -0.036629 0.588504 0.905881 0.000000 0.000000 0.000000 1.000000
0.614206 -0.127518 -0.778775 -18.387056 0.103114 0.991366 -0.081004 102.494400 0.782380 -0.030549 0.622051 0.989462 0.000000 0.000000 0.000000 1.000000
0.615765 -0.158814 -0.771759 -24.689257 0.120377 0.986940 -0.107049 101.156418 0.778681 -0.026985 0.626840 0.883476 0.000000 0.000000 0.000000 1.000000
0.624754 -0.176025 -0.760722 -30.846012 0.128426 0.984155 -0.122254 99.660355 0.770188 -0.021318 0.637461 0.690176 0.000000 0.000000 0.000000 1.000000
0.635403 -0.181884 -0.750454 -36.512913 0.129568 0.983197 -0.128589 98.254776 0.761232 -0.015529 0.648293 0.469390 0.000000 0.000000 0.000000 1.000000
0.635485 -0.175096 -0.751997 -41.390923 0.125029 0.984429 -0.123559 96.999481 0.761923 -0.015501 0.647483 -0.038142 0.000000 0.000000 0.000000 1.000000
0.624410 -0.169683 -0.762443 -46.573402 0.127888 0.985155 -0.114513 95.837242 0.770556 -0.026004 0.636842 -1.186252 0.000000 0.000000 0.000000 1.000000
0.609621 -0.176209 -0.772860 -52.424507 0.137128 0.983723 -0.116121 95.232964 0.780742 -0.035191 0.623862 -2.676705 0.000000 0.000000 0.000000 1.000000
0.594681 -0.188536 -0.781542 -58.796700 0.144048 0.981370 -0.127135 95.687874 0.790951 -0.036975 0.610761 -3.713720 0.000000 0.000000 0.000000 1.000000
0.577829 -0.204625 -0.790090 -65.390022 0.148536 0.978259 -0.144728 96.964279 0.802527 -0.033728 0.595661 -4.341634 0.000000 0.000000 0.000000 1.000000
0.556775 -0.226206 -0.799270 -72.142426 0.150916 0.973740 -0.170455 98.679329 0.816839 -0.025718 0.576292 -4.834947 0.000000 0.000000 0.000000 1.000000
0.533177 -0.256535 -0.806171 -78.709831 0.147092 0.966513 -0.210276 100.418648 0.833118 -0.006467 0.553057 -5.724636 0.000000 0.000000 0.000000 1.000000
0.531258 -0.295061 -0.794169 -85.056175 0.153197 0.955397 -0.252481 101.776176 0.833244 0.012468 0.552764 -6.800521 0.000000 0.000000 0.000000 1.000000
0.561318 -0.311003 -0.766941 -90.946114 0.159468 0.949984 -0.268516 102.489616 0.812091 0.028420 0.582838 -8.001703 0.000000 0.000000 0.000000 1.000000
0.608767 -0.290180 -0.738375 -96.022095 0.146560 0.955822 -0.254802 102.301384 0.779694 0.046898 0.624402 -8.541538 0.000000 0.000000 0.000000 1.000000
0.633464 -0.229808 -0.738858 -100.198723 0.100986 0.971265 -0.215513 101.224396 0.767154 0.061906 0.638469 -8.642912 0.000000 0.000000 0.000000 1.000000
0.620177 -0.162363 -0.767476 -104.070816 0.039945 0.983613 -0.175809 99.634529 0.783444 0.078376 0.616500 -8.221159 0.000000 0.000000 0.000000 1.000000
0.582728 -0.105621 -0.805775 -107.712982 -0.005595 0.990973 -0.133943 98.003418 0.812648 0.082561 0.576877 -7.786924 0.000000 0.000000 0.000000 1.000000
0.553946 -0.074111 -0.829247 -111.322250 -0.020300 0.994532 -0.102444 96.564911 0.832305 0.073582 0.549413 -7.504870 0.000000 0.000000 0.000000 1.000000
0.535982 -0.047965 -0.842866 -114.675896 -0.024781 0.997061 -0.072498 95.740952 0.843865 0.059745 0.533218 -7.363045 0.000000 0.000000 0.000000 1.000000
0.524346 -0.024550 -0.851151 -117.784424 -0.024773 0.998721 -0.044068 95.328583 0.851145 0.044192 0.523067 -7.246100 0.000000 0.000000 0.000000 1.000000
0.517914 -0.004288 -0.855422 -120.649719 -0.021717 0.999599 -0.018159 95.205826 0.855157 0.027982 0.517613 -7.127335 0.000000 0.000000 0.000000 1.000000
0.515279 0.012457 -0.856932 -123.260208 -0.017022 0.999846 0.004299 94.761345 0.856854 0.012372 0.515411 -6.940759 0.000000 0.000000 0.000000 1.000000
0.515103 0.024732 -0.856772 -125.484474 -0.010737 0.999691 0.022402 93.791519 0.857061 -0.002340 0.515209 -6.705459 0.000000 0.000000 0.000000 1.000000
0.518925 0.030764 -0.854266 -127.418510 -0.001665 0.999387 0.034979 92.569740 0.854818 -0.016729 0.518658 -6.464015 0.000000 0.000000 0.000000 1.000000
0.529163 0.022638 -0.848218 -128.956177 0.010094 0.999405 0.032970 93.053879 0.848460 -0.026008 0.528620 -6.178695 0.000000 0.000000 0.000000 1.000000
0.540173 0.012867 -0.841456 -130.481369 0.023036 0.999282 0.030068 93.693253 0.841239 -0.035626 0.539489 -5.896629 0.000000 0.000000 0.000000 1.000000
0.550869 0.002007 -0.834589 -131.964813 0.036386 0.998989 0.026419 94.448837 0.833798 -0.044921 0.550239 -5.607045 0.000000 0.000000 0.000000 1.000000
0.560283 -0.009312 -0.828249 -133.377243 0.049212 0.998545 0.022064 95.281631 0.826838 -0.053122 0.559926 -5.299169 0.000000 0.000000 0.000000 1.000000
0.567561 -0.020396 -0.823079 -134.689407 0.060448 0.998027 0.016951 96.152611 0.821109 -0.059375 0.567674 -4.962224 0.000000 0.000000 0.000000 1.000000
0.568396 -0.031610 -0.822148 -135.582565 0.064178 0.997920 0.006001 97.361465 0.820248 -0.056175 0.569243 -4.502417 0.000000 0.000000 0.000000 1.000000
0.565323 -0.041991 -0.823800 -136.184433 0.063448 0.997958 -0.007327 98.709206 0.822426 -0.048127 0.566833 -3.978531 0.000000 0.000000 0.000000 1.000000
0.561849 -0.047462 -0.825877 -136.698532 0.063987 0.997855 -0.013815 99.617126 0.824761 -0.045083 0.563681 -3.512545 0.000000 0.000000 0.000000 1.000000
0.558391 -0.050325 -0.828050 -136.970581 0.064541 0.997768 -0.017117 99.966438 0.827063 -0.043885 0.560393 -3.104523 0.000000 0.000000 0.000000 1.000000
0.554927 -0.052824 -0.830220 -137.208527 0.065087 0.997680 -0.019974 100.237053 0.829349 -0.042952 0.557078 -2.704664 0.000000 0.000000 0.000000 1.000000
0.551455 -0.055180 -0.832378 -137.432846 0.065622 0.997587 -0.022657 100.476212 0.831619 -0.042128 0.553746 -2.308072 0.000000 0.000000 0.000000 1.000000
0.547973 -0.057616 -0.834509 -137.663971 0.066143 0.997486 -0.025436 100.731102 0.833877 -0.041259 0.550406 -1.909846 0.000000 0.000000 0.000000 1.000000</float_array>
        <technique_common>
          <accessor source="#mixamorig_Hips-Matrix-animation-output-transform-array" count="41" stride="16">
            <param type="float4x4"/>
          </accessor>
        </technique_common>
      </source>
      <source id="mixamorig_Hips-Interpolations">
        <Name_array id="mixamorig_Hips-Interpolations-array" count="41">
 LINEAR LINEAR LINEAR LINEAR LINEAR LINEAR LINEAR LINEAR LINEAR LINEAR LINEAR
LINEAR LINEAR LINEAR LINEAR LINEAR LINEAR LINEAR LINEAR LINEAR LINEAR LINEAR LINEAR
LINEAR LINEAR LINEAR LINEAR LINEAR LINEAR LINEAR LINEAR LINEAR LINEAR LINEAR LINEAR
LINEAR LINEAR LINEAR LINEAR LINEAR LINEAR</Name_array>
        <technique_common>
          <accessor source="#mixamorig_Hips-Interpolations-array" count="41">
            <param type="name"/>
          </accessor>
        </technique_common>
      </source>
      <sampler id="mixamorig_Hips-Matrix-animation-transform">
        <input semantic="INPUT" source="#mixamorig_Hips-Matrix-animation-input"/>
        <input semantic="OUTPUT" source="#mixamorig_Hips-Matrix-animation-output-transform"/>
        <input semantic="INTERPOLATION" source="#mixamorig_Hips-Interpolations"/>
      </sampler>
      <channel source="#mixamorig_Hips-Matrix-animation-transform" target="mixamorig_Hips/matrix"/>
    </animation>
    <animation id="mixamorig_Spine-anim" name="mixamorig_Spine">
      <source id="mixamorig_Spine-Matrix-animation-input">
        <float_array id="mixamorig_Spine-Matrix-animation-input-array" count="41">

0.000000 0.033333 0.066667 0.100000 0.133333 0.166667 0.200000 0.233333 0.266667 0.300000 0.333333 0.366667 0.400000 0.433333 0.466667 0.500000
0.533333 0.566667 0.600000 0.633333 0.666667 0.700000 0.733333 0.766667 0.800000 0.833333 0.866667 0.900000 0.933333 0.966667 1.000000 1.033333
1.066667 1.100000 1.133333 1.166667 1.200000 1.233333 1.266667 1.300000 1.333333</float_array>
        <technique_common>
          <accessor source="#mixamorig_Spine-Matrix-animation-input-array" count="41">
            <param name="TIME" type="float"/>
          </accessor>
        </technique_common>
      </source>
      <source id="mixamorig_Spine-Matrix-animation-output-transform">
        <float_array id="mixamorig_Spine-Matrix-animation-output-transform-array" count="656">

0.998816 0.048625 0.001208 0.000000 -0.047275 0.976313 -0.211137 8.536500 -0.011446 0.210830 0.977456 0.187100 0.000000 0.000000 0.000000 1.000000
0.998269 0.058815 -0.000168 0.000000 -0.057770 0.979990 -0.190476 8.536500 -0.011038 0.190156 0.981692 0.187100 0.000000 0.000000 0.000000 1.000000
0.997757 0.066915 -0.001819 0.000000 -0.066216 0.982625 -0.173390 8.536500 -0.009815 0.173122 0.984852 0.187100 0.000000 0.000000 0.000000 1.000000
0.997571 0.069568 -0.003484 0.000000 -0.069203 0.984177 -0.163115 8.536500 -0.007919 0.162960 0.986601 0.187100 0.000000 0.000000 0.000000 1.000000
0.997685 0.067715 -0.006317 -0.000000 -0.067869 0.985349 -0.156464 8.536500 -0.004370 0.156531 0.987663 0.187100 0.000000 0.000000 0.000000 1.000000
0.998036 0.062110 -0.008168 0.000000 -0.062622 0.985581 -0.157192 8.536500 -0.001713 0.157394 0.987534 0.187100 0.000000 0.000000 0.000000 1.000000
0.998561 0.053299 -0.005876 -0.000000 -0.053544 0.985212 -0.162759 8.536500 -0.002886 0.162840 0.986648 0.187100 0.000000 0.000000 0.000000 1.000000
0.999253 0.038638 -0.000121 -0.000000 -0.038109 0.985054 -0.167977 8.536500 -0.006372 0.167857 0.985791 0.187100 0.000000 0.000000 0.000000 1.000000
0.999751 0.020954 0.007615 0.000000 -0.019355 0.985250 -0.170022 8.536500 -0.011066 0.169833 0.985411 0.187100 0.000000 0.000000 0.000000 1.000000
0.999864 -0.000139 0.016463 0.000000 0.003084 0.983842 -0.179012 8.536500 -0.016172 0.179039 0.983709 0.187100 0.000000 0.000000 0.000000 1.000000
0.999504 -0.019262 0.024911 0.000000 0.023837 0.979733 -0.198883 8.536500 -0.020575 0.199378 0.979707 0.187100 0.000000 0.000000 0.000000 1.000000
0.998806 -0.035781 0.033268 0.000000 0.042419 0.972944 -0.227115 8.536500 -0.024241 0.228255 0.973300 0.187100 0.000000 0.000000 0.000000 1.000000
0.998059 -0.046690 0.041202 0.000000 0.055635 0.965803 -0.253238 8.536500 -0.027969 0.255039 0.966526 0.187100 0.000000 0.000000 0.000000 1.000000
0.997582 -0.049842 0.048435 0.000000 0.061113 0.960964 -0.269838 8.536500 -0.033095 0.272146 0.961687 0.187100 0.000000 0.000000 0.000000 1.000000
0.997581 -0.043122 0.054524 0.000000 0.056637 0.958962 -0.277822 8.536500 -0.040306 0.280238 0.959084 0.187100 0.000000 0.000000 0.000000 1.000000
0.997867 -0.027007 0.059434 0.000000 0.042771 0.958268 -0.282653 8.536500 -0.049320 0.284593 0.957379 0.187100 0.000000 0.000000 0.000000 1.000000
0.998041 -0.005707 0.062301 0.000000 0.023444 0.957384 -0.287864 8.536500 -0.058003 0.288761 0.955643 0.187100 0.000000 0.000000 0.000000 1.000000
0.997994 0.014309 0.061675 0.000000 0.004273 0.956682 -0.291105 8.536500 -0.063169 0.290785 0.954701 0.187100 0.000000 0.000000 0.000000 1.000000
0.997878 0.029291 0.058153 0.000000 -0.010939 0.955825 -0.293731 8.536500 -0.064188 0.292472 0.954117 0.187100 0.000000 0.000000 0.000000 1.000000
0.997819 0.036704 0.054869 0.000000 -0.018869 0.955079 -0.295750 8.536500 -0.063259 0.294069 0.953688 0.187100 0.000000 0.000000 0.000000 1.000000
0.997733 0.044107 0.050833 0.000000 -0.027095 0.954644 -0.296514 8.536500 -0.061606 0.294465 0.953675 0.187100 0.000000 0.000000 0.000000 1.000000
0.997145 0.063132 0.041429 0.000000 -0.048090 0.953920 -0.296182 8.536500 -0.058218 0.293344 0.954233 0.187100 0.000000 0.000000 0.000000 1.000000
0.996699 0.074314 0.032683 0.000000 -0.061419 0.953510 -0.295038 8.536500 -0.053089 0.292056 0.954927 0.187100 0.000000 0.000000 0.000000 1.000000
0.996421 0.080817 0.024769 0.000000 -0.070037 0.953427 -0.293380 8.536500 -0.047325 0.290596 0.955675 0.187100 0.000000 0.000000 0.000000 1.000000
0.996323 0.083775 0.017932 -0.000000 -0.074948 0.953695 -0.291287 8.536500 -0.041504 0.288872 0.956468 0.187100 0.000000 0.000000 0.000000 1.000000
0.996421 0.083648 0.012190 0.000000 -0.076581 0.954324 -0.288794 8.536500 -0.035790 0.286827 0.957314 0.187100 0.000000 0.000000 0.000000 1.000000
0.996698 0.080842 0.007643 0.000000 -0.075291 0.955292 -0.285916 8.536500 -0.030415 0.284397 0.958224 0.187100 0.000000 0.000000 0.000000 1.000000
0.997032 0.076891 0.003852 0.000000 -0.072671 0.956467 -0.282649 8.536500 -0.025418 0.281530 0.959216 0.187100 0.000000 0.000000 0.000000 1.000000
0.997321 0.073139 0.001433 -0.000000 -0.069836 0.957741 -0.279025 8.536500 -0.021780 0.278177 0.960283 0.187100 0.000000 0.000000 0.000000 1.000000
0.997632 0.068784 0.000050 0.000000 -0.066147 0.959589 -0.273521 8.536500 -0.018861 0.272870 0.961866 0.187100 0.000000 0.000000 0.000000 1.000000
0.997929 0.064316 -0.001324 0.000000 -0.062320 0.961436 -0.267874 8.536500 -0.015955 0.267402 0.963453 0.187100 0.000000 0.000000 0.000000 1.000000
0.998203 0.059867 -0.002657 0.000000 -0.058470 0.963271 -0.262087 8.536500 -0.013131 0.261771 0.965041 0.187100 0.000000 0.000000 0.000000 1.000000
0.998447 0.055568 -0.003911 0.000000 -0.054715 0.965085 -0.256159 8.536500 -0.010459 0.255975 0.966627 0.187100 0.000000 0.000000 0.000000 1.000000
0.998658 0.051549 -0.005049 0.000000 -0.051173 0.966870 -0.250087 8.536500 -0.008010 0.250009 0.968210 0.187100 0.000000 0.000000 0.000000 1.000000
0.998808 0.048503 -0.005492 0.000000 -0.048381 0.968763 -0.243222 8.536500 -0.006476 0.243197 0.969955 0.187100 0.000000 0.000000 0.000000 1.000000
0.998922 0.046089 -0.005456 0.000000 -0.046075 0.970675 -0.235940 8.536500 -0.005578 0.235937 0.971752 0.187100 0.000000 0.000000 0.000000 1.000000
0.999024 0.043842 -0.005318 0.000000 -0.043893 0.972394 -0.229182 8.536500 -0.004877 0.229191 0.973369 0.187100 0.000000 0.000000 0.000000 1.000000
0.999052 0.043338 -0.004197 0.000000 -0.043173 0.973489 -0.224622 8.536500 -0.005649 0.224591 0.974437 0.187100 0.000000 0.000000 0.000000 1.000000
0.999068 0.043070 -0.002938 0.000000 -0.042659 0.974483 -0.220369 8.536500 -0.006628 0.220289 0.975412 0.187100 0.000000 0.000000 0.000000 1.000000
0.999078 0.042891 -0.001624 0.000000 -0.042227 0.975428 -0.216234 8.536500 -0.007690 0.216104 0.976340 0.187100 0.000000 0.000000 0.000000 1.000000
0.999090 0.042651 -0.000340 0.000000 -0.041754 0.976370 -0.212032 8.536500 -0.008711 0.211854 0.977263 0.187100 0.000000 0.000000 0.000000 1.000000</float_array>
        <technique_common>
          <accessor source="#mixamorig_Spine-Matrix-animation-output-transform-array" count="41" stride="16">
            <param type="float4x4"/>
          </accessor>
        </technique_common>
      </source>
      <source id="mixamorig_Spine-Interpolations">
        <Name_array id="mixamorig_Spine-Interpolations-array" count="41">
 LINEAR LINEAR LINEAR LINEAR LINEAR LINEAR LINEAR LINEAR LINEAR LINEAR LINEAR
LINEAR LINEAR LINEAR LINEAR LINEAR LINEAR LINEAR LINEAR LINEAR LINEAR LINEAR LINEAR
LINEAR LINEAR LINEAR LINEAR LINEAR LINEAR LINEAR LINEAR LINEAR LINEAR LINEAR LINEAR
LINEAR LINEAR LINEAR LINEAR LINEAR LINEAR</Name_array>
        <technique_common>
          <accessor source="#mixamorig_Spine-Interpolations-array" count="41">
            <param type="name"/>
          </accessor>
        </technique_common>
      </source>
      <sampler id="mixamorig_Spine-Matrix-animation-transform">
        <input semantic="INPUT" source="#mixamorig_Spine-Matrix-animation-input"/>
        <input semantic="OUTPUT" source="#mixamorig_Spine-Matrix-animation-output-transform"/>
        <input semantic="INTERPOLATION" source="#mixamorig_Spine-Interpolations"/>
      </sampler>
      <channel source="#mixamorig_Spine-Matrix-animation-transform" target="mixamorig_Spine/matrix"/>
    </animation>
    <animation id="mixamorig_Spine1-anim" name="mixamorig_Spine1">
      <source id="mixamorig_Spine1-Matrix-animation-input">
        <float_array id="mixamorig_Spine1-Matrix-animation-input-array" count="41">

0.000000 0.033333 0.066667 0.100000 0.133333 0.166667 0.200000 0.233333 0.266667 0.300000 0.333333 0.366667 0.400000 0.433333 0.466667 0.500000
0.533333 0.566667 0.600000 0.633333 0.666667 0.700000 0.733333 0.766667 0.800000 0.833333 0.866667 0.900000 0.933333 0.966667 1.000000 1.033333
1.066667 1.100000 1.133333 1.166667 1.200000 1.233333 1.266667 1.300000 1.333333</float_array>
        <technique_common>
          <accessor source="#mixamorig_Spine1-Matrix-animation-input-array" count="41">
            <param name="TIME" type="float"/>
          </accessor>
        </technique_common>
      </source>
      <source id="mixamorig_Spine1-Matrix-animation-output-transform">
        <float_array id="mixamorig_Spine1-Matrix-animation-output-transform-array" count="656">

0.995240 0.097444 -0.001099 -0.000000 -0.096568 0.984646 -0.145419 9.685800 -0.013088 0.144833 0.989370 0.000000 0.000000 0.000000 0.000000 1.000000
0.992241 0.120951 0.028779 0.000000 -0.117791 0.988610 -0.093677 9.685800 -0.039782 0.089561 0.995187 -0.000000 0.000000 0.000000 0.000000 1.000000
0.986294 0.163216 0.024161 0.000000 -0.162867 0.986522 -0.015785 9.685800 -0.026412 0.011633 0.999583 -0.000000 0.000000 0.000000 0.000000 1.000000
0.978991 0.203143 0.017581 0.000000 -0.203626 0.978511 0.032437 9.685800 -0.010614 -0.035336 0.999319 -0.000000 0.000000 0.000000 0.000000 1.000000
0.974009 0.226468 -0.004251 0.000000 -0.225996 0.972895 0.048998 9.685800 0.015232 -0.046764 0.998790 0.000000 0.000000 0.000000 0.000000 1.000000
0.971870 0.234380 -0.023144 0.000000 -0.233089 0.971265 0.048096 9.685800 0.033752 -0.041349 0.998575 -0.000000 0.000000 0.000000 0.000000 1.000000
0.973230 0.228783 -0.021958 0.000000 -0.228120 0.973199 0.029064 9.685800 0.028019 -0.023277 0.999336 0.000000 0.000000 0.000000 0.000000 1.000000
0.977174 0.211992 -0.013833 0.000000 -0.211896 0.977259 0.008106 9.685800 0.015237 -0.004990 0.999871 -0.000000 0.000000 0.000000 0.000000 1.000000
0.982418 0.186689 -0.001404 -0.000000 -0.186693 0.982351 -0.011486 9.685800 -0.000765 0.011546 0.999933 0.000000 0.000000 0.000000 0.000000 1.000000
0.987477 0.157140 0.013981 0.000000 -0.156595 0.987077 -0.034004 9.685800 -0.019144 0.031389 0.999324 0.000000 0.000000 0.000000 0.000000 1.000000
0.990553 0.133683 0.030559 -0.000000 -0.131590 0.989332 -0.062505 9.685800 -0.038589 0.057893 0.997577 -0.000000 0.000000 0.000000 0.000000 1.000000
0.993090 0.107317 0.047489 0.000000 -0.101996 0.989435 -0.103032 9.685800 -0.058044 0.097477 0.993544 0.000000 0.000000 0.000000 0.000000 1.000000
0.994829 0.077885 0.065187 -0.000000 -0.066888 0.985402 -0.156555 9.685800 -0.076429 0.151385 0.985516 0.000000 0.000000 0.000000 0.000000 1.000000
0.995416 0.051057 0.080867 0.000000 -0.034082 0.979434 -0.198867 9.685800 -0.089357 0.195199 0.976684 -0.000000 0.000000 0.000000 0.000000 1.000000
0.994221 0.040242 0.099521 0.000000 -0.016157 0.972613 -0.231869 9.685800 -0.106126 0.228921 0.967643 -0.000000 0.000000 0.000000 0.000000 1.000000
0.992418 0.043904 0.114803 0.000000 -0.013329 0.966963 -0.254568 9.685800 -0.122187 0.251108 0.960216 -0.000000 0.000000 0.000000 0.000000 1.000000
0.991057 0.054082 0.121988 0.000000 -0.019385 0.962841 -0.269374 9.685800 -0.132023 0.264600 0.955278 -0.000000 0.000000 0.000000 0.000000 1.000000
0.990903 0.060320 0.120300 0.000000 -0.024737 0.960331 -0.277765 9.685800 -0.132282 0.272262 0.953087 -0.000000 0.000000 0.000000 0.000000 1.000000
0.991694 0.057955 0.114825 0.000000 -0.023446 0.959229 -0.281655 9.685800 -0.126467 0.276623 0.952620 0.000000 0.000000 0.000000 0.000000 1.000000
0.992858 0.050655 0.108011 0.000000 -0.018100 0.958860 -0.283302 9.685800 -0.117918 0.279323 0.952929 0.000000 0.000000 0.000000 0.000000 1.000000
0.993918 0.050246 0.097996 -0.000000 -0.020557 0.958856 -0.283146 9.685800 -0.108191 0.279409 0.954057 0.000000 0.000000 0.000000 0.000000 1.000000
0.994689 0.068180 0.077109 0.000000 -0.043911 0.958646 -0.281193 9.685800 -0.093092 0.276314 0.956548 0.000000 0.000000 0.000000 0.000000 1.000000
0.994761 0.083371 0.059153 -0.000000 -0.063829 0.958569 -0.277618 9.685800 -0.079847 0.272388 0.958869 -0.000000 0.000000 0.000000 0.000000 1.000000
0.994504 0.094320 0.045443 0.000000 -0.078475 0.958869 -0.272785 9.685800 -0.069303 0.267720 0.961001 -0.000000 0.000000 0.000000 0.000000 1.000000
0.994109 0.102878 0.034112 0.000000 -0.090128 0.959457 -0.267058 9.685800 -0.060204 0.262410 0.963077 0.000000 0.000000 0.000000 0.000000 1.000000
0.993714 0.109191 0.024676 0.000000 -0.099052 0.960345 -0.260628 9.685800 -0.052156 0.256545 0.965124 0.000000 0.000000 0.000000 0.000000 1.000000
0.993410 0.113404 0.016646 0.000000 -0.105515 0.961528 -0.253635 9.685800 -0.044769 0.250207 0.967157 0.000000 0.000000 0.000000 0.000000 1.000000
0.993243 0.115662 0.009535 -0.000000 -0.109775 0.962988 -0.246179 9.685800 -0.037656 0.243468 0.969178 0.000000 0.000000 0.000000 0.000000 1.000000
0.993192 0.116389 0.004905 0.000000 -0.111867 0.964662 -0.238565 9.685800 -0.032498 0.236392 0.971114 0.000000 0.000000 0.000000 0.000000 1.000000
0.993343 0.115183 0.001404 0.000000 -0.111775 0.966755 -0.229979 9.685800 -0.027847 0.228291 0.973195 -0.000000 0.000000 0.000000 0.000000 1.000000
0.993487 0.113927 -0.002110 0.000000 -0.111566 0.968805 -0.221291 9.685800 -0.023167 0.220085 0.975206 -0.000000 0.000000 0.000000 0.000000 1.000000
0.993630 0.112559 -0.005515 -0.000000 -0.111154 0.970814 -0.212522 9.685800 -0.018567 0.211782 0.977141 0.000000 0.000000 0.000000 0.000000 1.000000
0.993781 0.111014 -0.008690 -0.000000 -0.110449 0.972784 -0.203699 9.685800 -0.014160 0.203392 0.978995 0.000000 0.000000 0.000000 0.000000 1.000000
0.993951 0.109222 -0.011518 0.000000 -0.109366 0.974718 -0.194844 9.685800 -0.010054 0.194925 0.980767 0.000000 0.000000 0.000000 0.000000 1.000000
0.994277 0.106059 -0.012852 0.000000 -0.106596 0.976789 -0.185798 9.685800 -0.007152 0.186105 0.982504 0.000000 0.000000 0.000000 0.000000 1.000000
0.994691 0.102055 -0.013228 -0.000000 -0.102783 0.978886 -0.176686 9.685800 -0.005083 0.177107 0.984178 0.000000 0.000000 0.000000 0.000000 1.000000
0.995061 0.098352 -0.013464 0.000000 -0.099214 0.980803 -0.167876 9.685800 -0.003306 0.168383 0.985716 0.000000 0.000000 0.000000 0.000000 1.000000
0.995239 0.096792 -0.011426 0.000000 -0.097362 0.981948 -0.162167 9.685800 -0.004477 0.162508 0.986697 0.000000 0.000000 0.000000 0.000000 1.000000
0.995387 0.095512 -0.009076 0.000000 -0.095750 0.982964 -0.156885 9.685800 -0.006063 0.157030 0.987575 0.000000 0.000000 0.000000 0.000000 1.000000
0.995519 0.094327 -0.006606 0.000000 -0.094235 0.983914 -0.151766 9.685800 -0.007816 0.151709 0.988394 -0.000000 0.000000 0.000000 0.000000 1.000000
0.995652 0.093059 -0.004216 0.000000 -0.092671 0.984853 -0.146548 9.685800 -0.009485 0.146302 0.989195 0.000000 0.000000 0.000000 0.000000 1.000000</float_array>
        <technique_common>
          <accessor source="#mixamorig_Spine1-Matrix-animation-output-transform-array" count="41" stride="16">
            <param type="float4x4"/>
          </accessor>
        </technique_common>
      </source>
      <source id="mixamorig_Spine1-Interpolations">
        <Name_array id="mixamorig_Spine1-Interpolations-array" count="41">
 LINEAR LINEAR LINEAR LINEAR LINEAR LINEAR LINEAR LINEAR LINEAR LINEAR LINEAR
LINEAR LINEAR LINEAR LINEAR LINEAR LINEAR LINEAR LINEAR LINEAR LINEAR LINEAR LINEAR
LINEAR LINEAR LINEAR LINEAR LINEAR LINEAR LINEAR LINEAR LINEAR LINEAR LINEAR LINEAR
LINEAR LINEAR LINEAR LINEAR LINEAR LINEAR</Name_array>
        <technique_common>
          <accessor source="#mixamorig_Spine1-Interpolations-array" count="41">
            <param type="name"/>
          </accessor>
        </technique_common>
      </source>
      <sampler id="mixamorig_Spine1-Matrix-animation-transform">
        <input semantic="INPUT" source="#mixamorig_Spine1-Matrix-animation-input"/>
        <input semantic="OUTPUT" source="#mixamorig_Spine1-Matrix-animation-output-transform"/>
        <input semantic="INTERPOLATION" source="#mixamorig_Spine1-Interpolations"/>
      </sampler>
      <channel source="#mixamorig_Spine1-Matrix-animation-transform" target="mixamorig_Spine1/matrix"/>
    </animation>
    <animation id="mixamorig_Spine2-anim" name="mixamorig_Spine2">
      <source id="mixamorig_Spine2-Matrix-animation-input">
        <float_array id="mixamorig_Spine2-Matrix-animation-input-array" count="41">

0.000000 0.033333 0.066667 0.100000 0.133333 0.166667 0.200000 0.233333 0.266667 0.300000 0.333333 0.366667 0.400000 0.433333 0.466667 0.500000
0.533333 0.566667 0.600000 0.633333 0.666667 0.700000 0.733333 0.766667 0.800000 0.833333 0.866667 0.900000 0.933333 0.966667 1.000000 1.033333
1.066667 1.100000 1.133333 1.166667 1.200000 1.233333 1.266667 1.300000 1.333333</float_array>
        <technique_common>
          <accessor source="#mixamorig_Spine2-Matrix-animation-input-array" count="41">
            <param name="TIME" type="float"/>
          </accessor>
        </technique_common>
      </source>
      <source id="mixamorig_Spine2-Matrix-animation-output-transform">
        <float_array id="mixamorig_Spine2-Matrix-animation-output-transform-array" count="656">

0.995241 0.097442 0.000487 -0.000000 -0.096538 0.986672 -0.130994 15.875400 -0.013245 0.130324 0.991383 0.000000 0.000000 0.000000 0.000000 1.000000
0.993025 0.116687 0.016909 0.000000 -0.114635 0.989042 -0.093027 15.875400 -0.027579 0.090440 0.995520 0.000000 0.000000 0.000000 0.000000 1.000000
0.987053 0.159769 0.014179 0.000000 -0.159561 0.987078 -0.014739 15.875400 -0.016350 0.012286 0.999791 0.000000 0.000000 0.000000 0.000000 1.000000
0.979789 0.200025 0.001960 0.000000 -0.199933 0.978930 0.041512 15.875400 0.006384 -0.041065 0.999136 0.000000 0.000000 0.000000 0.000000 1.000000
0.974409 0.223745 -0.021558 0.000000 -0.221997 0.972951 0.063902 15.875400 0.035273 -0.057481 0.997723 0.000000 0.000000 0.000000 0.000000 1.000000
0.971996 0.231756 -0.038900 0.000000 -0.229072 0.971354 0.063228 15.875400 0.052439 -0.052546 0.997241 0.000000 0.000000 0.000000 0.000000 1.000000
0.973365 0.226204 -0.037321 0.000000 -0.224538 0.973468 0.044069 15.875400 0.046299 -0.034515 0.998331 -0.000000 0.000000 0.000000 0.000000 1.000000
0.977395 0.209531 -0.028219 0.000000 -0.208934 0.977667 0.022678 15.875400 0.032341 -0.016270 0.999344 0.000000 0.000000 0.000000 0.000000 1.000000
0.982747 0.184405 -0.014266 0.000000 -0.184390 0.982850 0.002374 15.875400 0.014459 0.000297 0.999895 0.000000 0.000000 0.000000 0.000000 1.000000
0.987901 0.155053 0.003028 0.000000 -0.154958 0.987699 -0.020933 15.875400 -0.006237 0.020210 0.999776 -0.000000 0.000000 0.000000 0.000000 1.000000
0.991038 0.131787 0.021809 0.000000 -0.130574 0.990182 -0.049909 15.875400 -0.028172 0.046614 0.998516 0.000000 0.000000 0.000000 0.000000 1.000000
0.993582 0.105554 0.040666 0.000000 -0.101526 0.990674 -0.090874 15.875400 -0.049879 0.086162 0.995032 -0.000000 0.000000 0.000000 0.000000 1.000000
0.995301 0.076136 0.059821 0.000000 -0.066813 0.987201 -0.144809 15.875400 -0.070081 0.140132 0.987650 0.000000 0.000000 0.000000 0.000000 1.000000
0.995834 0.049036 0.076882 0.000000 -0.033886 0.981730 -0.187240 15.875400 -0.084659 0.183854 0.979301 -0.000000 0.000000 0.000000 0.000000 1.000000
0.994590 0.037605 0.096838 0.000000 -0.015450 0.975360 -0.220078 15.875400 -0.102728 0.217391 0.970664 0.000000 0.000000 0.000000 0.000000 1.000000
0.992729 0.040604 0.113317 0.000000 -0.012177 0.970436 -0.241051 15.875400 -0.119755 0.237918 0.963874 0.000000 0.000000 0.000000 0.000000 1.000000
0.991287 0.050527 0.121645 -0.000000 -0.017768 0.966356 -0.256593 15.875400 -0.130517 0.252196 0.958834 0.000000 0.000000 0.000000 0.000000 1.000000
0.990997 0.057053 0.121121 0.000000 -0.023238 0.964226 -0.264061 15.875400 -0.131854 0.258869 0.956871 0.000000 0.000000 0.000000 0.000000 1.000000
0.991659 0.055217 0.116460 -0.000000 -0.022129 0.963108 -0.268205 15.875400 -0.126973 0.263390 0.956297 0.000000 0.000000 0.000000 0.000000 1.000000
0.992763 0.048370 0.109919 0.000000 -0.017218 0.963171 -0.268336 15.875400 -0.118850 0.264502 0.957034 0.000000 0.000000 0.000000 0.000000 1.000000
0.993802 0.048347 0.100104 0.000000 -0.019584 0.962534 -0.270451 15.875400 -0.109429 0.266814 0.957515 0.000000 0.000000 0.000000 0.000000 1.000000
0.994543 0.066752 0.080177 0.000000 -0.042838 0.962028 -0.269570 15.875400 -0.095127 0.264664 0.959637 0.000000 0.000000 0.000000 0.000000 1.000000
0.994631 0.082293 0.062741 0.000000 -0.062762 0.961780 -0.266532 15.875400 -0.082277 0.261163 0.961782 0.000000 0.000000 0.000000 0.000000 1.000000
0.994419 0.093303 0.049241 0.000000 -0.077299 0.962019 -0.261811 15.875400 -0.071799 0.256544 0.963862 0.000000 0.000000 0.000000 0.000000 1.000000
0.994083 0.101780 0.037937 -0.000000 -0.088797 0.962632 -0.255840 15.875400 -0.062559 0.250958 0.965974 0.000000 0.000000 0.000000 0.000000 1.000000
0.993745 0.108025 0.028300 0.000000 -0.097659 0.963591 -0.248906 15.875400 -0.054157 0.244586 0.968114 -0.000000 0.000000 0.000000 0.000000 1.000000
0.993473 0.112332 0.019801 0.000000 -0.104287 0.964847 -0.241235 15.875400 -0.046204 0.237596 0.970265 0.000000 0.000000 0.000000 0.000000 1.000000
0.993294 0.114997 0.011912 -0.000000 -0.109081 0.966335 -0.233018 15.875400 -0.038307 0.230156 0.972399 0.000000 0.000000 0.000000 0.000000 1.000000
0.993206 0.116183 0.006606 0.000000 -0.111740 0.968000 -0.224702 15.875400 -0.032502 0.222437 0.974405 0.000000 0.000000 0.000000 0.000000 1.000000
0.993355 0.115054 0.002933 0.000000 -0.111713 0.970009 -0.215876 15.875400 -0.027682 0.214114 0.976416 -0.000000 0.000000 0.000000 0.000000 1.000000
0.993499 0.113838 -0.000706 0.000000 -0.111518 0.971967 -0.206989 15.875400 -0.022877 0.205722 0.978343 0.000000 0.000000 0.000000 0.000000 1.000000
0.993644 0.112489 -0.004204 0.000000 -0.111089 0.973875 -0.198056 15.875400 -0.018185 0.197264 0.980182 -0.000000 0.000000 0.000000 0.000000 1.000000
0.993797 0.110958 -0.007456 -0.000000 -0.110360 0.975738 -0.189093 15.875400 -0.013706 0.188743 0.981931 0.000000 0.000000 0.000000 0.000000 1.000000
0.993967 0.109191 -0.010361 0.000000 -0.109266 0.977557 -0.180118 15.875400 -0.009539 0.180164 0.983590 0.000000 0.000000 0.000000 0.000000 1.000000
0.994291 0.106055 -0.011734 0.000000 -0.106495 0.979487 -0.171066 15.875400 -0.006649 0.171339 0.985190 0.000000 0.000000 0.000000 0.000000 1.000000
0.994704 0.102069 -0.012102 0.000000 -0.102678 0.981430 -0.162024 15.875400 -0.004660 0.162408 0.986713 -0.000000 0.000000 0.000000 0.000000 1.000000
0.995073 0.098384 -0.012277 0.000000 -0.099102 0.983202 -0.153273 15.875400 -0.003009 0.153735 0.988108 0.000000 0.000000 0.000000 0.000000 1.000000
0.995250 0.096820 -0.010194 -0.000000 -0.097262 0.984266 -0.147516 15.875400 -0.004248 0.147806 0.989007 0.000000 0.000000 0.000000 0.000000 1.000000
0.995396 0.095530 -0.007802 0.000000 -0.095667 0.985208 -0.142170 15.875400 -0.005895 0.142261 0.989812 -0.000000 0.000000 0.000000 0.000000 1.000000
0.995526 0.094336 -0.005291 -0.000000 -0.094169 0.986087 -0.136982 15.875400 -0.007705 0.136867 0.990559 0.000000 0.000000 0.000000 0.000000 1.000000
0.995657 0.093057 -0.002859 0.000000 -0.092622 0.986953 -0.131698 15.875400 -0.009434 0.131391 0.991286 -0.000000 0.000000 0.000000 0.000000 1.000000</float_array>
        <technique_common>
          <accessor source="#mixamorig_Spine2-Matrix-animation-output-transform-array" count="41" stride="16">
            <param type="float4x4"/>
          </accessor>
        </technique_common>
      </source>
      <source id="mixamorig_Spine2-Interpolations">
        <Name_array id="mixamorig_Spine2-Interpolations-array" count="41">
 LINEAR LINEAR LINEAR LINEAR LINEAR LINEAR LINEAR LINEAR LINEAR LINEAR LINEAR
LINEAR LINEAR LINEAR LINEAR LINEAR LINEAR LINEAR LINEAR LINEAR LINEAR LINEAR LINEAR
LINEAR LINEAR LINEAR LINEAR LINEAR LINEAR LINEAR LINEAR LINEAR LINEAR LINEAR LINEAR
LINEAR LINEAR LINEAR LINEAR LINEAR LINEAR</Name_array>
        <technique_common>
          <accessor source="#mixamorig_Spine2-Interpolations-array" count="41">
            <param type="name"/>
          </accessor>
        </technique_common>
      </source>
      <sampler id="mixamorig_Spine2-Matrix-animation-transform">
        <input semantic="INPUT" source="#mixamorig_Spine2-Matrix-animation-input"/>
        <input semantic="OUTPUT" source="#mixamorig_Spine2-Matrix-animation-output-transform"/>
        <input semantic="INTERPOLATION" source="#mixamorig_Spine2-Interpolations"/>
      </sampler>
      <channel source="#mixamorig_Spine2-Matrix-animation-transform" target="mixamorig_Spine2/matrix"/>
    </animation>
    <animation id="mixamorig_Neck-anim" name="mixamorig_Neck">
      <source id="mixamorig_Neck-Matrix-animation-input">
        <float_array id="mixamorig_Neck-Matrix-animation-input-array" count="41">

0.000000 0.033333 0.066667 0.100000 0.133333 0.166667 0.200000 0.233333 0.266667 0.300000 0.333333 0.366667 0.400000 0.433333 0.466667 0.500000
0.533333 0.566667 0.600000 0.633333 0.666667 0.700000 0.733333 0.766667 0.800000 0.833333 0.866667 0.900000 0.933333 0.966667 1.000000 1.033333
1.066667 1.100000 1.133333 1.166667 1.200000 1.233333 1.266667 1.300000 1.333333</float_array>
        <technique_common>
          <accessor source="#mixamorig_Neck-Matrix-animation-input-array" count="41">
            <param name="TIME" type="float"/>
          </accessor>
        </technique_common>
      </source>
      <source id="mixamorig_Neck-Matrix-animation-output-transform">
        <float_array id="mixamorig_Neck-Matrix-animation-output-transform-array" count="656">

0.885839 -0.189303 0.423619 0.000000 0.042157 0.942048 0.332819 26.173401 -0.462073 -0.276966 0.842483 -0.161200 0.000000 0.000000 0.000000 1.000000
0.912296 -0.053588 0.406011 -0.000000 -0.062954 0.961268 0.268330 26.173401 -0.404665 -0.270357 0.873587 -0.161200 0.000000 0.000000 0.000000 1.000000
0.913380 0.092963 0.396352 0.000000 -0.181376 0.964539 0.191746 26.173401 -0.364472 -0.247026 0.897852 -0.161200 0.000000 0.000000 0.000000 1.000000
0.913008 0.131358 0.386214 0.000000 -0.206408 0.965360 0.159612 26.173401 -0.351870 -0.225444 0.908495 -0.161200 0.000000 0.000000 0.000000 1.000000
0.915468 0.125625 0.382278 0.000000 -0.189919 0.972439 0.135248 26.173401 -0.354752 -0.196418 0.914096 -0.161200 0.000000 0.000000 0.000000 1.000000
0.920402 0.142013 0.364269 0.000000 -0.202694 0.970034 0.133973 26.173401 -0.334327 -0.197144 0.921607 -0.161200 0.000000 0.000000 0.000000 1.000000
0.926458 0.170133 0.335753 0.000000 -0.232427 0.960219 0.154781 26.173401 -0.296063 -0.221436 0.929146 -0.161200 0.000000 0.000000 0.000000 1.000000
0.932829 0.170689 0.317324 -0.000000 -0.235673 0.955207 0.178994 26.173401 -0.272558 -0.241756 0.931271 -0.161200 0.000000 0.000000 0.000000 1.000000
0.942187 0.134291 0.307001 0.000000 -0.203835 0.956869 0.207009 26.173401 -0.265961 -0.257618 0.928923 -0.161200 0.000000 0.000000 0.000000 1.000000
0.950469 0.076398 0.301284 0.000000 -0.151232 0.960517 0.233531 26.173401 -0.271547 -0.267528 0.924495 -0.161200 0.000000 0.000000 0.000000 1.000000
0.954175 0.000991 0.299246 -0.000000 -0.081251 0.963286 0.255888 26.173401 -0.288006 -0.268477 0.919224 -0.161200 0.000000 0.000000 0.000000 1.000000
0.949523 -0.077494 0.303976 0.000000 -0.007125 0.963429 0.267870 26.173401 -0.313617 -0.256514 0.914245 -0.161200 0.000000 0.000000 0.000000 1.000000
0.938547 -0.146817 0.312368 0.000000 0.061181 0.961455 0.268071 26.173401 -0.339685 -0.232486 0.911353 -0.161200 0.000000 0.000000 0.000000 1.000000
0.926760 -0.202957 0.316108 -0.000000 0.119883 0.957278 0.263148 26.173401 -0.356011 -0.205980 0.911498 -0.161200 0.000000 0.000000 0.000000 1.000000
0.917834 -0.246448 0.311198 0.000000 0.169139 0.952012 0.255080 26.173401 -0.359128 -0.181485 0.915473 -0.161200 0.000000 0.000000 0.000000 1.000000
0.920667 -0.262265 0.289120 0.000000 0.196426 0.951328 0.237470 26.173401 -0.337328 -0.161841 0.927371 -0.161200 0.000000 0.000000 0.000000 1.000000
0.932263 -0.261295 0.250219 0.000000 0.210779 0.954414 0.211344 26.173401 -0.294036 -0.144287 0.944841 -0.161200 0.000000 0.000000 0.000000 1.000000
0.946453 -0.245754 0.209358 -0.000000 0.207824 0.960043 0.187422 26.173401 -0.247053 -0.133877 0.959709 -0.161200 0.000000 0.000000 0.000000 1.000000
0.956422 -0.222732 0.188807 -0.000000 0.191124 0.966399 0.171884 26.173401 -0.220747 -0.128308 0.966855 -0.161200 0.000000 0.000000 0.000000 1.000000
0.959330 -0.202023 0.197162 0.000000 0.169279 0.970637 0.170905 26.173401 -0.225899 -0.130579 0.965359 -0.161200 0.000000 0.000000 0.000000 1.000000
0.955144 -0.184137 0.231933 0.000000 0.144988 0.973667 0.175931 26.173401 -0.258221 -0.134412 0.956690 -0.161200 0.000000 0.000000 0.000000 1.000000
0.945794 -0.166018 0.279128 0.000000 0.117067 0.975966 0.183809 26.173401 -0.302935 -0.141169 0.942498 -0.161200 0.000000 0.000000 0.000000 1.000000
0.933302 -0.146281 0.327948 0.000000 0.083723 0.976740 0.197408 26.173401 -0.349197 -0.156784 0.923840 -0.161200 0.000000 0.000000 0.000000 1.000000
0.920301 -0.124502 0.370872 0.000000 0.043338 0.974618 0.219639 26.173401 -0.388804 -0.186061 0.902337 -0.161200 0.000000 0.000000 0.000000 1.000000
0.908718 -0.101744 0.404821 -0.000000 0.001493 0.970624 0.240596 26.173401 -0.417408 -0.218029 0.882175 -0.161200 0.000000 0.000000 0.000000 1.000000
0.899577 -0.079756 0.429419 0.000000 -0.040196 0.963895 0.263231 26.173401 -0.434909 -0.254058 0.863892 -0.161200 0.000000 0.000000 0.000000 1.000000
0.893202 -0.060712 0.445537 0.000000 -0.078155 0.954800 0.286791 26.173401 -0.442811 -0.290984 0.848084 -0.161200 0.000000 0.000000 0.000000 1.000000
0.889513 -0.048400 0.454339 0.000000 -0.106549 0.944986 0.309271 26.173401 -0.444313 -0.323510 0.835420 -0.161200 0.000000 0.000000 0.000000 1.000000
0.887630 -0.042382 0.458603 0.000000 -0.126050 0.935381 0.330414 26.173401 -0.442972 -0.351093 0.824930 -0.161200 0.000000 0.000000 0.000000 1.000000
0.886665 -0.039212 0.460746 0.000000 -0.131832 0.933610 0.333156 26.173401 -0.443221 -0.356139 0.822630 -0.161200 0.000000 0.000000 0.000000 1.000000
0.885775 -0.036195 0.462702 -0.000000 -0.136566 0.932491 0.334380 26.173401 -0.443569 -0.359375 0.821034 -0.161200 0.000000 0.000000 0.000000 1.000000
