<?xml version="1.0" encoding="utf-8"?>
<COLLADA xmlns="http://www.collada.org/2005/11/COLLADASchema" version="1.4.1">
  <asset>
    <contributor>
      <author>Mixamo</author>
      <authoring_tool>COLLADA Mixamo exporter</authoring_tool>
      <comments/>
    </contributor>
    <created>2025-11-14T05:17:42Z</created>
    <modified>2025-11-14T05:17:42Z</modified>
    <revision/>
    <title/>
    <unit meter="0.010000"/>
    <up_axis>Y_UP</up_axis>
  </asset>
  <library_animations>
    <animation id="mixamorig_Hips-anim" name="mixamorig_Hips">
      <source id="mixamorig_Hips-Matrix-animation-input">
        <float_array id="mixamorig_Hips-Matrix-animation-input-array" count="49">

0.000000 0.033333 0.066667 0.100000 0.133333 0.166667 0.200000 0.233333 0.266667 0.300000 0.333333 0.366667 0.400000 0.433333 0.466667 0.500000
0.533333 0.566667 0.600000 0.633333 0.666667 0.700000 0.733333 0.766667 0.800000 0.833333 0.866667 0.900000 0.933333 0.966667 1.000000 1.033333
1.066667 1.100000 1.133333 1.166667 1.200000 1.233333 1.266667 1.300000 1.333333 1.366667 1.400000 1.433333 1.466667 1.500000 1.533333 1.566667
1.600000</float_array>
        <technique_common>
          <accessor source="#mixamorig_Hips-Matrix-animation-input-array" count="49">
            <param name="TIME" type="float"/>
          </accessor>
        </technique_common>
      </source>
      <source id="mixamorig_Hips-Matrix-animation-output-transform">
        <float_array id="mixamorig_Hips-Matrix-animation-output-transform-array" count="784">

0.522569 -0.060166 -0.850471 0.204863 0.069742 0.997181 -0.027692 100.640755 0.849740 -0.044842 0.525292 -0.652116 0.000000 0.000000 0.000000 1.000000
0.522711 -0.058626 -0.850492 0.158495 0.069633 0.997235 -0.025945 100.564331 0.849661 -0.045661 0.525348 -0.684468 0.000000 0.000000 0.000000 1.000000
0.523275 -0.056604 -0.850282 0.049736 0.069385 0.997309 -0.023691 100.407898 0.849334 -0.046600 0.525794 -0.779197 0.000000 0.000000 0.000000 1.000000
0.523391 -0.054503 -0.850348 -0.091985 0.068838 0.997395 -0.021557 100.190483 0.849308 -0.047254 0.525779 -1.026441 0.000000 0.000000 0.000000 1.000000
0.524166 -0.052896 -0.849972 -0.248117 0.068443 0.997457 -0.019866 99.966225 0.848861 -0.047761 0.526454 -1.324944 0.000000 0.000000 0.000000 1.000000
0.536778 -0.059417 -0.841629 -0.535941 0.071385 0.997139 -0.024868 99.815247 0.840698 -0.046731 0.539484 -1.986047 0.000000 0.000000 0.000000 1.000000
0.563346 -0.075922 -0.822726 -0.989127 0.078887 0.996162 -0.037910 99.752335 0.822447 -0.043546 0.567173 -3.088352 0.000000 0.000000 0.000000 1.000000
0.596388 -0.097327 -0.796774 -1.531978 0.089224 0.994509 -0.054695 99.733383 0.797722 -0.038472 0.601797 -4.430714 0.000000 0.000000 0.000000 1.000000
0.632477 -0.120710 -0.765116 -2.117728 0.101120 0.992196 -0.072946 99.750206 0.767951 -0.031232 0.639747 -5.904851 0.000000 0.000000 0.000000 1.000000
0.668552 -0.143233 -0.729742 -2.699608 0.112982 0.989449 -0.090699 99.794647 0.735033 -0.021811 0.677680 -7.402486 0.000000 0.000000 0.000000 1.000000
0.721112 -0.169378 -0.671795 -3.357718 0.124300 0.985551 -0.115059 100.092850 0.681577 -0.000534 0.731747 -9.352495 0.000000 0.000000 0.000000 1.000000
0.772117 -0.184244 -0.608185 -3.963789 0.133271 0.982713 -0.128510 100.429054 0.621348 0.018171 0.783324 -11.122384 0.000000 0.000000 0.000000 1.000000
0.806138 -0.182806 -0.562782 -4.373270 0.132818 0.982715 -0.128960 100.762764 0.576629 0.029212 0.816484 -12.847815 0.000000 0.000000 0.000000 1.000000
0.833451 -0.177896 -0.523175 -4.781223 0.129552 0.983281 -0.127963 101.093369 0.537192 0.038873 0.842564 -14.508558 0.000000 0.000000 0.000000 1.000000
0.849689 -0.173649 -0.497869 -5.378134 0.124677 0.983606 -0.130287 101.410927 0.512331 0.048631 0.857410 -15.890320 0.000000 0.000000 0.000000 1.000000
0.868247 -0.166901 -0.467217 -6.100404 0.120890 0.984504 -0.127034 101.696342 0.481179 0.053815 0.874969 -16.984537 0.000000 0.000000 0.000000 1.000000
0.891080 -0.152206 -0.427563 -6.869659 0.115047 0.987070 -0.111613 102.050751 0.439023 0.050267 0.897069 -17.972580 0.000000 0.000000 0.000000 1.000000
0.913726 -0.136601 -0.382682 -7.706904 0.103424 0.988965 -0.106074 102.317749 0.392949 0.057344 0.917771 -18.570465 0.000000 0.000000 0.000000 1.000000
0.935168 -0.122468 -0.332358 -8.209260 0.092176 0.990139 -0.105490 102.485207 0.342000 0.068016 0.937235 -18.934311 0.000000 0.000000 0.000000 1.000000
0.955382 -0.103828 -0.276524 -8.666943 0.077043 0.991371 -0.106055 102.516701 0.285149 0.080019 0.955137 -19.190323 0.000000 0.000000 0.000000 1.000000
0.972096 -0.092111 -0.215745 -8.716386 0.069512 0.991486 -0.110104 102.443977 0.224050 0.092035 0.970222 -19.391499 0.000000 0.000000 0.000000 1.000000
0.984590 -0.077329 -0.156856 -8.352228 0.059951 0.991825 -0.112650 102.268494 0.164284 0.101510 0.981176 -19.485926 0.000000 0.000000 0.000000 1.000000
0.993307 -0.059613 -0.098930 -7.601849 0.048844 0.992960 -0.107912 102.008072 0.104666 0.102358 0.989226 -19.659765 0.000000 0.000000 0.000000 1.000000
0.997837 -0.042804 -0.049889 -6.592506 0.037121 0.993266 -0.109744 101.674210 0.054251 0.107655 0.992707 -19.380116 0.000000 0.000000 0.000000 1.000000
0.999620 -0.026566 -0.007408 -5.491756 0.025606 0.993766 -0.108508 101.574486 0.010244 0.108277 0.994068 -18.734575 0.000000 0.000000 0.000000 1.000000
0.999146 -0.013579 0.039016 -4.248950 0.017592 0.994376 -0.104439 101.775665 -0.037378 0.105036 0.993766 -17.945341 0.000000 0.000000 0.000000 1.000000
0.996126 -0.002529 0.087896 -2.957901 0.010337 0.996023 -0.088494 102.135567 -0.087322 0.089060 0.992191 -17.127354 0.000000 0.000000 0.000000 1.000000
0.990700 0.013563 0.135386 -1.867088 -0.005004 0.997978 -0.063362 102.617958 -0.135971 0.062096 0.988765 -16.287582 0.000000 0.000000 0.000000 1.000000
0.981753 0.032471 0.187368 -0.959320 -0.023454 0.998467 -0.050143 103.185638 -0.188709 0.044834 0.981009 -15.146308 0.000000 0.000000 0.000000 1.000000
0.969989 0.048075 0.238347 -0.425648 -0.039007 0.998330 -0.042622 103.679092 -0.239998 0.032046 0.970244 -13.842384 0.000000 0.000000 0.000000 1.000000
0.955600 0.061024 0.288278 -0.003571 -0.052514 0.997928 -0.037170 104.121284 -0.289949 0.020381 0.956825 -12.490079 0.000000 0.000000 0.000000 1.000000
0.939685 0.067401 0.335335 0.234628 -0.060352 0.997683 -0.031411 104.381500 -0.336675 0.009278 0.941575 -11.058508 0.000000 0.000000 0.000000 1.000000
0.923327 0.074258 0.376767 0.476924 -0.068825 0.997239 -0.027882 104.484924 -0.377798 -0.000187 0.925888 -9.577694 0.000000 0.000000 0.000000 1.000000
0.910138 0.079796 0.406549 0.744775 -0.075658 0.996788 -0.026271 104.478104 -0.407339 -0.006849 0.913251 -8.062827 0.000000 0.000000 0.000000 1.000000
0.901382 0.081220 0.425340 1.019676 -0.076616 0.996669 -0.027952 104.453514 -0.426193 -0.007392 0.904602 -6.473408 0.000000 0.000000 0.000000 1.000000
0.897562 0.078347 0.433870 1.320520 -0.074549 0.996884 -0.025794 104.415398 -0.434539 -0.009192 0.900606 -4.990021 0.000000 0.000000 0.000000 1.000000
0.894767 0.072725 0.440571 1.722221 -0.070453 0.997283 -0.021536 104.353470 -0.440940 -0.011770 0.897459 -3.642494 0.000000 0.000000 0.000000 1.000000
0.888808 0.065414 0.453588 2.070243 -0.064796 0.997755 -0.016923 104.268478 -0.453677 -0.014349 0.891051 -2.444382 0.000000 0.000000 0.000000 1.000000
0.880394 0.056397 0.470877 2.260088 -0.057018 0.998289 -0.012958 104.091667 -0.470802 -0.015441 0.882104 -1.439946 0.000000 0.000000 0.000000 1.000000
0.878128 0.046790 0.476133 2.360680 -0.045583 0.998861 -0.014091 103.822006 -0.476250 -0.009330 0.879260 -0.697723 0.000000 0.000000 0.000000 1.000000
0.876576 0.037117 0.479829 2.451901 -0.033569 0.999309 -0.015975 103.540482 -0.480091 -0.002104 0.877216 0.019108 0.000000 0.000000 0.000000 1.000000
0.875248 0.027554 0.482888 2.529636 -0.021639 0.999607 -0.017816 103.250534 -0.483189 0.005144 0.875501 0.690669 0.000000 0.000000 0.000000 1.000000
0.873672 0.018287 0.486172 2.589771 -0.010475 0.999769 -0.018783 102.955620 -0.486403 0.011318 0.873662 1.297082 0.000000 0.000000 0.000000 1.000000
0.872472 0.010686 0.488547 2.509899 -0.003867 0.999881 -0.014965 102.610443 -0.488648 0.011167 0.872409 1.396121 0.000000 0.000000 0.000000 1.000000
0.871163 0.003385 0.490983 2.148863 0.004981 0.999864 -0.015731 102.336937 -0.490969 0.016150 0.871027 1.259672 0.000000 0.000000 0.000000 1.000000
0.869749 -0.003855 0.493479 1.758452 0.014037 0.999758 -0.016930 102.070923 -0.493294 0.021652 0.869593 1.098619 0.000000 0.000000 0.000000 1.000000
0.868229 -0.011042 0.496041 1.351254 0.023198 0.999562 -0.018353 101.809189 -0.495621 0.027441 0.868105 0.923508 0.000000 0.000000 0.000000 1.000000
0.866605 -0.018189 0.498664 0.939861 0.032362 0.999280 -0.019790 101.548515 -0.497945 0.033288 0.866570 0.744881 0.000000 0.000000 0.000000 1.000000
0.864882 -0.025310 0.501337 0.536860 0.041427 0.998920 -0.021036 101.285713 -0.500263 0.038963 0.864996 0.573284 0.000000 0.000000 0.000000 1.000000</float_array>
        <technique_common>
          <accessor source="#mixamorig_Hips-Matrix-animation-output-transform-array" count="49" stride="16">
            <param type="float4x4"/>
          </accessor>
        </technique_common>
      </source>
      <source id="mixamorig_Hips-Interpolations">
        <Name_array id="mixamorig_Hips-Interpolations-array" count="49">
 LINEAR LINEAR LINEAR LINEAR LINEAR LINEAR LINEAR LINEAR LINEAR LINEAR LINEAR
LINEAR LINEAR LINEAR LINEAR LINEAR LINEAR LINEAR LINEAR LINEAR LINEAR LINEAR LINEAR
LINEAR LINEAR LINEAR LINEAR LINEAR LINEAR LINEAR LINEAR LINEAR LINEAR LINEAR LINEAR
LINEAR LINEAR LINEAR LINEAR LINEAR LINEAR LINEAR LINEAR LINEAR LINEAR LINEAR LINEAR
LINEAR LINEAR</Name_array>
        <technique_common>
          <accessor source="#mixamorig_Hips-Interpolations-array" count="49">
            <param type="name"/>
          </accessor>
        </technique_common>
      </source>
      <sampler id="mixamorig_Hips-Matrix-animation-transform">
        <input semantic="INPUT" source="#mixamorig_Hips-Matrix-animation-input"/>
        <input semantic="OUTPUT" source="#mixamorig_Hips-Matrix-animation-output-transform"/>
        <input semantic="INTERPOLATION" source="#mixamorig_Hips-Interpolations"/>
      </sampler>
      <channel source="#mixamorig_Hips-Matrix-animation-transform" target="mixamorig_Hips/matrix"/>
    </animation>
    <animation id="mixamorig_Spine-anim" name="mixamorig_Spine">
      <source id="mixamorig_Spine-Matrix-animation-input">
        <float_array id="mixamorig_Spine-Matrix-animation-input-array" count="49">

0.000000 0.033333 0.066667 0.100000 0.133333 0.166667 0.200000 0.233333 0.266667 0.300000 0.333333 0.366667 0.400000 0.433333 0.466667 0.500000
0.533333 0.566667 0.600000 0.633333 0.666667 0.700000 0.733333 0.766667 0.800000 0.833333 0.866667 0.900000 0.933333 0.966667 1.000000 1.033333
1.066667 1.100000 1.133333 1.166667 1.200000 1.233333 1.266667 1.300000 1.333333 1.366667 1.400000 1.433333 1.466667 1.500000 1.533333 1.566667
1.600000</float_array>
        <technique_common>
          <accessor source="#mixamorig_Spine-Matrix-animation-input-array" count="49">
            <param name="TIME" type="float"/>
          </accessor>
        </technique_common>
      </source>
      <source id="mixamorig_Spine-Matrix-animation-output-transform">
        <float_array id="mixamorig_Spine-Matrix-animation-output-transform-array" count="784">

0.998816 0.048625 0.001208 0.000000 -0.047274 0.976313 -0.211137 8.536500 -0.011446 0.210830 0.977456 0.187100 0.000000 0.000000 0.000000 1.000000
0.998799 0.048976 0.001644 0.000000 -0.047455 0.975055 -0.216832 8.536500 -0.012222 0.216494 0.976208 0.187100 0.000000 0.000000 0.000000 1.000000
0.998758 0.049753 0.002553 0.000000 -0.047833 0.972019 -0.229983 8.536500 -0.013924 0.229575 0.973191 0.187100 0.000000 0.000000 0.000000 1.000000
0.998697 0.050914 0.003546 0.000000 -0.048399 0.966824 -0.250818 8.536500 -0.016199 0.250319 0.968028 0.187100 0.000000 0.000000 0.000000 1.000000
0.998629 0.052153 0.004392 0.000000 -0.048981 0.960851 -0.272701 8.536500 -0.018442 0.272112 0.962089 0.187100 0.000000 0.000000 0.000000 1.000000
0.998615 0.052497 0.003395 -0.000000 -0.049257 0.955740 -0.290061 8.536500 -0.018472 0.289493 0.957002 0.187100 0.000000 0.000000 0.000000 1.000000
0.998664 0.051666 0.000300 0.000000 -0.049166 0.952096 -0.301820 8.536500 -0.015880 0.301402 0.953365 0.187100 0.000000 0.000000 0.000000 1.000000
0.998733 0.050175 -0.003865 0.000000 -0.048889 0.949180 -0.310914 8.536500 -0.011932 0.310709 0.950430 0.187100 0.000000 0.000000 0.000000 1.000000
0.998801 0.048161 -0.008820 -0.000000 -0.048465 0.946890 -0.317884 8.536500 -0.006958 0.317930 0.948089 0.187100 0.000000 0.000000 0.000000 1.000000
0.998850 0.045773 -0.014297 -0.000000 -0.047937 0.945096 -0.323259 8.536500 -0.001285 0.323572 0.946203 0.187100 0.000000 0.000000 0.000000 1.000000
0.998860 0.040577 -0.025128 0.000000 -0.046422 0.948292 -0.313987 8.536500 0.011088 0.314796 0.949095 0.187100 0.000000 0.000000 0.000000 1.000000
0.998796 0.033655 -0.035691 -0.000000 -0.042991 0.950932 -0.306400 8.536500 0.023628 0.307565 0.951234 0.187100 0.000000 0.000000 0.000000 1.000000
0.998965 0.025147 -0.037907 0.000000 -0.035972 0.946773 -0.319886 8.536500 0.027845 0.320919 0.946697 0.187100 0.000000 0.000000 0.000000 1.000000
0.999081 0.020225 -0.037788 0.000000 -0.031693 0.942152 -0.333685 8.536500 0.028853 0.334576 0.941927 0.187100 0.000000 0.000000 0.000000 1.000000
0.998755 0.034924 -0.035610 0.000000 -0.044700 0.943477 -0.328411 8.536500 0.022128 0.329594 0.943864 0.187100 0.000000 0.000000 0.000000 1.000000
0.998034 0.050381 -0.037276 0.000000 -0.059823 0.943116 -0.327037 8.536500 0.018679 0.328624 0.944276 0.187100 0.000000 0.000000 0.000000 1.000000
0.997773 0.053417 -0.039953 -0.000000 -0.064069 0.934148 -0.351087 8.536500 0.018568 0.352865 0.935490 0.187100 0.000000 0.000000 0.000000 1.000000
0.997570 0.055677 -0.041883 0.000000 -0.066784 0.935422 -0.347169 8.536500 0.019849 0.349122 0.936867 0.187100 0.000000 0.000000 0.000000 1.000000
0.997936 0.048163 -0.042471 0.000000 -0.059546 0.941652 -0.331279 8.536500 0.024037 0.333125 0.942576 0.187100 0.000000 0.000000 0.000000 1.000000
0.997828 0.048843 -0.044189 0.000000 -0.060450 0.945519 -0.319905 8.536500 0.026156 0.321882 0.946419 0.187100 0.000000 0.000000 0.000000 1.000000
0.997364 0.056344 -0.045713 0.000000 -0.067619 0.950244 -0.304080 8.536500 0.026305 0.306369 0.951549 0.187100 0.000000 0.000000 0.000000 1.000000
0.997476 0.054708 -0.045254 0.000000 -0.065502 0.955006 -0.289263 8.536500 0.027393 0.291497 0.956179 0.187100 0.000000 0.000000 0.000000 1.000000
0.997710 0.051429 -0.043919 0.000000 -0.061679 0.958314 -0.278981 8.536500 0.027740 0.281052 0.959292 0.187100 0.000000 0.000000 0.000000 1.000000
0.997906 0.050571 -0.040320 0.000000 -0.059460 0.962614 -0.264269 8.536500 0.025448 0.266113 0.963606 0.187100 0.000000 0.000000 0.000000 1.000000
0.997713 0.057273 -0.035894 0.000000 -0.064437 0.966286 -0.249277 8.536500 0.020407 0.251020 0.967767 0.187100 0.000000 0.000000 0.000000 1.000000
0.996646 0.074276 -0.034340 -0.000000 -0.080360 0.967565 -0.239498 8.536500 0.015437 0.241455 0.970289 0.187100 0.000000 0.000000 0.000000 1.000000
0.995611 0.087649 -0.032817 0.000000 -0.092955 0.966882 -0.237696 8.536500 0.010896 0.239704 0.970785 0.187100 0.000000 0.000000 0.000000 1.000000
0.995698 0.087540 -0.030381 -0.000000 -0.092260 0.967067 -0.237211 8.536500 0.008615 0.238994 0.970983 0.187100 0.000000 0.000000 0.000000 1.000000
0.995690 0.087640 -0.030339 0.000000 -0.092312 0.968034 -0.233213 8.536500 0.008931 0.235008 0.971952 0.187100 0.000000 0.000000 0.000000 1.000000
0.995432 0.090105 -0.031571 0.000000 -0.094977 0.968281 -0.231108 8.536500 0.009746 0.233051 0.972416 0.187100 0.000000 0.000000 0.000000 1.000000
0.995100 0.093163 -0.033117 0.000000 -0.098306 0.968068 -0.230607 8.536500 0.010575 0.232733 0.972483 0.187100 0.000000 0.000000 0.000000 1.000000
0.994688 0.096789 -0.035025 0.000000 -0.102344 0.966287 -0.236253 8.536500 0.010977 0.238583 0.971060 0.187100 0.000000 0.000000 0.000000 1.000000
0.995074 0.093709 -0.032353 -0.000000 -0.098786 0.964714 -0.244068 8.536500 0.008340 0.246062 0.969218 0.187100 0.000000 0.000000 0.000000 1.000000
0.995612 0.088872 -0.029310 -0.000000 -0.093390 0.963595 -0.250526 8.536500 0.005978 0.252164 0.967666 0.187100 0.000000 0.000000 0.000000 1.000000
0.996021 0.086257 -0.022408 0.000000 -0.089119 0.964475 -0.248689 8.536500 0.000161 0.249697 0.968324 0.187100 0.000000 0.000000 0.000000 1.000000
0.995967 0.088269 -0.016070 0.000000 -0.089505 0.965133 -0.245981 8.536500 -0.006203 0.246427 0.969141 0.187100 0.000000 0.000000 0.000000 1.000000
0.995469 0.094466 -0.010838 0.000000 -0.094276 0.965715 -0.241881 8.536500 -0.012383 0.241806 0.970245 0.187100 0.000000 0.000000 0.000000 1.000000
0.995269 0.096859 -0.007579 0.000000 -0.095892 0.966803 -0.236846 8.536500 -0.015614 0.236453 0.971518 0.187100 0.000000 0.000000 0.000000 1.000000
0.995383 0.095720 -0.007088 -0.000000 -0.094714 0.967585 -0.234112 8.536500 -0.015551 0.233702 0.972184 0.187100 0.000000 0.000000 0.000000 1.000000
0.994863 0.101024 -0.006417 0.000000 -0.099741 0.967450 -0.232577 8.536500 -0.017288 0.232023 0.972557 0.187100 0.000000 0.000000 0.000000 1.000000
0.994196 0.107431 -0.005675 0.000000 -0.105828 0.967145 -0.231152 8.536500 -0.019345 0.230411 0.972901 0.187100 0.000000 0.000000 0.000000 1.000000
0.993507 0.113663 -0.004985 -0.000000 -0.111756 0.966751 -0.230009 8.536500 -0.021325 0.229072 0.973176 0.187100 0.000000 0.000000 0.000000 1.000000
0.992950 0.118446 -0.004482 0.000000 -0.116312 0.966379 -0.229310 8.536500 -0.022830 0.228214 0.973343 0.187100 0.000000 0.000000 0.000000 1.000000
0.993474 0.113934 -0.005372 0.000000 -0.112068 0.966267 -0.231882 8.536500 -0.021229 0.230971 0.972729 0.187100 0.000000 0.000000 0.000000 1.000000
0.994048 0.108771 -0.006112 0.000000 -0.107196 0.966576 -0.232896 8.536500 -0.019425 0.232165 0.972482 0.187100 0.000000 0.000000 0.000000 1.000000
0.994602 0.103535 -0.006828 0.000000 -0.102256 0.966903 -0.233758 8.536500 -0.017600 0.233195 0.972271 0.187100 0.000000 0.000000 0.000000 1.000000
0.995133 0.098257 -0.007529 0.000000 -0.097276 0.967227 -0.234539 8.536500 -0.015763 0.234130 0.972078 0.187100 0.000000 0.000000 0.000000 1.000000
0.995635 0.092965 -0.008219 0.000000 -0.092283 0.967530 -0.235309 8.536500 -0.013923 0.235040 0.971886 0.187100 0.000000 0.000000 0.000000 1.000000
0.996108 0.087688 -0.008904 0.000000 -0.087306 0.967790 -0.236138 8.536500 -0.012089 0.235996 0.971679 0.187100 0.000000 0.000000 0.000000 1.000000</float_array>
        <technique_common>
          <accessor source="#mixamorig_Spine-Matrix-animation-output-transform-array" count="49" stride="16">
            <param type="float4x4"/>
          </accessor>
        </technique_common>
      </source>
      <source id="mixamorig_Spine-Interpolations">
        <Name_array id="mixamorig_Spine-Interpolations-array" count="49">
 LINEAR LINEAR LINEAR LINEAR LINEAR LINEAR LINEAR LINEAR LINEAR LINEAR LINEAR
LINEAR LINEAR LINEAR LINEAR LINEAR LINEAR LINEAR LINEAR LINEAR LINEAR LINEAR LINEAR
LINEAR LINEAR LINEAR LINEAR LINEAR LINEAR LINEAR LINEAR LINEAR LINEAR LINEAR LINEAR
LINEAR LINEAR LINEAR LINEAR LINEAR LINEAR LINEAR LINEAR LINEAR LINEAR LINEAR LINEAR
LINEAR LINEAR</Name_array>
        <technique_common>
          <accessor source="#mixamorig_Spine-Interpolations-array" count="49">
            <param type="name"/>
          </accessor>
        </technique_common>
      </source>
      <sampler id="mixamorig_Spine-Matrix-animation-transform">
        <input semantic="INPUT" source="#mixamorig_Spine-Matrix-animation-input"/>
        <input semantic="OUTPUT" source="#mixamorig_Spine-Matrix-animation-output-transform"/>
        <input semantic="INTERPOLATION" source="#mixamorig_Spine-Interpolations"/>
      </sampler>
      <channel source="#mixamorig_Spine-Matrix-animation-transform" target="mixamorig_Spine/matrix"/>
    </animation>
    <animation id="mixamorig_Spine1-anim" name="mixamorig_Spine1">
      <source id="mixamorig_Spine1-Matrix-animation-input">
        <float_array id="mixamorig_Spine1-Matrix-animation-input-array" count="49">

0.000000 0.033333 0.066667 0.100000 0.133333 0.166667 0.200000 0.233333 0.266667 0.300000 0.333333 0.366667 0.400000 0.433333 0.466667 0.500000
0.533333 0.566667 0.600000 0.633333 0.666667 0.700000 0.733333 0.766667 0.800000 0.833333 0.866667 0.900000 0.933333 0.966667 1.000000 1.033333
1.066667 1.100000 1.133333 1.166667 1.200000 1.233333 1.266667 1.300000 1.333333 1.366667 1.400000 1.433333 1.466667 1.500000 1.533333 1.566667
1.600000</float_array>
        <technique_common>
          <accessor source="#mixamorig_Spine1-Matrix-animation-input-array" count="49">
            <param name="TIME" type="float"/>
          </accessor>
        </technique_common>
      </source>
      <source id="mixamorig_Spine1-Matrix-animation-output-transform">
        <float_array id="mixamorig_Spine1-Matrix-animation-output-transform-array" count="784">

0.995240 0.097445 -0.001099 0.000000 -0.096568 0.984646 -0.145419 9.685800 -0.013089 0.144833 0.989370 0.000000 0.000000 0.000000 0.000000 1.000000
0.995230 0.097553 0.000709 0.000000 -0.096447 0.984988 -0.143166 9.685800 -0.014664 0.142415 0.989698 0.000000 0.000000 0.000000 0.000000 1.000000
0.995198 0.097776 0.004611 0.000000 -0.096210 0.985764 -0.137888 9.685800 -0.018028 0.136783 0.990437 0.000000 0.000000 0.000000 0.000000 1.000000
0.995144 0.098006 0.009070 0.000000 -0.096021 0.986950 -0.129268 9.685800 -0.021620 0.127769 0.991568 -0.000000 0.000000 0.000000 0.000000 1.000000
0.995082 0.098143 0.013378 0.000000 -0.095843 0.988130 -0.120057 9.685800 -0.025002 0.118184 0.992677 0.000000 0.000000 0.000000 0.000000 1.000000
0.995111 0.097830 0.013551 0.000000 -0.095722 0.989132 -0.111598 9.685800 -0.024322 0.109755 0.993661 0.000000 0.000000 0.000000 0.000000 1.000000
0.995244 0.097050 0.008455 0.000000 -0.095648 0.989944 -0.104220 9.685800 -0.018484 0.102916 0.994518 0.000000 0.000000 0.000000 0.000000 1.000000
0.995371 0.096101 0.000549 -0.000000 -0.095592 0.990654 -0.097297 9.685800 -0.009894 0.096794 0.995255 0.000000 0.000000 0.000000 0.000000 1.000000
0.995423 0.095170 -0.008760 0.000000 -0.095572 0.991278 -0.090742 9.685800 0.000048 0.091164 0.995836 0.000000 0.000000 0.000000 0.000000 1.000000
0.995369 0.094413 -0.018062 0.000000 -0.095610 0.991829 -0.084467 9.685800 0.009940 0.085803 0.996263 0.000000 0.000000 0.000000 0.000000 1.000000
0.995108 0.093960 -0.030507 -0.000000 -0.096151 0.992082 -0.080803 9.685800 0.022673 0.083341 0.996263 0.000000 0.000000 0.000000 0.000000 1.000000
0.994582 0.093846 -0.044708 0.000000 -0.097388 0.991607 -0.085032 9.685800 0.036353 0.088925 0.995375 0.000000 0.000000 0.000000 0.000000 1.000000
0.994234 0.094705 -0.050305 0.000000 -0.098532 0.991913 -0.079995 9.685800 0.042322 0.084491 0.995525 -0.000000 0.000000 0.000000 0.000000 1.000000
0.994139 0.094401 -0.052692 -0.000000 -0.098176 0.992387 -0.074359 9.685800 0.045271 0.079096 0.995839 0.000000 0.000000 0.000000 0.000000 1.000000
0.995068 0.086988 -0.047680 0.000000 -0.090406 0.993079 -0.074971 9.685800 0.040829 0.078912 0.996045 0.000000 0.000000 0.000000 0.000000 1.000000
0.996026 0.077562 -0.043785 0.000000 -0.080560 0.994185 -0.071459 9.685800 0.037988 0.074702 0.996482 0.000000 0.000000 0.000000 0.000000 1.000000
0.996225 0.072770 -0.047336 -0.000000 -0.075477 0.995449 -0.058173 9.685800 0.042887 0.061526 0.997184 0.000000 0.000000 0.000000 0.000000 1.000000
0.996748 0.066112 -0.046077 0.000000 -0.068585 0.996165 -0.054332 9.685800 0.042308 0.057316 0.997459 0.000000 0.000000 0.000000 0.000000 1.000000
0.996714 0.065679 -0.047405 -0.000000 -0.068195 0.996232 -0.053577 9.685800 0.043708 0.056634 0.997438 0.000000 0.000000 0.000000 0.000000 1.000000
0.996885 0.062152 -0.048557 0.000000 -0.064711 0.996494 -0.053028 9.685800 0.045091 0.056005 0.997412 -0.000000 0.000000 0.000000 0.000000 1.000000
0.997128 0.057975 -0.048732 0.000000 -0.060507 0.996801 -0.052210 9.685800 0.045550 0.055009 0.997446 0.000000 0.000000 0.000000 0.000000 1.000000
0.996904 0.060552 -0.050165 -0.000000 -0.063174 0.996624 -0.052441 9.685800 0.046821 0.055448 0.997363 0.000000 0.000000 0.000000 0.000000 1.000000
0.996439 0.066439 -0.051907 -0.000000 -0.069250 0.996116 -0.054376 9.685800 0.048093 0.057776 0.997170 0.000000 0.000000 0.000000 0.000000 1.000000
0.996175 0.071126 -0.050757 0.000000 -0.073898 0.995748 -0.055004 9.685800 0.046629 0.058544 0.997195 0.000000 0.000000 0.000000 0.000000 1.000000
0.996086 0.075092 -0.046620 0.000000 -0.077744 0.995287 -0.057955 9.685800 0.042049 0.061352 0.997230 0.000000 0.000000 0.000000 0.000000 1.000000
0.996187 0.075467 -0.043774 -0.000000 -0.078050 0.995103 -0.060643 9.685800 0.038983 0.063828 0.997199 0.000000 0.000000 0.000000 0.000000 1.000000
0.995992 0.078686 -0.042528 0.000000 -0.081377 0.994512 -0.065757 9.685800 0.037120 0.068954 0.996929 0.000000 0.000000 0.000000 0.000000 1.000000
0.995281 0.087027 -0.042928 -0.000000 -0.090137 0.992963 -0.076803 9.685800 0.035942 0.080310 0.996122 0.000000 0.000000 0.000000 0.000000 1.000000
0.995072 0.089160 -0.043379 -0.000000 -0.092644 0.991948 -0.086346 9.685800 0.035331 0.089939 0.995320 0.000000 0.000000 0.000000 0.000000 1.000000
0.995289 0.086229 -0.044323 -0.000000 -0.090079 0.991506 -0.093821 9.685800 0.035857 0.097372 0.994602 0.000000 0.000000 0.000000 0.000000 1.000000
0.995614 0.082219 -0.044648 0.000000 -0.086351 0.991209 -0.100245 9.685800 0.036014 0.103660 0.993961 0.000000 0.000000 0.000000 0.000000 1.000000
0.996089 0.077938 -0.041614 0.000000 -0.081881 0.991260 -0.103440 9.685800 0.033189 0.106443 0.993765 0.000000 0.000000 0.000000 0.000000 1.000000
0.996532 0.075860 -0.034194 0.000000 -0.079090 0.991224 -0.105922 9.685800 0.025859 0.108259 0.993786 0.000000 0.000000 0.000000 0.000000 1.000000
0.996817 0.074795 -0.027598 0.000000 -0.077339 0.991251 -0.106957 9.685800 0.019357 0.108751 0.993881 -0.000000 0.000000 0.000000 0.000000 1.000000
0.997013 0.074801 -0.019241 -0.000000 -0.076474 0.990953 -0.110288 9.685800 0.010818 0.111430 0.993713 -0.000000 0.000000 0.000000 0.000000 1.000000
0.997069 0.075617 -0.011657 -0.000000 -0.076452 0.990637 -0.113110 9.685800 0.002995 0.113670 0.993514 0.000000 0.000000 0.000000 0.000000 1.000000
0.997176 0.074999 -0.003923 0.000000 -0.074941 0.990280 -0.117171 9.685800 -0.004903 0.117134 0.993104 0.000000 0.000000 0.000000 0.000000 1.000000
0.997154 0.075384 0.000968 -0.000000 -0.074703 0.989717 -0.121984 9.685800 -0.010154 0.121564 0.992532 0.000000 0.000000 0.000000 0.000000 1.000000
0.997012 0.077202 0.002721 0.000000 -0.076258 0.989228 -0.124951 9.685800 -0.012338 0.124371 0.992159 0.000000 0.000000 0.000000 0.000000 1.000000
0.996919 0.078266 0.005176 -0.000000 -0.077014 0.989211 -0.124618 9.685800 -0.014873 0.123836 0.992191 0.000000 0.000000 0.000000 0.000000 1.000000
0.996833 0.079134 0.007834 0.000000 -0.077560 0.989272 -0.123798 9.685800 -0.017546 0.122799 0.992276 -0.000000 0.000000 0.000000 0.000000 1.000000
0.996728 0.080176 0.010265 0.000000 -0.078315 0.989329 -0.122860 9.685800 -0.020006 0.121654 0.992371 0.000000 0.000000 0.000000 0.000000 1.000000
0.996579 0.081770 0.012039 0.000000 -0.079697 0.989304 -0.122175 9.685800 -0.021900 0.120797 0.992436 -0.000000 0.000000 0.000000 0.000000 1.000000
0.996147 0.087215 0.009212 0.000000 -0.085433 0.988756 -0.122729 9.685800 -0.019812 0.121469 0.992397 0.000000 0.000000 0.000000 0.000000 1.000000
0.995792 0.091386 0.006905 0.000000 -0.089864 0.988436 -0.122139 9.685800 -0.017987 0.121005 0.992489 0.000000 0.000000 0.000000 0.000000 1.000000
0.995426 0.095425 0.004658 -0.000000 -0.094157 0.988126 -0.121416 9.685800 -0.016189 0.120422 0.992591 -0.000000 0.000000 0.000000 0.000000 1.000000
0.995046 0.099389 0.002449 0.000000 -0.098370 0.987814 -0.120609 9.685800 -0.014407 0.119771 0.992697 0.000000 0.000000 0.000000 0.000000 1.000000
0.994646 0.103336 0.000255 0.000000 -0.102562 0.987490 -0.119769 9.685800 -0.012628 0.119102 0.992802 0.000000 0.000000 0.000000 0.000000 1.000000
0.994222 0.107322 -0.001949 -0.000000 -0.106791 0.987141 -0.118946 9.685800 -0.010842 0.118467 0.992899 0.000000 0.000000 0.000000 0.000000 1.000000</float_array>
        <technique_common>
          <accessor source="#mixamorig_Spine1-Matrix-animation-output-transform-array" count="49" stride="16">
            <param type="float4x4"/>
          </accessor>
        </technique_common>
      </source>
      <source id="mixamorig_Spine1-Interpolations">
        <Name_array id="mixamorig_Spine1-Interpolations-array" count="49">
 LINEAR LINEAR LINEAR LINEAR LINEAR LINEAR LINEAR LINEAR LINEAR LINEAR LINEAR
LINEAR LINEAR LINEAR LINEAR LINEAR LINEAR LINEAR LINEAR LINEAR LINEAR LINEAR LINEAR
LINEAR LINEAR LINEAR LINEAR LINEAR LINEAR LINEAR LINEAR LINEAR LINEAR LINEAR LINEAR
LINEAR LINEAR LINEAR LINEAR LINEAR LINEAR LINEAR LINEAR LINEAR LINEAR LINEAR LINEAR
LINEAR LINEAR</Name_array>
        <technique_common>
          <accessor source="#mixamorig_Spine1-Interpolations-array" count="49">
            <param type="name"/>
          </accessor>
        </technique_common>
      </source>
      <sampler id="mixamorig_Spine1-Matrix-animation-transform">
        <input semantic="INPUT" source="#mixamorig_Spine1-Matrix-animation-input"/>
        <input semantic="OUTPUT" source="#mixamorig_Spine1-Matrix-animation-output-transform"/>
        <input semantic="INTERPOLATION" source="#mixamorig_Spine1-Interpolations"/>
      </sampler>
      <channel source="#mixamorig_Spine1-Matrix-animation-transform" target="mixamorig_Spine1/matrix"/>
    </animation>
    <animation id="mixamorig_Spine2-anim" name="mixamorig_Spine2">
      <source id="mixamorig_Spine2-Matrix-animation-input">
        <float_array id="mixamorig_Spine2-Matrix-animation-input-array" count="49">

0.000000 0.033333 0.066667 0.100000 0.133333 0.166667 0.200000 0.233333 0.266667 0.300000 0.333333 0.366667 0.400000 0.433333 0.466667 0.500000
0.533333 0.566667 0.600000 0.633333 0.666667 0.700000 0.733333 0.766667 0.800000 0.833333 0.866667 0.900000 0.933333 0.966667 1.000000 1.033333
1.066667 1.100000 1.133333 1.166667 1.200000 1.233333 1.266667 1.300000 1.333333 1.366667 1.400000 1.433333 1.466667 1.500000 1.533333 1.566667
1.600000</float_array>
        <technique_common>
          <accessor source="#mixamorig_Spine2-Matrix-animation-input-array" count="49">
            <param name="TIME" type="float"/>
          </accessor>
        </technique_common>
      </source>
      <source id="mixamorig_Spine2-Matrix-animation-output-transform">
        <float_array id="mixamorig_Spine2-Matrix-animation-output-transform-array" count="784">

0.995241 0.097442 0.000487 0.000000 -0.096539 0.986672 -0.130994 15.875400 -0.013244 0.130324 0.991383 0.000000 0.000000 0.000000 0.000000 1.000000
0.995290 0.096912 0.002449 0.000000 -0.095788 0.987012 -0.128965 15.875400 -0.014915 0.128123 0.991646 0.000000 0.000000 0.000000 0.000000 1.000000
0.995389 0.095682 0.006709 0.000000 -0.094114 0.987783 -0.124204 15.875400 -0.018511 0.123000 0.992234 -0.000000 0.000000 0.000000 0.000000 1.000000
0.995516 0.093858 0.011754 0.000000 -0.091864 0.988945 -0.116401 15.875400 -0.022549 0.114799 0.993133 -0.000000 0.000000 0.000000 0.000000 1.000000
0.995633 0.091858 0.016658 -0.000000 -0.089540 0.990106 -0.108043 15.875400 -0.026418 0.106080 0.994007 0.000000 0.000000 0.000000 0.000000 1.000000
0.995794 0.089954 0.017369 0.000000 -0.087776 0.991069 -0.100384 15.875400 -0.026244 0.098437 0.994797 0.000000 0.000000 0.000000 0.000000 1.000000
0.996012 0.088300 0.012770 -0.000000 -0.086725 0.991809 -0.093779 15.875400 -0.020947 0.092297 0.995511 0.000000 0.000000 0.000000 0.000000 1.000000
0.996209 0.086827 0.005357 0.000000 -0.086026 0.992431 -0.087638 15.875400 -0.012925 0.086845 0.996138 -0.000000 0.000000 0.000000 0.000000 1.000000
0.996328 0.085549 -0.003497 0.000000 -0.085548 0.992969 -0.081812 15.875400 -0.003527 0.081811 0.996642 0.000000 0.000000 0.000000 0.000000 1.000000
0.996350 0.084458 -0.012415 0.000000 -0.085161 0.993453 -0.076150 15.875400 0.005903 0.076929 0.997019 0.000000 0.000000 0.000000 0.000000 1.000000
0.996128 0.084295 -0.024971 -0.000000 -0.085898 0.993686 -0.072177 15.875400 0.018729 0.074042 0.997079 -0.000000 0.000000 0.000000 0.000000 1.000000
0.995627 0.084876 -0.039033 0.000000 -0.087656 0.993240 -0.076094 15.875400 0.032311 0.079183 0.996336 0.000000 0.000000 0.000000 0.000000 1.000000
0.995408 0.085043 -0.043927 0.000000 -0.088030 0.993568 -0.071231 15.875400 0.037587 0.074771 0.996492 0.000000 0.000000 0.000000 0.000000 1.000000
0.995431 0.083817 -0.045727 0.000000 -0.086731 0.994046 -0.065959 15.875400 0.039927 0.069624 0.996774 0.000000 0.000000 0.000000 0.000000 1.000000
0.996272 0.075780 -0.041215 0.000000 -0.078442 0.994640 -0.067364 15.875400 0.035889 0.070346 0.996877 0.000000 0.000000 0.000000 0.000000 1.000000
0.997132 0.065619 -0.037720 0.000000 -0.067950 0.995617 -0.064261 15.875400 0.033338 0.066640 0.997220 0.000000 0.000000 0.000000 0.000000 1.000000
0.997403 0.059808 -0.040136 0.000000 -0.061823 0.996784 -0.050992 15.875400 0.036957 0.053341 0.997892 0.000000 0.000000 0.000000 0.000000 1.000000
0.997847 0.052634 -0.039125 0.000000 -0.054488 0.997363 -0.047941 15.875400 0.036499 0.049970 0.998084 0.000000 0.000000 0.000000 0.000000 1.000000
0.997842 0.051497 -0.040733 0.000000 -0.053412 0.997445 -0.047435 15.875400 0.038186 0.049508 0.998043 0.000000 0.000000 0.000000 0.000000 1.000000
0.997986 0.047915 -0.041575 -0.000000 -0.049872 0.997631 -0.047380 15.875400 0.039206 0.049358 0.998011 0.000000 0.000000 0.000000 0.000000 1.000000
0.998156 0.043510 -0.042335 0.000000 -0.045507 0.997839 -0.047406 15.875400 0.040181 0.049245 0.997978 0.000000 0.000000 0.000000 0.000000 1.000000
0.997974 0.046109 -0.043849 -0.000000 -0.048225 0.997658 -0.048497 15.875400 0.041510 0.050513 0.997860 0.000000 0.000000 0.000000 0.000000 1.000000
0.997636 0.051953 -0.044987 0.000000 -0.054260 0.997189 -0.051675 15.875400 0.042176 0.053994 0.997650 0.000000 0.000000 0.000000 0.000000 1.000000
0.997410 0.056658 -0.044316 -0.000000 -0.059008 0.996814 -0.053661 15.875400 0.041135 0.056137 0.997575 -0.000000 0.000000 0.000000 0.000000 1.000000
0.997327 0.060678 -0.040706 -0.000000 -0.063018 0.996272 -0.058918 15.875400 0.036979 0.061325 0.997433 -0.000000 0.000000 0.000000 0.000000 1.000000
0.997460 0.060209 -0.038051 0.000000 -0.062555 0.995998 -0.063827 15.875400 0.034055 0.066045 0.997235 0.000000 0.000000 0.000000 0.000000 1.000000
0.997326 0.062354 -0.038121 0.000000 -0.064974 0.995296 -0.071865 15.875400 0.033460 0.074150 0.996686 0.000000 0.000000 0.000000 0.000000 1.000000
0.996849 0.069286 -0.038623 0.000000 -0.072390 0.993678 -0.085809 15.875400 0.032433 0.088334 0.995563 0.000000 0.000000 0.000000 0.000000 1.000000
0.996777 0.069339 -0.040354 -0.000000 -0.072980 0.992593 -0.097121 15.875400 0.033321 0.099753 0.994454 0.000000 0.000000 0.000000 0.000000 1.000000
0.997019 0.064775 -0.041917 0.000000 -0.068894 0.992008 -0.105711 15.875400 0.034734 0.108283 0.993513 0.000000 0.000000 0.000000 0.000000 1.000000
0.997341 0.059165 -0.042553 0.000000 -0.063642 0.991561 -0.112949 15.875400 0.035511 0.115357 0.992689 0.000000 0.000000 0.000000 0.000000 1.000000
0.997829 0.053026 -0.039065 0.000000 -0.057238 0.991590 -0.116072 15.875400 0.032582 0.118056 0.992472 -0.000000 0.000000 0.000000 0.000000 1.000000
0.998327 0.048947 -0.030770 0.000000 -0.052249 0.991674 -0.117700 15.875400 0.024753 0.119111 0.992572 -0.000000 0.000000 0.000000 0.000000 1.000000
0.998679 0.045816 -0.023243 -0.000000 -0.048242 0.991888 -0.117601 15.875400 0.017667 0.118567 0.992789 0.000000 0.000000 0.000000 0.000000 1.000000
0.998922 0.043976 -0.014854 -0.000000 -0.045447 0.991693 -0.120327 15.875400 0.009439 0.120872 0.992623 0.000000 0.000000 0.000000 0.000000 1.000000
0.999026 0.043628 -0.006601 -0.000000 -0.044109 0.991435 -0.122927 15.875400 0.001182 0.123098 0.992394 0.000000 0.000000 0.000000 0.000000 1.000000
0.999143 0.041372 0.001081 -0.000000 -0.040901 0.991084 -0.126805 15.875400 -0.006318 0.126652 0.991927 0.000000 0.000000 0.000000 0.000000 1.000000
0.999185 0.039961 0.005779 0.000000 -0.038857 0.990577 -0.131328 15.875400 -0.010973 0.130996 0.991322 0.000000 0.000000 0.000000 0.000000 1.000000
0.999122 0.040942 0.008908 0.000000 -0.039384 0.990223 -0.133821 15.875400 -0.014300 0.133353 0.990965 0.000000 0.000000 0.000000 0.000000 1.000000
0.999057 0.041785 0.011795 0.000000 -0.039845 0.990287 -0.133206 15.875400 -0.017247 0.132610 0.991018 -0.000000 0.000000 0.000000 0.000000 1.000000
0.998988 0.042497 0.014745 -0.000000 -0.040182 0.990418 -0.132127 15.875400 -0.020218 0.131401 0.991123 0.000000 0.000000 0.000000 0.000000 1.000000
0.998903 0.043466 0.017432 0.000000 -0.040817 0.990549 -0.130948 15.875400 -0.022959 0.130093 0.991236 -0.000000 0.000000 0.000000 0.000000 1.000000
0.998792 0.045087 0.019532 0.000000 -0.042175 0.990612 -0.130036 15.875400 -0.025211 0.129055 0.991317 0.000000 0.000000 0.000000 0.000000 1.000000
0.998528 0.051381 0.017379 0.000000 -0.048684 0.990252 -0.130499 15.875400 -0.023915 0.129461 0.991296 -0.000000 0.000000 0.000000 0.000000 1.000000
0.998292 0.056261 0.015761 0.000000 -0.053762 0.990157 -0.129222 15.875400 -0.022876 0.128154 0.991490 0.000000 0.000000 0.000000 0.000000 1.000000
0.998037 0.060996 0.014214 0.000000 -0.058690 0.990068 -0.127752 15.875400 -0.021865 0.126667 0.991704 0.000000 0.000000 0.000000 0.000000 1.000000
0.997762 0.065650 0.012713 0.000000 -0.063530 0.989972 -0.126169 15.875400 -0.020869 0.125079 0.991927 0.000000 0.000000 0.000000 0.000000 1.000000
0.997463 0.070287 0.011237 0.000000 -0.068348 0.989857 -0.124548 15.875400 -0.019877 0.123464 0.992150 0.000000 0.000000 0.000000 0.000000 1.000000
0.997138 0.074970 0.009759 0.000000 -0.073208 0.989707 -0.122967 15.875400 -0.018877 0.121901 0.992363 0.000000 0.000000 0.000000 0.000000 1.000000</float_array>
        <technique_common>
          <accessor source="#mixamorig_Spine2-Matrix-animation-output-transform-array" count="49" stride="16">
            <param type="float4x4"/>
          </accessor>
        </technique_common>
      </source>
      <source id="mixamorig_Spine2-Interpolations">
        <Name_array id="mixamorig_Spine2-Interpolations-array" count="49">
 LINEAR LINEAR LINEAR LINEAR LINEAR LINEAR LINEAR LINEAR LINEAR LINEAR LINEAR
LINEAR LINEAR LINEAR LINEAR LINEAR LINEAR LINEAR LINEAR LINEAR LINEAR LINEAR LINEAR
LINEAR LINEAR LINEAR LINEAR LINEAR LINEAR LINEAR LINEAR LINEAR LINEAR LINEAR LINEAR
LINEAR LINEAR LINEAR LINEAR LINEAR LINEAR LINEAR LINEAR LINEAR LINEAR LINEAR LINEAR
LINEAR LINEAR</Name_array>
        <technique_common>
          <accessor source="#mixamorig_Spine2-Interpolations-array" count="49">
            <param type="name"/>
          </accessor>
        </technique_common>
      </source>
      <sampler id="mixamorig_Spine2-Matrix-animation-transform">
        <input semantic="INPUT" source="#mixamorig_Spine2-Matrix-animation-input"/>
        <input semantic="OUTPUT" source="#mixamorig_Spine2-Matrix-animation-output-transform"/>
        <input semantic="INTERPOLATION" source="#mixamorig_Spine2-Interpolations"/>
      </sampler>
      <channel source="#mixamorig_Spine2-Matrix-animation-transform" target="mixamorig_Spine2/matrix"/>
    </animation>
    <animation id="mixamorig_Neck-anim" name="mixamorig_Neck">
      <source id="mixamorig_Neck-Matrix-animation-input">
        <float_array id="mixamorig_Neck-Matrix-animation-input-array" count="49">

0.000000 0.033333 0.066667 0.100000 0.133333 0.166667 0.200000 0.233333 0.266667 0.300000 0.333333 0.366667 0.400000 0.433333 0.466667 0.500000
0.533333 0.566667 0.600000 0.633333 0.666667 0.700000 0.733333 0.766667 0.800000 0.833333 0.866667 0.900000 0.933333 0.966667 1.000000 1.033333
