<?xml version="1.0" encoding="utf-8"?>
<COLLADA xmlns="http://www.collada.org/2005/11/COLLADASchema" version="1.4.1">
  <asset>
    <contributor>
      <author>Mixamo</author>
      <authoring_tool>COLLADA Mixamo exporter</authoring_tool>
      <comments/>
    </contributor>
    <created>2025-11-14T05:17:44Z</created>
    <modified>2025-11-14T05:17:44Z</modified>
    <revision/>
    <title/>
    <unit meter="0.010000"/>
    <up_axis>Y_UP</up_axis>
  </asset>
  <library_animations>
    <animation id="mixamorig_Hips-anim" name="mixamorig_Hips">
      <source id="mixamorig_Hips-Matrix-animation-input">
        <float_array id="mixamorig_Hips-Matrix-animation-input-array" count="37">

0.000000 0.033333 0.066667 0.100000 0.133333 0.166667 0.200000 0.233333 0.266667 0.300000 0.333333 0.366667 0.400000 0.433333 0.466667 0.500000
0.533333 0.566667 0.600000 0.633333 0.666667 0.700000 0.733333 0.766667 0.800000 0.833333 0.866667 0.900000 0.933333 0.966667 1.000000 1.033333
1.066667 1.100000 1.133333 1.166667 1.200000</float_array>
        <technique_common>
          <accessor source="#mixamorig_Hips-Matrix-animation-input-array" count="37">
            <param name="TIME" type="float"/>
          </accessor>
        </technique_common>
      </source>
      <source id="mixamorig_Hips-Matrix-animation-output-transform">
        <float_array id="mixamorig_Hips-Matrix-animation-output-transform-array" count="592">

0.568453 -0.051274 -0.821117 0.410311 -0.034523 0.995690 -0.086076 108.480637 0.821991 0.077278 0.564233 0.204013 0.000000 0.000000 0.000000 1.000000
0.554778 -0.058561 -0.829935 -3.951591 -0.033602 0.995129 -0.092679 108.153000 0.831319 0.079303 0.550108 1.020717 0.000000 0.000000 0.000000 1.000000
0.541662 -0.066085 -0.837995 -8.310444 -0.032282 0.994534 -0.099296 107.849464 0.839976 0.080837 0.536568 1.833750 0.000000 0.000000 0.000000 1.000000
0.526975 -0.073408 -0.846704 -12.675394 -0.031745 0.993867 -0.105924 107.497711 0.849287 0.082698 0.521413 2.654124 0.000000 0.000000 0.000000 1.000000
0.508502 -0.080192 -0.857319 -17.055584 -0.033005 0.993107 -0.112470 107.025444 0.860428 0.085487 0.502350 3.492853 0.000000 0.000000 0.000000 1.000000
0.463305 -0.083319 -0.882274 -21.543983 -0.045523 0.992018 -0.117588 105.697441 0.885029 0.094643 0.455814 4.461895 0.000000 0.000000 0.000000 1.000000
0.412017 -0.085806 -0.907127 -25.947557 -0.056539 0.991230 -0.119441 104.484375 0.909420 0.100500 0.403552 5.375892 0.000000 0.000000 0.000000 1.000000
0.361666 -0.090914 -0.927865 -30.554613 -0.057239 0.991191 -0.119430 103.436852 0.930549 0.096304 0.353276 6.095225 0.000000 0.000000 0.000000 1.000000
0.317335 -0.105111 -0.942470 -35.575974 -0.047949 0.990789 -0.126645 102.753075 0.947101 0.085380 0.309372 6.653066 0.000000 0.000000 0.000000 1.000000
0.295389 -0.112179 -0.948768 -40.710003 -0.033197 0.991278 -0.127540 102.321480 0.954800 0.069170 0.289089 7.073196 0.000000 0.000000 0.000000 1.000000
0.304729 -0.133188 -0.943081 -46.237171 -0.007302 0.989818 -0.142148 102.111313 0.952411 0.050204 0.300654 7.440194 0.000000 0.000000 0.000000 1.000000
0.345419 -0.149593 -0.926449 -52.063488 0.019023 0.988127 -0.152459 102.019096 0.938256 0.035038 0.344164 7.774410 0.000000 0.000000 0.000000 1.000000
0.387383 -0.143207 -0.910729 -57.561062 0.025236 0.989139 -0.144802 102.071686 0.921573 0.033111 0.386789 8.189211 0.000000 0.000000 0.000000 1.000000
0.410013 -0.131952 -0.902484 -62.698524 0.022044 0.990624 -0.134823 102.381104 0.911813 0.035385 0.409078 8.604015 0.000000 0.000000 0.000000 1.000000
0.426473 -0.128437 -0.895335 -67.575867 0.019658 0.990949 -0.132789 102.902130 0.904287 0.039030 0.425138 8.961761 0.000000 0.000000 0.000000 1.000000
0.442337 -0.129515 -0.887448 -72.251961 0.017821 0.990592 -0.135686 103.572868 0.896672 0.044204 0.440484 9.252700 0.000000 0.000000 0.000000 1.000000
0.457285 -0.130008 -0.879766 -76.927788 0.012812 0.990117 -0.139656 104.364899 0.889228 0.052591 0.454432 9.487637 0.000000 0.000000 0.000000 1.000000
0.473556 -0.127961 -0.871419 -81.566994 0.001055 0.989472 -0.144723 105.178879 0.880763 0.067615 0.468706 9.697202 0.000000 0.000000 0.000000 1.000000
0.492821 -0.124591 -0.861164 -86.227127 -0.010133 0.988807 -0.148857 105.950653 0.870072 0.082086 0.486043 9.643571 0.000000 0.000000 0.000000 1.000000
0.512166 -0.120573 -0.850381 -90.893036 -0.021857 0.987947 -0.153242 106.711655 0.858608 0.097072 0.503358 9.537753 0.000000 0.000000 0.000000 1.000000
0.530182 -0.117092 -0.839760 -95.588585 -0.033257 0.986784 -0.158589 107.426964 0.847232 0.112009 0.519281 9.386527 0.000000 0.000000 0.000000 1.000000
0.543497 -0.119170 -0.830909 -100.440300 -0.039036 0.985212 -0.166834 107.902176 0.838503 0.123109 0.530808 9.010527 0.000000 0.000000 0.000000 1.000000
0.558204 -0.126967 -0.819931 -105.457481 -0.036887 0.983447 -0.177400 108.029572 0.828883 0.129270 0.544281 8.512596 0.000000 0.000000 0.000000 1.000000
0.574144 -0.141487 -0.806436 -110.480927 -0.024133 0.981603 -0.189401 107.674301 0.818398 0.128206 0.560167 7.879628 0.000000 0.000000 0.000000 1.000000
0.590367 -0.148955 -0.793271 -115.919075 -0.009869 0.981418 -0.191629 106.713943 0.807074 0.120960 0.577927 7.089807 0.000000 0.000000 0.000000 1.000000
0.605662 -0.150954 -0.781273 -121.471779 0.002659 0.982219 -0.187718 105.623245 0.795718 0.111616 0.595294 6.242496 0.000000 0.000000 0.000000 1.000000
0.618151 -0.131019 -0.775064 -127.182594 0.001999 0.986270 -0.165127 104.485992 0.786057 0.100524 0.609926 5.264583 0.000000 0.000000 0.000000 1.000000
0.619110 -0.109934 -0.777571 -133.330383 -0.002867 0.989830 -0.142226 103.386223 0.785299 0.090283 0.612499 4.275386 0.000000 0.000000 0.000000 1.000000
0.610732 -0.083502 -0.787423 -139.765060 -0.013987 0.993131 -0.116165 102.360634 0.791714 0.081960 0.605369 3.413502 0.000000 0.000000 0.000000 1.000000
0.593998 -0.051353 -0.802826 -146.089645 -0.031732 0.995688 -0.087168 101.794785 0.803840 0.077253 0.589808 2.655951 0.000000 0.000000 0.000000 1.000000
0.589476 -0.033894 -0.807074 -152.410553 -0.043242 0.996363 -0.073427 101.811195 0.806628 0.078182 0.585866 1.977593 0.000000 0.000000 0.000000 1.000000
0.606383 -0.023271 -0.794832 -158.290100 -0.052272 0.996243 -0.069046 102.398727 0.793453 0.083416 0.602888 1.329772 0.000000 0.000000 0.000000 1.000000
0.617703 -0.001117 -0.786411 -163.199646 -0.067405 0.996244 -0.054360 103.320755 0.783518 0.086586 0.615307 0.691684 0.000000 0.000000 0.000000 1.000000
0.611202 -0.004244 -0.791463 -167.799927 -0.065072 0.996331 -0.055594 104.506699 0.788795 0.085481 0.608684 0.088225 0.000000 0.000000 0.000000 1.000000
0.598515 -0.017974 -0.800910 -172.240219 -0.055925 0.996372 -0.064153 105.838387 0.799157 0.083187 0.595339 -0.121148 0.000000 0.000000 0.000000 1.000000
0.583020 -0.035760 -0.811671 -176.650528 -0.044422 0.996133 -0.075795 107.195915 0.811243 0.080246 0.579177 0.019763 0.000000 0.000000 0.000000 1.000000
0.568453 -0.051274 -0.821117 -181.004486 -0.034524 0.995690 -0.086076 108.480713 0.821991 0.077278 0.564232 0.204072 0.000000 0.000000 0.000000 1.000000</float_array>
        <technique_common>
          <accessor source="#mixamorig_Hips-Matrix-animation-output-transform-array" count="37" stride="16">
            <param type="float4x4"/>
          </accessor>
        </technique_common>
      </source>
      <source id="mixamorig_Hips-Interpolations">
        <Name_array id="mixamorig_Hips-Interpolations-array" count="37">
 LINEAR LINEAR LINEAR LINEAR LINEAR LINEAR LINEAR LINEAR LINEAR LINEAR LINEAR
LINEAR LINEAR LINEAR LINEAR LINEAR LINEAR LINEAR LINEAR LINEAR LINEAR LINEAR LINEAR
LINEAR LINEAR LINEAR LINEAR LINEAR LINEAR LINEAR LINEAR LINEAR LINEAR LINEAR LINEAR
LINEAR LINEAR</Name_array>
        <technique_common>
          <accessor source="#mixamorig_Hips-Interpolations-array" count="37">
            <param type="name"/>
          </accessor>
        </technique_common>
      </source>
      <sampler id="mixamorig_Hips-Matrix-animation-transform">
        <input semantic="INPUT" source="#mixamorig_Hips-Matrix-animation-input"/>
        <input semantic="OUTPUT" source="#mixamorig_Hips-Matrix-animation-output-transform"/>
        <input semantic="INTERPOLATION" source="#mixamorig_Hips-Interpolations"/>
      </sampler>
      <channel source="#mixamorig_Hips-Matrix-animation-transform" target="mixamorig_Hips/matrix"/>
    </animation>
    <animation id="mixamorig_Spine-anim" name="mixamorig_Spine">
      <source id="mixamorig_Spine-Matrix-animation-input">
        <float_array id="mixamorig_Spine-Matrix-animation-input-array" count="37">

0.000000 0.033333 0.066667 0.100000 0.133333 0.166667 0.200000 0.233333 0.266667 0.300000 0.333333 0.366667 0.400000 0.433333 0.466667 0.500000
0.533333 0.566667 0.600000 0.633333 0.666667 0.700000 0.733333 0.766667 0.800000 0.833333 0.866667 0.900000 0.933333 0.966667 1.000000 1.033333
1.066667 1.100000 1.133333 1.166667 1.200000</float_array>
        <technique_common>
          <accessor source="#mixamorig_Spine-Matrix-animation-input-array" count="37">
            <param name="TIME" type="float"/>
          </accessor>
        </technique_common>
      </source>
      <source id="mixamorig_Spine-Matrix-animation-output-transform">
        <float_array id="mixamorig_Spine-Matrix-animation-output-transform-array" count="592">

0.987758 0.149833 -0.043407 0.000000 -0.155967 0.953805 -0.256771 8.536500 0.002929 0.260397 0.965497 0.187100 0.000000 0.000000 0.000000 1.000000
0.991251 0.127654 -0.033556 0.000000 -0.131984 0.961192 -0.242262 8.536500 0.001328 0.244571 0.969630 0.187100 0.000000 0.000000 0.000000 1.000000
0.994141 0.105252 -0.024593 0.000000 -0.108086 0.967755 -0.227527 8.536500 -0.000148 0.228852 0.973461 0.187100 0.000000 0.000000 0.000000 1.000000
0.996481 0.082276 -0.016003 0.000000 -0.083797 0.973649 -0.212101 8.536500 -0.001870 0.212695 0.977117 0.187100 0.000000 0.000000 0.000000 1.000000
0.998271 0.058323 -0.007344 -0.000000 -0.058632 0.978959 -0.195453 8.536500 -0.004210 0.195545 0.980686 0.187100 0.000000 0.000000 0.000000 1.000000
0.999560 0.029037 0.006038 0.000000 -0.027567 0.984716 -0.171975 8.536500 -0.010940 0.171733 0.985083 0.187100 0.000000 0.000000 0.000000 1.000000
0.999768 0.012747 0.017354 -0.000000 -0.009791 0.986928 -0.160864 8.536500 -0.019178 0.160656 0.986824 0.187100 0.000000 0.000000 0.000000 1.000000
0.999499 0.018835 0.025441 0.000000 -0.014644 0.987662 -0.155917 8.536500 -0.028064 0.155466 0.987442 0.187100 0.000000 0.000000 0.000000 1.000000
0.998380 0.047652 0.031100 0.000000 -0.042723 0.988736 -0.143445 8.536500 -0.037585 0.141883 0.989170 0.187100 0.000000 0.000000 0.000000 1.000000
0.995414 0.090755 0.030243 0.000000 -0.085598 0.986162 -0.141979 8.536500 -0.042710 0.138740 0.989407 0.187100 0.000000 0.000000 0.000000 1.000000
0.987711 0.154455 0.023874 -0.000000 -0.150468 0.981064 -0.121950 8.536500 -0.042258 0.116859 0.992249 0.187100 0.000000 0.000000 0.000000 1.000000
0.976216 0.216231 0.015702 0.000000 -0.213416 0.971201 -0.105939 8.536500 -0.038157 0.100068 0.994249 0.187100 0.000000 0.000000 0.000000 1.000000
0.971503 0.236869 0.008617 0.000000 -0.234474 0.965730 -0.111299 8.536500 -0.034685 0.106107 0.993750 0.187100 0.000000 0.000000 0.000000 1.000000
0.971447 0.237247 0.002118 0.000000 -0.235167 0.964037 -0.123810 8.536500 -0.031416 0.119777 0.992304 0.187100 0.000000 0.000000 0.000000 1.000000
0.971764 0.235950 -0.001821 -0.000000 -0.234040 0.962858 -0.134644 8.536500 -0.030016 0.131268 0.990892 0.187100 0.000000 0.000000 0.000000 1.000000
0.972315 0.233635 -0.004324 0.000000 -0.231995 0.962944 -0.137540 8.536500 -0.027971 0.134735 0.990487 0.187100 0.000000 0.000000 0.000000 1.000000
0.973216 0.229807 -0.006265 0.000000 -0.228666 0.964855 -0.129486 8.536500 -0.023712 0.127451 0.991561 0.187100 0.000000 0.000000 0.000000 1.000000
0.974415 0.224627 -0.007568 0.000000 -0.223871 0.967051 -0.121218 8.536500 -0.019910 0.119811 0.992597 0.187100 0.000000 0.000000 0.000000 1.000000
0.975771 0.218638 -0.008324 0.000000 -0.218086 0.968836 -0.117453 8.536500 -0.017615 0.116423 0.993044 0.187100 0.000000 0.000000 0.000000 1.000000
0.977111 0.212539 -0.009007 0.000000 -0.212158 0.970506 -0.114482 8.536500 -0.015591 0.113773 0.993384 0.187100 0.000000 0.000000 0.000000 1.000000
0.978246 0.207216 -0.009805 0.000000 -0.207016 0.972071 -0.110557 8.536500 -0.013378 0.110182 0.993821 0.187100 0.000000 0.000000 0.000000 1.000000
0.978466 0.206108 -0.011087 -0.000000 -0.206160 0.973269 -0.101222 8.536500 -0.010072 0.101328 0.994802 0.187100 0.000000 0.000000 0.000000 1.000000
0.976819 0.213676 -0.012951 0.000000 -0.213983 0.972940 -0.087172 8.536500 -0.006026 0.087923 0.996109 0.187100 0.000000 0.000000 0.000000 1.000000
0.974272 0.224774 -0.016476 0.000000 -0.225366 0.970899 -0.081023 8.536500 -0.002216 0.082651 0.996576 0.187100 0.000000 0.000000 0.000000 1.000000
0.973082 0.229483 -0.021206 -0.000000 -0.230445 0.969983 -0.077641 8.536500 0.002752 0.080438 0.996756 0.187100 0.000000 0.000000 0.000000 1.000000
0.972566 0.231153 -0.026148 0.000000 -0.232522 0.969349 -0.079349 8.536500 0.007005 0.083252 0.996504 0.187100 0.000000 0.000000 0.000000 1.000000
0.974126 0.223905 -0.030744 0.000000 -0.225912 0.968595 -0.103860 8.536500 0.006523 0.108118 0.994117 0.187100 0.000000 0.000000 0.000000 1.000000
0.976379 0.213903 -0.030474 0.000000 -0.215987 0.970015 -0.111447 8.536500 0.005722 0.115396 0.993303 0.187100 0.000000 0.000000 0.000000 1.000000
0.978600 0.203741 -0.028855 0.000000 -0.205750 0.970947 -0.122183 8.536500 0.003123 0.125505 0.992088 0.187100 0.000000 0.000000 0.000000 1.000000
0.980637 0.194103 -0.025971 -0.000000 -0.195833 0.971838 -0.131074 8.536500 -0.000203 0.133622 0.991032 0.187100 0.000000 0.000000 0.000000 1.000000
0.982764 0.183304 -0.023962 0.000000 -0.184855 0.973164 -0.137044 8.536500 -0.001802 0.139111 0.990275 0.187100 0.000000 0.000000 0.000000 1.000000
0.984795 0.171555 -0.027339 0.000000 -0.173713 0.971096 -0.163695 8.536500 -0.001534 0.165955 0.986132 0.187100 0.000000 0.000000 0.000000 1.000000
0.986609 0.159915 -0.032098 0.000000 -0.163076 0.963468 -0.212451 8.536500 -0.003049 0.214841 0.976644 0.187100 0.000000 0.000000 0.000000 1.000000
0.988058 0.149819 -0.035989 -0.000000 -0.154044 0.955396 -0.251972 8.536500 -0.003366 0.254507 0.967065 0.187100 0.000000 0.000000 0.000000 1.000000
0.988458 0.146319 -0.039256 0.000000 -0.151492 0.953872 -0.259189 8.536500 -0.000479 0.262145 0.965028 0.187100 0.000000 0.000000 0.000000 1.000000
0.988149 0.147596 -0.042160 -0.000000 -0.153485 0.953766 -0.258405 8.536500 0.002071 0.261814 0.965116 0.187100 0.000000 0.000000 0.000000 1.000000
0.987758 0.149834 -0.043405 0.000000 -0.155967 0.953804 -0.256773 8.536500 0.002927 0.260399 0.965497 0.187100 0.000000 0.000000 0.000000 1.000000</float_array>
        <technique_common>
          <accessor source="#mixamorig_Spine-Matrix-animation-output-transform-array" count="37" stride="16">
            <param type="float4x4"/>
          </accessor>
        </technique_common>
      </source>
      <source id="mixamorig_Spine-Interpolations">
        <Name_array id="mixamorig_Spine-Interpolations-array" count="37">
 LINEAR LINEAR LINEAR LINEAR LINEAR LINEAR LINEAR LINEAR LINEAR LINEAR LINEAR
LINEAR LINEAR LINEAR LINEAR LINEAR LINEAR LINEAR LINEAR LINEAR LINEAR LINEAR LINEAR
LINEAR LINEAR LINEAR LINEAR LINEAR LINEAR LINEAR LINEAR LINEAR LINEAR LINEAR LINEAR
LINEAR LINEAR</Name_array>
        <technique_common>
          <accessor source="#mixamorig_Spine-Interpolations-array" count="37">
            <param type="name"/>
          </accessor>
        </technique_common>
      </source>
      <sampler id="mixamorig_Spine-Matrix-animation-transform">
        <input semantic="INPUT" source="#mixamorig_Spine-Matrix-animation-input"/>
        <input semantic="OUTPUT" source="#mixamorig_Spine-Matrix-animation-output-transform"/>
        <input semantic="INTERPOLATION" source="#mixamorig_Spine-Interpolations"/>
      </sampler>
      <channel source="#mixamorig_Spine-Matrix-animation-transform" target="mixamorig_Spine/matrix"/>
    </animation>
    <animation id="mixamorig_Spine1-anim" name="mixamorig_Spine1">
      <source id="mixamorig_Spine1-Matrix-animation-input">
        <float_array id="mixamorig_Spine1-Matrix-animation-input-array" count="37">

0.000000 0.033333 0.066667 0.100000 0.133333 0.166667 0.200000 0.233333 0.266667 0.300000 0.333333 0.366667 0.400000 0.433333 0.466667 0.500000
0.533333 0.566667 0.600000 0.633333 0.666667 0.700000 0.733333 0.766667 0.800000 0.833333 0.866667 0.900000 0.933333 0.966667 1.000000 1.033333
1.066667 1.100000 1.133333 1.166667 1.200000</float_array>
        <technique_common>
          <accessor source="#mixamorig_Spine1-Matrix-animation-input-array" count="37">
            <param name="TIME" type="float"/>
          </accessor>
        </technique_common>
      </source>
      <source id="mixamorig_Spine1-Matrix-animation-output-transform">
        <float_array id="mixamorig_Spine1-Matrix-animation-output-transform-array" count="592">

0.999033 -0.031488 -0.030701 0.000000 0.031550 0.999501 0.001548 9.685800 0.030637 -0.002515 0.999527 0.000000 0.000000 0.000000 0.000000 1.000000
0.999594 -0.017022 -0.022869 0.000000 0.016940 0.999849 -0.003789 9.685800 0.022930 0.003401 0.999731 0.000000 0.000000 0.000000 0.000000 1.000000
0.999878 -0.002452 -0.015396 -0.000000 0.002309 0.999954 -0.009302 9.685800 0.015418 0.009266 0.999838 0.000000 0.000000 0.000000 0.000000 1.000000
0.999896 0.012188 -0.007699 0.000000 -0.012304 0.999810 -0.015142 9.685800 0.007513 0.015236 0.999856 0.000000 0.000000 0.000000 0.000000 1.000000
0.999638 0.026880 0.000797 0.000000 -0.026856 0.999408 -0.021495 9.685800 -0.001375 0.021466 0.999769 0.000000 0.000000 0.000000 0.000000 1.000000
0.999011 0.041483 0.015995 0.000000 -0.040986 0.998702 -0.030226 9.685800 -0.017228 0.029541 0.999415 0.000000 0.000000 0.000000 0.000000 1.000000
0.998364 0.047140 0.032374 0.000000 -0.046122 0.998438 -0.031530 9.685800 -0.033810 0.029985 0.998978 -0.000000 0.000000 0.000000 0.000000 1.000000
0.997564 0.050600 0.048014 0.000000 -0.049106 0.998287 -0.031808 9.685800 -0.049541 0.029372 0.998340 0.000000 0.000000 0.000000 0.000000 1.000000
0.996600 0.053576 0.062594 0.000000 -0.051760 0.998200 -0.030287 9.685800 -0.064104 0.026944 0.997579 0.000000 0.000000 0.000000 0.000000 1.000000
0.996429 0.046483 0.070485 -0.000000 -0.044757 0.998663 -0.025873 9.685800 -0.071593 0.022626 0.997177 0.000000 0.000000 0.000000 0.000000 1.000000
0.997114 0.032951 0.068389 -0.000000 -0.031253 0.999180 -0.025752 9.685800 -0.069182 0.023540 0.997326 0.000000 0.000000 0.000000 0.000000 1.000000
0.998019 0.018733 0.060063 0.000000 -0.017024 0.999439 -0.028846 9.685800 -0.060569 0.027766 0.997778 -0.000000 0.000000 0.000000 0.000000 1.000000
0.998589 0.012595 0.051589 0.000000 -0.011086 0.999505 -0.029427 9.685800 -0.051934 0.028814 0.998235 -0.000000 0.000000 0.000000 0.000000 1.000000
0.998923 0.013619 0.044351 0.000000 -0.012373 0.999524 -0.028269 9.685800 -0.044715 0.027690 0.998616 -0.000000 0.000000 0.000000 0.000000 1.000000
0.999183 0.010737 0.038963 0.000000 -0.009672 0.999577 -0.027415 9.685800 -0.039241 0.027016 0.998865 0.000000 0.000000 0.000000 0.000000 1.000000
0.999409 0.004388 0.034097 0.000000 -0.003349 0.999530 -0.030465 9.685800 -0.034215 0.030333 0.998954 0.000000 0.000000 0.000000 0.000000 1.000000
0.999563 -0.003586 0.029356 0.000000 0.004726 0.999234 -0.038856 9.685800 -0.029194 0.038978 0.998814 0.000000 0.000000 0.000000 0.000000 1.000000
0.999617 -0.012389 0.024756 0.000000 0.013571 0.998748 -0.048158 9.685800 -0.024128 0.048475 0.998533 -0.000000 0.000000 0.000000 0.000000 1.000000
0.999536 -0.022448 0.020596 -0.000000 0.023553 0.998205 -0.055072 9.685800 -0.019323 0.055532 0.998270 0.000000 0.000000 0.000000 0.000000 1.000000
0.999324 -0.032777 0.016634 0.000000 0.033743 0.997531 -0.061595 9.685800 -0.014574 0.062115 0.997963 0.000000 0.000000 0.000000 0.000000 1.000000
0.998988 -0.043081 0.012941 -0.000000 0.043864 0.996723 -0.067971 9.685800 -0.009970 0.068470 0.997603 0.000000 0.000000 0.000000 0.000000 1.000000
0.998546 -0.052958 0.010045 0.000000 0.053554 0.995867 -0.073353 9.685800 -0.006118 0.073784 0.997255 -0.000000 0.000000 0.000000 0.000000 1.000000
0.997968 -0.063305 0.007243 0.000000 0.063680 0.994841 -0.078973 9.685800 -0.002206 0.079274 0.996850 -0.000000 0.000000 0.000000 0.000000 1.000000
0.997449 -0.071350 0.002267 0.000000 0.071310 0.994424 -0.077690 9.685800 0.003288 0.077653 0.996975 -0.000000 0.000000 0.000000 0.000000 1.000000
0.997306 -0.073142 -0.005546 0.000000 0.072533 0.994612 -0.074064 9.685800 0.010933 0.073462 0.997238 0.000000 0.000000 0.000000 0.000000 1.000000
0.997239 -0.073054 -0.013358 -0.000000 0.071958 0.994984 -0.069492 9.685800 0.018367 0.068339 0.997493 0.000000 0.000000 0.000000 0.000000 1.000000
0.997373 -0.070084 -0.018290 0.000000 0.068817 0.995665 -0.062571 9.685800 0.022596 0.061148 0.997873 -0.000000 0.000000 0.000000 0.000000 1.000000
0.997661 -0.065792 -0.018523 0.000000 0.064566 0.996084 -0.060403 9.685800 0.022424 0.059066 0.998002 0.000000 0.000000 0.000000 0.000000 1.000000
0.998214 -0.057640 -0.015707 0.000000 0.056645 0.996722 -0.057760 9.685800 0.018985 0.056767 0.998207 0.000000 0.000000 0.000000 0.000000 1.000000
0.998678 -0.050252 -0.010770 -0.000000 0.049521 0.996975 -0.059906 9.685800 0.013748 0.059294 0.998146 0.000000 0.000000 0.000000 0.000000 1.000000
0.998594 -0.052144 -0.009567 -0.000000 0.051489 0.996915 -0.059241 9.685800 0.012626 0.058665 0.998198 0.000000 0.000000 0.000000 0.000000 1.000000
0.998550 -0.052217 -0.013063 -0.000000 0.051559 0.997587 -0.046488 9.685800 0.015459 0.045747 0.998833 0.000000 0.000000 0.000000 0.000000 1.000000
0.998801 -0.045689 -0.017598 -0.000000 0.045137 0.998512 -0.030593 9.685800 0.018969 0.029762 0.999377 0.000000 0.000000 0.000000 0.000000 1.000000
0.999033 -0.037485 -0.022964 0.000000 0.037141 0.999194 -0.015220 9.685800 0.023516 0.014352 0.999620 -0.000000 0.000000 0.000000 0.000000 1.000000
0.999071 -0.033926 -0.026579 -0.000000 0.033673 0.999384 -0.009914 9.685800 0.026899 0.009010 0.999598 -0.000000 0.000000 0.000000 0.000000 1.000000
0.999033 -0.032616 -0.029473 0.000000 0.032508 0.999463 -0.004135 9.685800 0.029592 0.003173 0.999557 0.000000 0.000000 0.000000 0.000000 1.000000
0.999033 -0.031488 -0.030701 0.000000 0.031550 0.999501 0.001548 9.685800 0.030637 -0.002515 0.999527 -0.000000 0.000000 0.000000 0.000000 1.000000</float_array>
        <technique_common>
          <accessor source="#mixamorig_Spine1-Matrix-animation-output-transform-array" count="37" stride="16">
            <param type="float4x4"/>
          </accessor>
        </technique_common>
      </source>
      <source id="mixamorig_Spine1-Interpolations">
        <Name_array id="mixamorig_Spine1-Interpolations-array" count="37">
 LINEAR LINEAR LINEAR LINEAR LINEAR LINEAR LINEAR LINEAR LINEAR LINEAR LINEAR
LINEAR LINEAR LINEAR LINEAR LINEAR LINEAR LINEAR LINEAR LINEAR LINEAR LINEAR LINEAR
LINEAR LINEAR LINEAR LINEAR LINEAR LINEAR LINEAR LINEAR LINEAR LINEAR LINEAR LINEAR
LINEAR LINEAR</Name_array>
        <technique_common>
          <accessor source="#mixamorig_Spine1-Interpolations-array" count="37">
            <param type="name"/>
          </accessor>
        </technique_common>
      </source>
      <sampler id="mixamorig_Spine1-Matrix-animation-transform">
        <input semantic="INPUT" source="#mixamorig_Spine1-Matrix-animation-input"/>
        <input semantic="OUTPUT" source="#mixamorig_Spine1-Matrix-animation-output-transform"/>
        <input semantic="INTERPOLATION" source="#mixamorig_Spine1-Interpolations"/>
      </sampler>
      <channel source="#mixamorig_Spine1-Matrix-animation-transform" target="mixamorig_Spine1/matrix"/>
    </animation>
    <animation id="mixamorig_Spine2-anim" name="mixamorig_Spine2">
      <source id="mixamorig_Spine2-Matrix-animation-input">
        <float_array id="mixamorig_Spine2-Matrix-animation-input-array" count="37">

0.000000 0.033333 0.066667 0.100000 0.133333 0.166667 0.200000 0.233333 0.266667 0.300000 0.333333 0.366667 0.400000 0.433333 0.466667 0.500000
0.533333 0.566667 0.600000 0.633333 0.666667 0.700000 0.733333 0.766667 0.800000 0.833333 0.866667 0.900000 0.933333 0.966667 1.000000 1.033333
1.066667 1.100000 1.133333 1.166667 1.200000</float_array>
        <technique_common>
          <accessor source="#mixamorig_Spine2-Matrix-animation-input-array" count="37">
            <param name="TIME" type="float"/>
          </accessor>
        </technique_common>
      </source>
      <source id="mixamorig_Spine2-Matrix-animation-output-transform">
        <float_array id="mixamorig_Spine2-Matrix-animation-output-transform-array" count="592">

0.999034 -0.032383 -0.029709 -0.000000 0.032808 0.999365 0.013933 15.875400 0.029239 -0.014894 0.999461 0.000000 0.000000 0.000000 0.000000 1.000000
0.999601 -0.017654 -0.022062 -0.000000 0.017860 0.999798 0.009197 15.875400 0.021895 -0.009587 0.999714 0.000000 0.000000 0.000000 0.000000 1.000000
0.999887 -0.002818 -0.014765 0.000000 0.002882 0.999987 0.004301 15.875400 0.014753 -0.004343 0.999882 0.000000 0.000000 0.000000 0.000000 1.000000
0.999901 0.012052 -0.007215 0.000000 -0.012059 0.999927 -0.000954 15.875400 0.007203 0.001041 0.999974 0.000000 0.000000 0.000000 0.000000 1.000000
0.999637 0.026904 0.001184 -0.000000 -0.026896 0.999615 -0.006805 15.875400 -0.001367 0.006771 0.999976 -0.000000 0.000000 0.000000 0.000000 1.000000
0.999012 0.041244 0.016544 0.000000 -0.040986 0.999038 -0.015619 15.875400 -0.017173 0.014926 0.999741 -0.000000 0.000000 0.000000 0.000000 1.000000
0.998374 0.046510 0.032957 0.000000 -0.045961 0.998795 -0.017215 15.875400 -0.033718 0.015673 0.999309 0.000000 0.000000 0.000000 0.000000 1.000000
0.997575 0.049630 0.048789 0.000000 -0.048828 0.998654 -0.017506 15.875400 -0.049592 0.015082 0.998656 0.000000 0.000000 0.000000 0.000000 1.000000
0.996590 0.052138 0.063955 0.000000 -0.051259 0.998568 -0.015311 15.875400 -0.064662 0.011980 0.997835 0.000000 0.000000 0.000000 0.000000 1.000000
0.996385 0.045026 0.072044 -0.000000 -0.044461 0.998967 -0.009433 15.875400 -0.072394 0.006196 0.997357 0.000000 0.000000 0.000000 0.000000 1.000000
0.997020 0.031182 0.070566 0.000000 -0.030747 0.999501 -0.007237 15.875400 -0.070757 0.005046 0.997481 0.000000 0.000000 0.000000 0.000000 1.000000
0.997868 0.017008 0.063010 0.000000 -0.016471 0.999824 -0.009034 15.875400 -0.063153 0.007977 0.997972 0.000000 0.000000 0.000000 0.000000 1.000000
0.998448 0.011299 0.054535 0.000000 -0.010778 0.999894 -0.009825 15.875400 -0.054640 0.009222 0.998464 -0.000000 0.000000 0.000000 0.000000 1.000000
0.998818 0.012746 0.046901 0.000000 -0.012365 0.999888 -0.008422 15.875400 -0.047004 0.007832 0.998864 -0.000000 0.000000 0.000000 0.000000 1.000000
0.999089 0.009703 0.041546 0.000000 -0.009426 0.999932 -0.006855 15.875400 -0.041609 0.006457 0.999113 0.000000 0.000000 0.000000 0.000000 1.000000
0.999309 0.002906 0.037045 -0.000000 -0.002554 0.999951 -0.009529 15.875400 -0.037071 0.009427 0.999268 0.000000 0.000000 0.000000 0.000000 1.000000
0.999452 -0.005478 0.032660 0.000000 0.006067 0.999820 -0.017990 15.875400 -0.032555 0.018178 0.999305 0.000000 0.000000 0.000000 0.000000 1.000000
0.999491 -0.014377 0.028478 0.000000 0.015172 0.999496 -0.027888 15.875400 -0.028063 0.028306 0.999205 -0.000000 0.000000 0.000000 0.000000 1.000000
0.999403 -0.024251 0.024596 0.000000 0.025120 0.999048 -0.035675 15.875400 -0.023707 0.036272 0.999061 0.000000 0.000000 0.000000 0.000000 1.000000
0.999192 -0.034340 0.020897 0.000000 0.035216 0.998449 -0.043118 15.875400 -0.019384 0.043819 0.998851 0.000000 0.000000 0.000000 0.000000 1.000000
0.998865 -0.044321 0.017460 -0.000000 0.045151 0.997707 -0.050423 15.875400 -0.015186 0.051154 0.998575 0.000000 0.000000 0.000000 0.000000 1.000000
0.998463 -0.053436 0.014719 0.000000 0.054190 0.996914 -0.056791 15.875400 -0.011639 0.057501 0.998278 0.000000 0.000000 0.000000 0.000000 1.000000
0.997952 -0.062904 0.011597 0.000000 0.063519 0.995940 -0.063792 15.875400 -0.007538 0.064398 0.997896 -0.000000 0.000000 0.000000 0.000000 1.000000
0.997515 -0.070166 0.006315 0.000000 0.070426 0.995475 -0.063789 15.875400 -0.001811 0.064075 0.997943 0.000000 0.000000 0.000000 0.000000 1.000000
0.997439 -0.071503 -0.001862 0.000000 0.071256 0.995586 -0.061080 15.875400 0.006221 0.060790 0.998131 -0.000000 0.000000 0.000000 0.000000 1.000000
0.997418 -0.071112 -0.009985 0.000000 0.070429 0.995872 -0.057261 15.875400 0.014016 0.056410 0.998309 -0.000000 0.000000 0.000000 0.000000 1.000000
0.997557 -0.068243 -0.014909 -0.000000 0.067409 0.996438 -0.050665 15.875400 0.018313 0.049536 0.998604 0.000000 0.000000 0.000000 0.000000 1.000000
0.997829 -0.064097 -0.015148 0.000000 0.063299 0.996823 -0.048337 15.875400 0.018198 0.047274 0.998716 -0.000000 0.000000 0.000000 0.000000 1.000000
0.998341 -0.056244 -0.012304 0.000000 0.055636 0.997429 -0.045168 15.875400 0.014812 0.044408 0.998904 -0.000000 0.000000 0.000000 0.000000 1.000000
0.998767 -0.049107 -0.007231 -0.000000 0.048718 0.997723 -0.046635 15.875400 0.009504 0.046225 0.998886 0.000000 0.000000 0.000000 0.000000 1.000000
0.998680 -0.051037 -0.005821 0.000000 0.050717 0.997656 -0.045931 15.875400 0.008151 0.045576 0.998928 0.000000 0.000000 0.000000 0.000000 1.000000
0.998631 -0.051385 -0.009823 0.000000 0.051031 0.998137 -0.033433 15.875400 0.011523 0.032886 0.999393 0.000000 0.000000 0.000000 0.000000 1.000000
0.998871 -0.045069 -0.014993 -0.000000 0.044806 0.998844 -0.017428 15.875400 0.015761 0.016736 0.999736 0.000000 0.000000 0.000000 0.000000 1.000000
0.999180 -0.034967 -0.020414 0.000000 0.034947 0.999388 -0.001300 15.875400 0.020447 0.000585 0.999791 -0.000000 0.000000 0.000000 0.000000 1.000000
0.999254 -0.029890 -0.024473 0.000000 0.030003 0.999541 0.004284 15.875400 0.024333 -0.005015 0.999691 0.000000 0.000000 0.000000 0.000000 1.000000
0.999132 -0.030685 -0.028186 0.000000 0.030956 0.999478 0.009221 15.875400 0.027888 -0.010086 0.999560 0.000000 0.000000 0.000000 0.000000 1.000000
0.999034 -0.032383 -0.029709 0.000000 0.032808 0.999365 0.013932 15.875400 0.029239 -0.014894 0.999461 -0.000000 0.000000 0.000000 0.000000 1.000000</float_array>
        <technique_common>
          <accessor source="#mixamorig_Spine2-Matrix-animation-output-transform-array" count="37" stride="16">
            <param type="float4x4"/>
          </accessor>
        </technique_common>
      </source>
      <source id="mixamorig_Spine2-Interpolations">
        <Name_array id="mixamorig_Spine2-Interpolations-array" count="37">
 LINEAR LINEAR LINEAR LINEAR LINEAR LINEAR LINEAR LINEAR LINEAR LINEAR LINEAR
LINEAR LINEAR LINEAR LINEAR LINEAR LINEAR LINEAR LINEAR LINEAR LINEAR LINEAR LINEAR
LINEAR LINEAR LINEAR LINEAR LINEAR LINEAR LINEAR LINEAR LINEAR LINEAR LINEAR LINEAR
LINEAR LINEAR</Name_array>
        <technique_common>
          <accessor source="#mixamorig_Spine2-Interpolations-array" count="37">
            <param type="name"/>
          </accessor>
        </technique_common>
      </source>
      <sampler id="mixamorig_Spine2-Matrix-animation-transform">
        <input semantic="INPUT" source="#mixamorig_Spine2-Matrix-animation-input"/>
        <input semantic="OUTPUT" source="#mixamorig_Spine2-Matrix-animation-output-transform"/>
        <input semantic="INTERPOLATION" source="#mixamorig_Spine2-Interpolations"/>
      </sampler>
      <channel source="#mixamorig_Spine2-Matrix-animation-transform" target="mixamorig_Spine2/matrix"/>
    </animation>
    <animation id="mixamorig_Neck-anim" name="mixamorig_Neck">
      <source id="mixamorig_Neck-Matrix-animation-input">
        <float_array id="mixamorig_Neck-Matrix-animation-input-array" count="37">

0.000000 0.033333 0.066667 0.100000 0.133333 0.166667 0.200000 0.233333 0.266667 0.300000 0.333333 0.366667 0.400000 0.433333 0.466667 0.500000
0.533333 0.566667 0.600000 0.633333 0.666667 0.700000 0.733333 0.766667 0.800000 0.833333 0.866667 0.900000 0.933333 0.966667 1.000000 1.033333
1.066667 1.100000 1.133333 1.166667 1.200000</float_array>
        <technique_common>
          <accessor source="#mixamorig_Neck-Matrix-animation-input-array" count="37">
            <param name="TIME" type="float"/>
          </accessor>
        </technique_common>
      </source>
      <source id="mixamorig_Neck-Matrix-animation-output-transform">
        <float_array id="mixamorig_Neck-Matrix-animation-output-transform-array" count="592">

0.912568 0.055996 0.405073 -0.000000 -0.033686 0.997507 -0.062002 26.173401 -0.407536 0.042935 0.912179 -0.161200 0.000000 0.000000 0.000000 1.000000
0.914288 0.046010 0.402442 0.000000 -0.026259 0.998171 -0.054461 26.173401 -0.404212 0.039225 0.913824 -0.161200 0.000000 0.000000 0.000000 1.000000
0.916123 0.035599 0.399314 -0.000000 -0.018508 0.998743 -0.046578 26.173401 -0.400470 0.035281 0.915630 -0.161200 0.000000 0.000000 0.000000 1.000000
0.917511 0.026098 0.396852 0.000000 -0.011326 0.999155 -0.039520 26.173401 -0.397548 0.031765 0.917031 -0.161200 0.000000 0.000000 0.000000 1.000000
0.917935 0.018814 0.396285 0.000000 -0.005630 0.999392 -0.034407 26.173401 -0.396692 0.029353 0.917482 -0.161200 0.000000 0.000000 0.000000 1.000000
0.911812 0.027249 0.409704 0.000000 -0.010572 0.999023 -0.042915 26.173401 -0.410473 0.034799 0.911209 -0.161200 0.000000 0.000000 0.000000 1.000000
0.905532 0.036317 0.422721 -0.000000 -0.015959 0.998540 -0.051600 26.173401 -0.423978 0.039979 0.904790 -0.161200 0.000000 0.000000 0.000000 1.000000
0.900290 0.039447 0.433500 -0.000000 -0.016786 0.998291 -0.055979 26.173401 -0.434968 0.043120 0.899413 -0.161200 0.000000 0.000000 0.000000 1.000000
0.895691 0.040307 0.442847 0.000000 -0.016004 0.998160 -0.058482 26.173401 -0.444390 0.045295 0.894688 -0.161200 0.000000 0.000000 0.000000 1.000000
0.893539 0.041336 0.447078 0.000000 -0.016203 0.998073 -0.059896 26.173401 -0.448693 0.046275 0.892487 -0.161200 0.000000 0.000000 0.000000 1.000000
0.893922 0.043081 0.446148 0.000000 -0.017808 0.997998 -0.060687 26.173401 -0.447869 0.046305 0.892899 -0.161200 0.000000 0.000000 0.000000 1.000000
0.898292 0.048392 0.436727 -0.000000 -0.023631 0.997799 -0.061957 26.173401 -0.438764 0.045335 0.897458 -0.161200 0.000000 0.000000 0.000000 1.000000
0.902940 0.054113 0.426346 -0.000000 -0.029926 0.997550 -0.063233 26.173401 -0.428723 0.044337 0.902347 -0.161200 0.000000 0.000000 0.000000 1.000000
0.904307 0.056293 0.423154 -0.000000 -0.032249 0.997443 -0.063774 26.173401 -0.425662 0.044024 0.903811 -0.161200 0.000000 0.000000 0.000000 1.000000
0.904736 0.057398 0.422088 0.000000 -0.033365 0.997385 -0.064114 26.173401 -0.424664 0.043923 0.904285 -0.161200 0.000000 0.000000 0.000000 1.000000
0.905439 0.058767 0.420389 -0.000000 -0.034801 0.997313 -0.064460 26.173401 -0.423048 0.043735 0.905051 -0.161200 0.000000 0.000000 0.000000 1.000000
0.906107 0.060063 0.418764 0.000000 -0.036155 0.997243 -0.064802 26.173401 -0.421501 0.043577 0.905780 -0.161200 0.000000 0.000000 0.000000 1.000000
0.906239 0.060703 0.418385 0.000000 -0.036785 0.997207 -0.065006 26.173401 -0.421162 0.043521 0.905941 -0.161200 0.000000 0.000000 0.000000 1.000000
0.906956 0.061283 0.416744 0.000000 -0.037479 0.997177 -0.065070 26.173401 -0.419555 0.043397 0.906692 -0.161200 0.000000 0.000000 0.000000 1.000000
0.907781 0.061838 0.414861 -0.000000 -0.038174 0.997148 -0.065100 26.173401 -0.417704 0.043260 0.907553 -0.161200 0.000000 0.000000 0.000000 1.000000
0.908641 0.062177 0.412923 0.000000 -0.038674 0.997133 -0.065043 26.173401 -0.415783 0.043131 0.908441 -0.161200 0.000000 0.000000 0.000000 1.000000
0.909669 0.061366 0.410775 -0.000000 -0.038124 0.997186 -0.064544 26.173401 -0.413580 0.043053 0.909449 -0.161200 0.000000 0.000000 0.000000 1.000000
0.911674 0.061181 0.406334 -0.000000 -0.038367 0.997208 -0.064065 26.173401 -0.409119 0.042817 0.911476 -0.161200 0.000000 0.000000 0.000000 1.000000
0.914142 0.061201 0.400749 0.000000 -0.038895 0.997219 -0.063569 26.173401 -0.403525 0.042524 0.913980 -0.161200 0.000000 0.000000 0.000000 1.000000
0.915521 0.060282 0.397728 -0.000000 -0.038306 0.997279 -0.062978 26.173401 -0.400443 0.042422 0.915339 -0.161200 0.000000 0.000000 0.000000 1.000000
0.917239 0.056645 0.394288 0.000000 -0.035215 0.997493 -0.061383 26.173401 -0.396777 0.042418 0.916934 -0.161200 0.000000 0.000000 0.000000 1.000000
0.921569 0.040343 0.386112 0.000000 -0.020658 0.998273 -0.054997 26.173401 -0.387664 0.042708 0.920811 -0.161200 0.000000 0.000000 0.000000 1.000000
0.919296 0.051369 0.390200 -0.000000 -0.030642 0.997778 -0.059164 26.173401 -0.392373 0.042432 0.918827 -0.161200 0.000000 0.000000 0.000000 1.000000
0.918202 0.050125 0.392929 0.000000 -0.029253 0.997833 -0.058931 26.173401 -0.395031 0.042616 0.917679 -0.161200 0.000000 0.000000 0.000000 1.000000
0.917043 0.042851 0.396478 0.000000 -0.022174 0.998151 -0.056594 26.173401 -0.398171 0.043108 0.916298 -0.161200 0.000000 0.000000 0.000000 1.000000
0.911849 0.075715 0.403483 -0.000000 -0.047244 0.995669 -0.080072 26.173401 -0.407798 0.053951 0.911477 -0.161200 0.000000 0.000000 0.000000 1.000000
0.915776 0.078308 0.393983 0.000000 -0.050919 0.995532 -0.079517 26.173401 -0.398449 0.052758 0.915672 -0.161200 0.000000 0.000000 0.000000 1.000000
0.925927 0.035980 0.375986 0.000000 -0.021142 0.998829 -0.043517 26.173401 -0.377111 0.032344 0.925603 -0.161200 0.000000 0.000000 0.000000 1.000000
0.928148 0.022750 0.371517 0.000000 -0.011368 0.999397 -0.032798 26.173401 -0.372039 0.026218 0.927847 -0.161200 0.000000 0.000000 0.000000 1.000000
0.923757 0.035923 0.381291 0.000000 -0.021044 0.998848 -0.043121 26.173401 -0.382401 0.031810 0.923449 -0.161200 0.000000 0.000000 0.000000 1.000000
0.917811 0.046610 0.394271 0.000000 -0.027764 0.998189 -0.053371 26.173401 -0.396045 0.038038 0.917443 -0.161200 0.000000 0.000000 0.000000 1.000000
0.912565 0.056005 0.405078 0.000000 -0.033687 0.997506 -0.062021 26.173401 -0.407542 0.042953 0.912176 -0.161200 0.000000 0.000000 0.000000 1.000000</float_array>
        <technique_common>
          <accessor source="#mixamorig_Neck-Matrix-animation-output-transform-array" count="37" stride="16">
            <param type="float4x4"/>
          </accessor>
        </technique_common>
      </source>
      <source id="mixamorig_Neck-Interpolations">
        <Name_array id="mixamorig_Neck-Interpolations-array" count="37">
 LINEAR LINEAR LINEAR LINEAR LINEAR LINEAR LINEAR LINEAR LINEAR LINEAR LINEAR
LINEAR LINEAR LINEAR LINEAR LINEAR LINEAR LINEAR LINEAR LINEAR LINEAR LINEAR LINEAR
LINEAR LINEAR LINEAR LINEAR LINEAR LINEAR LINEAR LINEAR LINEAR LINEAR LINEAR LINEAR
LINEAR LINEAR</Name_array>
        <technique_common>
          <accessor source="#mixamorig_Neck-Interpolations-array" count="37">
            <param type="name"/>
          </accessor>
        </technique_common>
      </source>
      <sampler id="mixamorig_Neck-Matrix-animation-transform">
        <input semantic="INPUT" source="#mixamorig_Neck-Matrix-animation-input"/>
        <input semantic="OUTPUT" source="#mixamorig_Neck-Matrix-animation-output-transform"/>
        <input semantic="INTERPOLATION" source="#mixamorig_Neck-Interpolations"/>
      </sampler>
      <channel source="#mixamorig_Neck-Matrix-animation-transform" target="mixamorig_Neck/matrix"/>
    </animation>
    <animation id="mixamorig_Head-anim" name="mixamorig_Head">
      <source id="mixamorig_Head-Matrix-animation-input">
        <float_array id="mixamorig_Head-Matrix-animation-input-array" count="37">

0.000000 0.033333 0.066667 0.100000 0.133333 0.166667 0.200000 0.233333 0.266667 0.300000 0.333333 0.366667 0.400000 0.433333 0.466667 0.500000
0.533333 0.566667 0.600000 0.633333 0.666667 0.700000 0.733333 0.766667 0.800000 0.833333 0.866667 0.900000 0.933333 0.966667 1.000000 1.033333
1.066667 1.100000 1.133333 1.166667 1.200000</float_array>
        <technique_common>
