<?xml version="1.0" encoding="utf-8"?>
<COLLADA xmlns="http://www.collada.org/2005/11/COLLADASchema" version="1.4.1">
  <asset>
    <contributor>
      <author>Mixamo</author>
      <authoring_tool>COLLADA Mixamo exporter</authoring_tool>
      <comments/>
    </contributor>
    <created>2025-11-14T05:17:43Z</created>
    <modified>2025-11-14T05:17:43Z</modified>
    <revision/>
    <title/>
    <unit meter="0.010000"/>
    <up_axis>Y_UP</up_axis>
  </asset>
  <library_animations>
    <animation id="mixamorig_Hips-anim" name="mixamorig_Hips">
      <source id="mixamorig_Hips-Matrix-animation-input">
        <float_array id="mixamorig_Hips-Matrix-animation-input-array" count="37">

0.000000 0.033333 0.066667 0.100000 0.133333 0.166667 0.200000 0.233333 0.266667 0.300000 0.333333 0.366667 0.400000 0.433333 0.466667 0.500000
0.533333 0.566667 0.600000 0.633333 0.666667 0.700000 0.733333 0.766667 0.800000 0.833333 0.866667 0.900000 0.933333 0.966667 1.000000 1.033333
1.066667 1.100000 1.133333 1.166667 1.200000</float_array>
        <technique_common>
          <accessor source="#mixamorig_Hips-Matrix-animation-input-array" count="37">
            <param name="TIME" type="float"/>
          </accessor>
        </technique_common>
      </source>
      <source id="mixamorig_Hips-Matrix-animation-output-transform">
        <float_array id="mixamorig_Hips-Matrix-animation-output-transform-array" count="592">

0.725265 -0.094568 -0.681944 0.082009 0.015298 0.992490 -0.121363 106.533546 0.688300 0.077588 0.721265 0.369183 0.000000 0.000000 0.000000 1.000000
0.739869 -0.082437 -0.667682 0.558830 0.006031 0.993237 -0.115949 107.172058 0.672724 0.081760 0.735362 -3.132498 0.000000 0.000000 0.000000 1.000000
0.754344 -0.068898 -0.652854 1.057251 -0.004466 0.993916 -0.110051 107.660522 0.656464 0.085932 0.749447 -6.576426 0.000000 0.000000 0.000000 1.000000
0.768413 -0.054969 -0.637589 1.560433 -0.015479 0.994416 -0.104388 108.031448 0.639767 0.090082 0.763272 -10.034839 0.000000 0.000000 0.000000 1.000000
0.782160 -0.040965 -0.621730 2.065818 -0.026587 0.994733 -0.098989 107.964760 0.622511 0.093955 0.776951 -13.623423 0.000000 0.000000 0.000000 1.000000
0.795398 -0.028028 -0.605440 2.553200 -0.036746 0.994863 -0.094330 107.537880 0.604973 0.097277 0.790281 -17.391121 0.000000 0.000000 0.000000 1.000000
0.807929 -0.016525 -0.589048 3.025418 -0.045814 0.994820 -0.090747 106.850235 0.587496 0.100304 0.802987 -21.346775 0.000000 0.000000 0.000000 1.000000
0.819656 -0.006728 -0.572817 3.473144 -0.053726 0.994621 -0.088560 105.994659 0.570331 0.103364 0.814885 -25.576994 0.000000 0.000000 0.000000 1.000000
0.830371 -0.000691 -0.557211 3.870492 -0.059217 0.994227 -0.089480 105.073334 0.554056 0.107298 0.825536 -30.022686 0.000000 0.000000 0.000000 1.000000
0.838265 0.000263 -0.545263 4.182631 -0.061869 0.993588 -0.094635 104.153259 0.541742 0.113064 0.832906 -34.567665 0.000000 0.000000 0.000000 1.000000
0.842371 -0.009953 -0.538806 4.342753 -0.053438 0.993359 -0.101895 103.230278 0.536242 0.114626 0.836245 -39.212719 0.000000 0.000000 0.000000 1.000000
0.840894 -0.031824 -0.540264 4.372089 -0.035336 0.992911 -0.113484 102.387047 0.540046 0.114519 0.833808 -43.799366 0.000000 0.000000 0.000000 1.000000
0.831911 -0.044291 -0.553139 4.554462 -0.025735 0.992658 -0.118189 101.730431 0.554313 0.112557 0.824663 -48.267021 0.000000 0.000000 0.000000 1.000000
0.823630 -0.057258 -0.564229 4.746964 -0.016510 0.992048 -0.124774 101.507736 0.566887 0.112083 0.816135 -52.756237 0.000000 0.000000 0.000000 1.000000
0.815886 -0.070698 -0.573875 4.937743 -0.005822 0.991442 -0.130416 101.795723 0.578184 0.109746 0.808492 -57.371941 0.000000 0.000000 0.000000 1.000000
0.812874 -0.075689 -0.577500 5.174016 -0.001972 0.991157 -0.132679 102.375458 0.582436 0.108990 0.805537 -62.009800 0.000000 0.000000 0.000000 1.000000
0.811009 -0.076377 -0.580027 5.322955 -0.001960 0.991081 -0.133245 103.150131 0.585031 0.109199 0.803626 -66.657661 0.000000 0.000000 0.000000 1.000000
0.809491 -0.070055 -0.582938 5.224600 -0.008570 0.991341 -0.131036 104.288261 0.587070 0.111068 0.801881 -71.319733 0.000000 0.000000 0.000000 1.000000
0.807904 -0.061766 -0.586069 5.007054 -0.017165 0.991604 -0.128168 105.545059 0.589064 0.113607 0.800060 -75.987190 0.000000 0.000000 0.000000 1.000000
0.804956 -0.057852 -0.590507 4.659792 -0.022478 0.991547 -0.127784 106.674156 0.592908 0.116134 0.796852 -80.651321 0.000000 0.000000 0.000000 1.000000
0.803090 -0.056675 -0.593156 4.192176 -0.022843 0.991806 -0.125694 107.283897 0.595419 0.114493 0.795215 -85.344177 0.000000 0.000000 0.000000 1.000000
0.801388 -0.056062 -0.595511 3.699348 -0.022258 0.992113 -0.123352 107.781403 0.597730 0.112107 0.793820 -90.039719 0.000000 0.000000 0.000000 1.000000
0.799063 -0.056483 -0.598588 3.164171 -0.021222 0.992308 -0.121965 108.041351 0.600873 0.110161 0.791717 -94.692215 0.000000 0.000000 0.000000 1.000000
0.795238 -0.059113 -0.603408 2.538115 -0.019464 0.992234 -0.122856 107.778358 0.605985 0.109444 0.787912 -99.207687 0.000000 0.000000 0.000000 1.000000
0.790384 -0.063387 -0.609323 1.849478 -0.017042 0.991973 -0.125299 107.171082 0.612374 0.109418 0.782959 -103.729942 0.000000 0.000000 0.000000 1.000000
0.784249 -0.069640 -0.616526 1.102500 -0.013931 0.991454 -0.129711 106.273773 0.620290 0.110314 0.776576 -108.580025 0.000000 0.000000 0.000000 1.000000
0.779940 -0.077969 -0.620978 0.252814 -0.008322 0.990830 -0.134859 105.176697 0.625799 0.110350 0.772139 -113.658340 0.000000 0.000000 0.000000 1.000000
0.777475 -0.085332 -0.623098 -0.664062 -0.004218 0.990023 -0.140844 103.938293 0.628899 0.112131 0.769358 -118.769371 0.000000 0.000000 0.000000 1.000000
0.776041 -0.084968 -0.624932 -1.448524 -0.008829 0.989322 -0.145476 102.807594 0.630620 0.118413 0.767005 -124.053024 0.000000 0.000000 0.000000 1.000000
0.775752 -0.088010 -0.624871 -2.053078 -0.008668 0.988647 -0.150007 101.794556 0.630979 0.121784 0.766182 -129.076431 0.000000 0.000000 0.000000 1.000000
0.779614 -0.095983 -0.618861 -2.408141 0.005528 0.989202 -0.146456 101.281319 0.626236 0.110758 0.771726 -133.660706 0.000000 0.000000 0.000000 1.000000
0.779613 -0.097417 -0.618638 -2.406938 0.013224 0.990168 -0.139256 101.333374 0.626121 0.100385 0.773237 -138.272171 0.000000 0.000000 0.000000 1.000000
0.769039 -0.098580 -0.631555 -2.069523 0.016001 0.990695 -0.135155 101.839661 0.639002 0.093833 0.763460 -142.847885 0.000000 0.000000 0.000000 1.000000
0.752353 -0.099594 -0.651188 -1.644599 0.016210 0.991005 -0.132838 102.737923 0.658561 0.089385 0.747200 -147.282028 0.000000 0.000000 0.000000 1.000000
0.736607 -0.099791 -0.668919 -1.115962 0.015530 0.991290 -0.130781 103.926453 0.676143 0.085946 0.731740 -151.547928 0.000000 0.000000 0.000000 1.000000
0.727696 -0.098702 -0.678761 -0.522948 0.015539 0.991710 -0.127551 105.259232 0.685724 0.082271 0.723197 -155.579071 0.000000 0.000000 0.000000 1.000000
0.725265 -0.094568 -0.681944 0.082011 0.015297 0.992490 -0.121363 106.533577 0.688300 0.077589 0.721265 -159.282227 0.000000 0.000000 0.000000 1.000000</float_array>
        <technique_common>
          <accessor source="#mixamorig_Hips-Matrix-animation-output-transform-array" count="37" stride="16">
            <param type="float4x4"/>
          </accessor>
        </technique_common>
      </source>
      <source id="mixamorig_Hips-Interpolations">
        <Name_array id="mixamorig_Hips-Interpolations-array" count="37">
 LINEAR LINEAR LINEAR LINEAR LINEAR LINEAR LINEAR LINEAR LINEAR LINEAR LINEAR
LINEAR LINEAR LINEAR LINEAR LINEAR LINEAR LINEAR LINEAR LINEAR LINEAR LINEAR LINEAR
LINEAR LINEAR LINEAR LINEAR LINEAR LINEAR LINEAR LINEAR LINEAR LINEAR LINEAR LINEAR
LINEAR LINEAR</Name_array>
        <technique_common>
          <accessor source="#mixamorig_Hips-Interpolations-array" count="37">
            <param type="name"/>
          </accessor>
        </technique_common>
      </source>
      <sampler id="mixamorig_Hips-Matrix-animation-transform">
        <input semantic="INPUT" source="#mixamorig_Hips-Matrix-animation-input"/>
        <input semantic="OUTPUT" source="#mixamorig_Hips-Matrix-animation-output-transform"/>
        <input semantic="INTERPOLATION" source="#mixamorig_Hips-Interpolations"/>
      </sampler>
      <channel source="#mixamorig_Hips-Matrix-animation-transform" target="mixamorig_Hips/matrix"/>
    </animation>
    <animation id="mixamorig_Spine-anim" name="mixamorig_Spine">
      <source id="mixamorig_Spine-Matrix-animation-input">
        <float_array id="mixamorig_Spine-Matrix-animation-input-array" count="37">

0.000000 0.033333 0.066667 0.100000 0.133333 0.166667 0.200000 0.233333 0.266667 0.300000 0.333333 0.366667 0.400000 0.433333 0.466667 0.500000
0.533333 0.566667 0.600000 0.633333 0.666667 0.700000 0.733333 0.766667 0.800000 0.833333 0.866667 0.900000 0.933333 0.966667 1.000000 1.033333
1.066667 1.100000 1.133333 1.166667 1.200000</float_array>
        <technique_common>
          <accessor source="#mixamorig_Spine-Matrix-animation-input-array" count="37">
            <param name="TIME" type="float"/>
          </accessor>
        </technique_common>
      </source>
      <source id="mixamorig_Spine-Matrix-animation-output-transform">
        <float_array id="mixamorig_Spine-Matrix-animation-output-transform-array" count="592">

0.988298 0.135958 -0.069158 -0.000000 -0.150194 0.946508 -0.285595 8.536500 0.026630 0.292640 0.955852 0.187100 0.000000 0.000000 0.000000 1.000000
0.990559 0.118612 -0.068725 0.000000 -0.133049 0.952595 -0.273608 8.536500 0.033014 0.280169 0.959383 0.187100 0.000000 0.000000 0.000000 1.000000
0.992683 0.099845 -0.067914 0.000000 -0.114285 0.958436 -0.261418 8.536500 0.038991 0.267266 0.962834 0.187100 0.000000 0.000000 0.000000 1.000000
0.994446 0.080816 -0.067418 -0.000000 -0.095218 0.963751 -0.249235 8.536500 0.044832 0.254270 0.966094 0.187100 0.000000 0.000000 0.000000 1.000000
0.995805 0.062053 -0.067248 -0.000000 -0.076371 0.968436 -0.237272 8.536500 0.050402 0.241413 0.969113 0.187100 0.000000 0.000000 0.000000 1.000000
0.996685 0.044955 -0.067816 0.000000 -0.059219 0.972386 -0.225742 8.536500 0.055795 0.229009 0.971824 0.187100 0.000000 0.000000 0.000000 1.000000
0.997167 0.030047 -0.068964 -0.000000 -0.044261 0.975631 -0.214908 8.536500 0.060826 0.217352 0.974196 0.187100 0.000000 0.000000 0.000000 1.000000
0.997064 0.026632 -0.071787 0.000000 -0.041177 0.976945 -0.209483 8.536500 0.064553 0.211824 0.975174 0.187100 0.000000 0.000000 0.000000 1.000000
0.996875 0.025654 -0.074716 0.000000 -0.040555 0.977850 -0.205342 8.536500 0.067794 0.207730 0.975834 0.187100 0.000000 0.000000 0.000000 1.000000
0.996317 0.035333 -0.078128 0.000000 -0.050760 0.977384 -0.205291 8.536500 0.069108 0.208501 0.975578 0.187100 0.000000 0.000000 0.000000 1.000000
0.995085 0.056783 -0.081123 -0.000000 -0.072676 0.975248 -0.208828 8.536500 0.067258 0.213698 0.974582 0.187100 0.000000 0.000000 0.000000 1.000000
0.992856 0.086050 -0.082664 0.000000 -0.101924 0.971817 -0.212562 8.536500 0.062043 0.219468 0.973645 0.187100 0.000000 0.000000 0.000000 1.000000
0.990430 0.110941 -0.082102 -0.000000 -0.126383 0.968066 -0.216507 8.536500 0.055460 0.224812 0.972823 0.187100 0.000000 0.000000 0.000000 1.000000
0.988356 0.129449 -0.079965 0.000000 -0.144244 0.964400 -0.221646 8.536500 0.048426 0.230600 0.971843 0.187100 0.000000 0.000000 0.000000 1.000000
0.986778 0.142242 -0.077697 -0.000000 -0.156218 0.962437 -0.222062 8.536500 0.043192 0.231263 0.971932 0.187100 0.000000 0.000000 0.000000 1.000000
0.986410 0.146365 -0.074649 0.000000 -0.159435 0.962460 -0.219663 8.536500 0.039696 0.228579 0.972716 0.187100 0.000000 0.000000 0.000000 1.000000
0.986586 0.146849 -0.071303 0.000000 -0.159024 0.963231 -0.216559 8.536500 0.036880 0.224993 0.973662 0.187100 0.000000 0.000000 0.000000 1.000000
0.987497 0.142383 -0.067649 -0.000000 -0.153721 0.964840 -0.213201 8.536500 0.034914 0.220934 0.974664 0.187100 0.000000 0.000000 0.000000 1.000000
0.988596 0.136340 -0.063943 0.000000 -0.146875 0.966699 -0.209574 8.536500 0.033240 0.216576 0.975700 0.187100 0.000000 0.000000 0.000000 1.000000
0.989262 0.133053 -0.060473 0.000000 -0.142789 0.968128 -0.205768 8.536500 0.031168 0.212194 0.976730 0.187100 0.000000 0.000000 0.000000 1.000000
0.989162 0.134715 -0.058392 0.000000 -0.143949 0.968126 -0.204965 8.536500 0.028919 0.211150 0.977026 0.187100 0.000000 0.000000 0.000000 1.000000
0.988905 0.137349 -0.056592 0.000000 -0.146142 0.967834 -0.204791 8.536500 0.026644 0.210789 0.977168 0.187100 0.000000 0.000000 0.000000 1.000000
0.988518 0.140661 -0.055192 -0.000000 -0.149105 0.967235 -0.205485 8.536500 0.024480 0.211355 0.977103 0.187100 0.000000 0.000000 0.000000 1.000000
0.987874 0.145319 -0.054655 0.000000 -0.153614 0.965936 -0.208255 8.536500 0.022530 0.214125 0.976546 0.187100 0.000000 0.000000 0.000000 1.000000
0.987043 0.150828 -0.054751 0.000000 -0.159097 0.964281 -0.211779 8.536500 0.020853 0.217745 0.975783 0.187100 0.000000 0.000000 0.000000 1.000000
0.986134 0.156430 -0.055405 0.000000 -0.164751 0.962922 -0.213632 8.536500 0.019933 0.219798 0.975342 0.187100 0.000000 0.000000 0.000000 1.000000
0.984730 0.164586 -0.056732 0.000000 -0.173020 0.961329 -0.214266 8.536500 0.019273 0.220810 0.975126 0.187100 0.000000 0.000000 0.000000 1.000000
0.983935 0.168971 -0.057631 0.000000 -0.177447 0.961098 -0.211670 8.536500 0.019623 0.218496 0.975641 0.187100 0.000000 0.000000 0.000000 1.000000
0.984479 0.165832 -0.057453 0.000000 -0.174204 0.963099 -0.205166 8.536500 0.021310 0.211990 0.977039 0.187100 0.000000 0.000000 0.000000 1.000000
0.985427 0.159925 -0.057943 -0.000000 -0.168331 0.965839 -0.197026 8.536500 0.024454 0.203908 0.978685 0.187100 0.000000 0.000000 0.000000 1.000000
0.985729 0.157171 -0.060289 0.000000 -0.166248 0.965178 -0.201975 8.536500 0.026445 0.209115 0.977533 0.187100 0.000000 0.000000 0.000000 1.000000
0.986114 0.154105 -0.061899 0.000000 -0.163891 0.963243 -0.212843 8.536500 0.026823 0.220032 0.975124 0.187100 0.000000 0.000000 0.000000 1.000000
0.986593 0.150450 -0.063238 -0.000000 -0.160992 0.960733 -0.225993 8.536500 0.026754 0.233144 0.972074 0.187100 0.000000 0.000000 0.000000 1.000000
0.987029 0.146881 -0.064806 0.000000 -0.158303 0.957634 -0.240577 8.536500 0.026724 0.247716 0.968464 0.187100 0.000000 0.000000 0.000000 1.000000
0.987461 0.143207 -0.066422 -0.000000 -0.155581 0.954113 -0.255858 8.536500 0.026733 0.262984 0.964430 0.187100 0.000000 0.000000 0.000000 1.000000
0.987890 0.139488 -0.067948 0.000000 -0.152832 0.950340 -0.271101 8.536500 0.026758 0.278202 0.960150 0.187100 0.000000 0.000000 0.000000 1.000000
0.988293 0.135909 -0.069317 0.000000 -0.150193 0.946515 -0.285572 8.536500 0.026798 0.292640 0.955847 0.187100 0.000000 0.000000 0.000000 1.000000</float_array>
        <technique_common>
          <accessor source="#mixamorig_Spine-Matrix-animation-output-transform-array" count="37" stride="16">
            <param type="float4x4"/>
          </accessor>
        </technique_common>
      </source>
      <source id="mixamorig_Spine-Interpolations">
        <Name_array id="mixamorig_Spine-Interpolations-array" count="37">
 LINEAR LINEAR LINEAR LINEAR LINEAR LINEAR LINEAR LINEAR LINEAR LINEAR LINEAR
LINEAR LINEAR LINEAR LINEAR LINEAR LINEAR LINEAR LINEAR LINEAR LINEAR LINEAR LINEAR
LINEAR LINEAR LINEAR LINEAR LINEAR LINEAR LINEAR LINEAR LINEAR LINEAR LINEAR LINEAR
LINEAR LINEAR</Name_array>
        <technique_common>
          <accessor source="#mixamorig_Spine-Interpolations-array" count="37">
            <param type="name"/>
          </accessor>
        </technique_common>
      </source>
      <sampler id="mixamorig_Spine-Matrix-animation-transform">
        <input semantic="INPUT" source="#mixamorig_Spine-Matrix-animation-input"/>
        <input semantic="OUTPUT" source="#mixamorig_Spine-Matrix-animation-output-transform"/>
        <input semantic="INTERPOLATION" source="#mixamorig_Spine-Interpolations"/>
      </sampler>
      <channel source="#mixamorig_Spine-Matrix-animation-transform" target="mixamorig_Spine/matrix"/>
    </animation>
    <animation id="mixamorig_Spine1-anim" name="mixamorig_Spine1">
      <source id="mixamorig_Spine1-Matrix-animation-input">
        <float_array id="mixamorig_Spine1-Matrix-animation-input-array" count="37">

0.000000 0.033333 0.066667 0.100000 0.133333 0.166667 0.200000 0.233333 0.266667 0.300000 0.333333 0.366667 0.400000 0.433333 0.466667 0.500000
0.533333 0.566667 0.600000 0.633333 0.666667 0.700000 0.733333 0.766667 0.800000 0.833333 0.866667 0.900000 0.933333 0.966667 1.000000 1.033333
1.066667 1.100000 1.133333 1.166667 1.200000</float_array>
        <technique_common>
          <accessor source="#mixamorig_Spine1-Matrix-animation-input-array" count="37">
            <param name="TIME" type="float"/>
          </accessor>
        </technique_common>
      </source>
      <source id="mixamorig_Spine1-Matrix-animation-output-transform">
        <float_array id="mixamorig_Spine1-Matrix-animation-output-transform-array" count="592">

0.995635 -0.039843 -0.084399 0.000000 0.039393 0.999199 -0.006990 9.685800 0.084610 0.003634 0.996407 0.000000 0.000000 0.000000 0.000000 1.000000
0.995171 -0.038759 -0.090180 0.000000 0.038139 0.999236 -0.008591 9.685800 0.090444 0.005110 0.995888 0.000000 0.000000 0.000000 0.000000 1.000000
0.994688 -0.037507 -0.095861 0.000000 0.036730 0.999277 -0.009867 9.685800 0.096162 0.006293 0.995346 0.000000 0.000000 0.000000 0.000000 1.000000
0.994170 -0.036261 -0.101541 0.000000 0.035312 0.999314 -0.011124 9.685800 0.101875 0.007474 0.994769 -0.000000 0.000000 0.000000 0.000000 1.000000
0.993603 -0.035176 -0.107313 0.000000 0.034011 0.999341 -0.012668 9.685800 0.107688 0.008937 0.994145 0.000000 0.000000 0.000000 0.000000 1.000000
0.992967 -0.034421 -0.113277 0.000000 0.032952 0.999347 -0.014810 9.685800 0.113713 0.010974 0.993453 -0.000000 0.000000 0.000000 0.000000 1.000000
0.992243 -0.034159 -0.119526 0.000000 0.032251 0.999320 -0.017862 9.685800 0.120055 0.013869 0.992670 0.000000 0.000000 0.000000 0.000000 1.000000
0.991428 -0.036844 -0.125348 0.000000 0.034357 0.999169 -0.021947 9.685800 0.126052 0.017452 0.991870 -0.000000 0.000000 0.000000 0.000000 1.000000
0.990629 -0.039166 -0.130842 0.000000 0.036165 0.999027 -0.025237 9.685800 0.131703 0.020269 0.991082 0.000000 0.000000 0.000000 0.000000 1.000000
0.990061 -0.041306 -0.134435 0.000000 0.038076 0.998923 -0.026510 9.685800 0.135386 0.021128 0.990568 0.000000 0.000000 0.000000 0.000000 1.000000
0.990074 -0.042167 -0.134076 0.000000 0.038892 0.998880 -0.026956 9.685800 0.135062 0.021474 0.990604 0.000000 0.000000 0.000000 0.000000 1.000000
0.990776 -0.042341 -0.128728 -0.000000 0.039016 0.998839 -0.028241 9.685800 0.129775 0.022958 0.991278 0.000000 0.000000 0.000000 0.000000 1.000000
0.991837 -0.041125 -0.120698 0.000000 0.037906 0.998865 -0.028840 9.685800 0.121747 0.024030 0.992270 -0.000000 0.000000 0.000000 0.000000 1.000000
0.992862 -0.040187 -0.112297 0.000000 0.037073 0.998872 -0.029681 9.685800 0.113363 0.025306 0.993231 0.000000 0.000000 0.000000 0.000000 1.000000
0.993514 -0.038982 -0.106819 0.000000 0.035611 0.998811 -0.033289 9.685800 0.107990 0.029269 0.993721 0.000000 0.000000 0.000000 0.000000 1.000000
0.994043 -0.037381 -0.102377 0.000000 0.033515 0.998668 -0.039222 9.685800 0.103707 0.035557 0.993972 0.000000 0.000000 0.000000 0.000000 1.000000
0.994520 -0.035946 -0.098175 0.000000 0.031676 0.998498 -0.044707 9.685800 0.099635 0.041352 0.994164 0.000000 0.000000 0.000000 0.000000 1.000000
0.994944 -0.035204 -0.094057 0.000000 0.030802 0.998380 -0.047847 9.685800 0.095589 0.044708 0.994416 0.000000 0.000000 0.000000 0.000000 1.000000
0.995351 -0.034855 -0.089790 0.000000 0.030476 0.998300 -0.049683 9.685800 0.091369 0.046716 0.994721 0.000000 0.000000 0.000000 0.000000 1.000000
0.995799 -0.035197 -0.084533 0.000000 0.031110 0.998305 -0.049193 9.685800 0.086121 0.046357 0.995206 0.000000 0.000000 0.000000 0.000000 1.000000
0.996150 -0.036955 -0.079490 0.000000 0.033419 0.998411 -0.045365 9.685800 0.081040 0.042534 0.995803 0.000000 0.000000 0.000000 0.000000 1.000000
0.996456 -0.038996 -0.074528 0.000000 0.036020 0.998515 -0.040861 9.685800 0.076011 0.038032 0.996381 0.000000 0.000000 0.000000 0.000000 1.000000
0.996719 -0.040680 -0.069971 0.000000 0.038236 0.998623 -0.035913 9.685800 0.071336 0.033120 0.996902 -0.000000 0.000000 0.000000 0.000000 1.000000
0.996938 -0.041558 -0.066237 0.000000 0.039641 0.998764 -0.030000 9.685800 0.067402 0.027282 0.997353 0.000000 0.000000 0.000000 0.000000 1.000000
0.997135 -0.041540 -0.063219 0.000000 0.040102 0.998911 -0.023841 9.685800 0.064141 0.021238 0.997715 0.000000 0.000000 0.000000 0.000000 1.000000
0.997342 -0.039087 -0.061488 0.000000 0.037972 0.999094 -0.019196 9.685800 0.062182 0.016810 0.997923 0.000000 0.000000 0.000000 0.000000 1.000000
0.997406 -0.038469 -0.060833 -0.000000 0.037504 0.999153 -0.016932 9.685800 0.061433 0.014607 0.998004 -0.000000 0.000000 0.000000 0.000000 1.000000
0.997447 -0.036752 -0.061221 0.000000 0.035690 0.999194 -0.018359 9.685800 0.061846 0.016128 0.997955 0.000000 0.000000 0.000000 0.000000 1.000000
0.997452 -0.032911 -0.063298 0.000000 0.031472 0.999226 -0.023600 9.685800 0.064026 0.021548 0.997716 0.000000 0.000000 0.000000 0.000000 1.000000
0.997336 -0.026883 -0.067809 0.000000 0.024864 0.999227 -0.030433 9.685800 0.068575 0.028666 0.997234 0.000000 0.000000 0.000000 0.000000 1.000000
0.996994 -0.024147 -0.073619 0.000000 0.021651 0.999170 -0.034516 9.685800 0.074391 0.032818 0.996689 0.000000 0.000000 0.000000 0.000000 1.000000
0.996724 -0.025315 -0.076811 0.000000 0.022847 0.999199 -0.032849 9.685800 0.077581 0.030986 0.996504 0.000000 0.000000 0.000000 0.000000 1.000000
0.996495 -0.027526 -0.078999 0.000000 0.025298 0.999257 -0.029070 9.685800 0.079740 0.026970 0.996451 0.000000 0.000000 0.000000 0.000000 1.000000
0.996289 -0.030432 -0.080518 -0.000000 0.028594 0.999306 -0.023889 9.685800 0.081189 0.021498 0.996467 0.000000 0.000000 0.000000 0.000000 1.000000
0.996087 -0.033685 -0.081701 -0.000000 0.032317 0.999315 -0.018010 9.685800 0.082252 0.015299 0.996494 0.000000 0.000000 0.000000 0.000000 1.000000
0.995874 -0.036938 -0.082884 0.000000 0.036054 0.999276 -0.012141 9.685800 0.083273 0.009102 0.996485 0.000000 0.000000 0.000000 0.000000 1.000000
0.995635 -0.039843 -0.084400 0.000000 0.039393 0.999199 -0.006990 9.685800 0.084611 0.003634 0.996407 0.000000 0.000000 0.000000 0.000000 1.000000</float_array>
        <technique_common>
          <accessor source="#mixamorig_Spine1-Matrix-animation-output-transform-array" count="37" stride="16">
            <param type="float4x4"/>
          </accessor>
        </technique_common>
      </source>
      <source id="mixamorig_Spine1-Interpolations">
        <Name_array id="mixamorig_Spine1-Interpolations-array" count="37">
 LINEAR LINEAR LINEAR LINEAR LINEAR LINEAR LINEAR LINEAR LINEAR LINEAR LINEAR
LINEAR LINEAR LINEAR LINEAR LINEAR LINEAR LINEAR LINEAR LINEAR LINEAR LINEAR LINEAR
LINEAR LINEAR LINEAR LINEAR LINEAR LINEAR LINEAR LINEAR LINEAR LINEAR LINEAR LINEAR
LINEAR LINEAR</Name_array>
        <technique_common>
          <accessor source="#mixamorig_Spine1-Interpolations-array" count="37">
            <param type="name"/>
          </accessor>
        </technique_common>
      </source>
      <sampler id="mixamorig_Spine1-Matrix-animation-transform">
        <input semantic="INPUT" source="#mixamorig_Spine1-Matrix-animation-input"/>
        <input semantic="OUTPUT" source="#mixamorig_Spine1-Matrix-animation-output-transform"/>
        <input semantic="INTERPOLATION" source="#mixamorig_Spine1-Interpolations"/>
      </sampler>
      <channel source="#mixamorig_Spine1-Matrix-animation-transform" target="mixamorig_Spine1/matrix"/>
    </animation>
    <animation id="mixamorig_Spine2-anim" name="mixamorig_Spine2">
      <source id="mixamorig_Spine2-Matrix-animation-input">
        <float_array id="mixamorig_Spine2-Matrix-animation-input-array" count="37">

0.000000 0.033333 0.066667 0.100000 0.133333 0.166667 0.200000 0.233333 0.266667 0.300000 0.333333 0.366667 0.400000 0.433333 0.466667 0.500000
0.533333 0.566667 0.600000 0.633333 0.666667 0.700000 0.733333 0.766667 0.800000 0.833333 0.866667 0.900000 0.933333 0.966667 1.000000 1.033333
1.066667 1.100000 1.133333 1.166667 1.200000</float_array>
        <technique_common>
          <accessor source="#mixamorig_Spine2-Matrix-animation-input-array" count="37">
            <param name="TIME" type="float"/>
          </accessor>
        </technique_common>
      </source>
      <source id="mixamorig_Spine2-Matrix-animation-output-transform">
        <float_array id="mixamorig_Spine2-Matrix-animation-output-transform-array" count="592">

0.995693 -0.042881 -0.082200 -0.000000 0.043162 0.999067 0.001648 15.875400 0.082053 -0.005189 0.996614 -0.000000 0.000000 0.000000 0.000000 1.000000
0.995233 -0.041553 -0.088227 0.000000 0.041762 0.999127 0.000524 15.875400 0.088128 -0.004206 0.996100 0.000000 0.000000 0.000000 0.000000 1.000000
0.994746 -0.040103 -0.094193 0.000000 0.040256 0.999189 -0.000278 15.875400 0.094128 -0.003516 0.995554 0.000000 0.000000 0.000000 0.000000 1.000000
0.994220 -0.038657 -0.100158 0.000000 0.038746 0.999249 -0.001062 15.875400 0.100124 -0.002824 0.994971 -0.000000 0.000000 0.000000 0.000000 1.000000
0.993646 -0.037329 -0.106176 0.000000 0.037313 0.999301 -0.002140 15.875400 0.106182 -0.001836 0.994345 0.000000 0.000000 0.000000 0.000000 1.000000
0.993013 -0.036240 -0.112303 -0.000000 0.036039 0.999343 -0.003819 15.875400 0.112368 -0.000255 0.993667 -0.000000 0.000000 0.000000 0.000000 1.000000
0.992307 -0.035510 -0.118596 0.000000 0.034996 0.999367 -0.006412 15.875400 0.118748 0.002213 0.992922 0.000000 0.000000 0.000000 0.000000 1.000000
0.991502 -0.037670 -0.124522 0.000000 0.036653 0.999273 -0.010450 15.875400 0.124825 0.005798 0.992162 0.000000 0.000000 0.000000 0.000000 1.000000
0.990708 -0.039576 -0.130117 -0.000000 0.038104 0.999179 -0.013782 15.875400 0.130556 0.008696 0.991403 0.000000 0.000000 0.000000 0.000000 1.000000
0.990162 -0.041636 -0.133586 0.000000 0.039894 0.999081 -0.015691 15.875400 0.134117 0.010208 0.990913 -0.000000 0.000000 0.000000 0.000000 1.000000
0.990214 -0.042541 -0.132912 0.000000 0.040596 0.999026 -0.017313 15.875400 0.133519 0.011748 0.990977 -0.000000 0.000000 0.000000 0.000000 1.000000
0.990967 -0.042674 -0.127136 0.000000 0.040467 0.998983 -0.019896 15.875400 0.127855 0.014571 0.991686 0.000000 0.000000 0.000000 0.000000 1.000000
0.992061 -0.041420 -0.118743 0.000000 0.039163 0.999006 -0.021279 15.875400 0.119506 0.016460 0.992697 0.000000 0.000000 0.000000 0.000000 1.000000
0.993106 -0.040508 -0.110001 0.000000 0.038260 0.999015 -0.022464 15.875400 0.110802 0.018100 0.993678 -0.000000 0.000000 0.000000 0.000000 1.000000
0.993791 -0.039055 -0.104187 0.000000 0.036515 0.998990 -0.026175 15.875400 0.105105 0.022208 0.994213 0.000000 0.000000 0.000000 0.000000 1.000000
0.994351 -0.037111 -0.099442 -0.000000 0.034100 0.998912 -0.031805 15.875400 0.100514 0.028235 0.994535 0.000000 0.000000 0.000000 0.000000 1.000000
0.994847 -0.035376 -0.095018 0.000000 0.031995 0.998808 -0.036872 15.875400 0.096209 0.033642 0.994792 0.000000 0.000000 0.000000 0.000000 1.000000
0.995265 -0.034500 -0.090868 -0.000000 0.031014 0.998738 -0.039498 15.875400 0.092116 0.036493 0.995079 0.000000 0.000000 0.000000 0.000000 1.000000
0.995655 -0.034089 -0.086655 0.000000 0.030643 0.998698 -0.040794 15.875400 0.087932 0.037961 0.995403 0.000000 0.000000 0.000000 0.000000 1.000000
0.996077 -0.034420 -0.081523 0.000000 0.031248 0.998716 -0.039867 15.875400 0.082791 0.037163 0.995874 0.000000 0.000000 0.000000 0.000000 1.000000
0.996398 -0.036303 -0.076634 0.000000 0.033634 0.998792 -0.035833 15.875400 0.077842 0.033127 0.996415 -0.000000 0.000000 0.000000 0.000000 1.000000
0.996674 -0.038494 -0.071833 0.000000 0.036331 0.998854 -0.031168 15.875400 0.072950 0.028455 0.996930 0.000000 0.000000 0.000000 0.000000 1.000000
0.996906 -0.040349 -0.067452 0.000000 0.038665 0.998912 -0.026090 15.875400 0.068431 0.023402 0.997381 0.000000 0.000000 0.000000 0.000000 1.000000
0.997094 -0.041447 -0.063924 0.000000 0.040236 0.998988 -0.020110 15.875400 0.064693 0.017479 0.997752 -0.000000 0.000000 0.000000 0.000000 1.000000
0.997260 -0.041653 -0.061134 0.000000 0.040875 0.999067 -0.013920 15.875400 0.061657 0.011383 0.998032 0.000000 0.000000 0.000000 0.000000 1.000000
0.997444 -0.039331 -0.059646 0.000000 0.038848 0.999202 -0.009232 15.875400 0.059961 0.006891 0.998177 -0.000000 0.000000 0.000000 0.000000 1.000000
0.997501 -0.038748 -0.059076 0.000000 0.038395 0.999237 -0.007099 15.875400 0.059306 0.004813 0.998228 0.000000 0.000000 0.000000 0.000000 1.000000
0.997550 -0.036892 -0.059432 0.000000 0.036447 0.999299 -0.008558 15.875400 0.059706 0.006371 0.998196 0.000000 0.000000 0.000000 0.000000 1.000000
0.997576 -0.032727 -0.061406 0.000000 0.031947 0.999396 -0.013647 15.875400 0.061815 0.011652 0.998020 0.000000 0.000000 0.000000 0.000000 1.000000
0.997491 -0.026271 -0.065746 0.000000 0.024981 0.999480 -0.020372 15.875400 0.066247 0.018678 0.997628 0.000000 0.000000 0.000000 0.000000 1.000000
0.997175 -0.023543 -0.071325 -0.000000 0.021831 0.999457 -0.024686 15.875400 0.071868 0.023059 0.997148 0.000000 0.000000 0.000000 0.000000 1.000000
0.996909 -0.025112 -0.074441 0.000000 0.023439 0.999455 -0.023262 15.875400 0.074985 0.021445 0.996954 0.000000 0.000000 0.000000 0.000000 1.000000
0.996671 -0.027873 -0.076620 0.000000 0.026437 0.999456 -0.019694 15.875400 0.077128 0.017603 0.996866 -0.000000 0.000000 0.000000 0.000000 1.000000
0.996444 -0.031427 -0.078175 -0.000000 0.030368 0.999431 -0.014703 15.875400 0.078593 0.012276 0.996831 -0.000000 0.000000 0.000000 0.000000 1.000000
0.996214 -0.035378 -0.079414 0.000000 0.034772 0.999355 -0.009002 15.875400 0.079681 0.006206 0.996801 0.000000 0.000000 0.000000 0.000000 1.000000
0.995966 -0.039328 -0.080652 0.000000 0.039189 0.999226 -0.003311 15.875400 0.080720 0.000137 0.996737 0.000000 0.000000 0.000000 0.000000 1.000000
0.995693 -0.042881 -0.082201 0.000000 0.043162 0.999067 0.001649 15.875400 0.082053 -0.005189 0.996614 0.000000 0.000000 0.000000 0.000000 1.000000</float_array>
        <technique_common>
          <accessor source="#mixamorig_Spine2-Matrix-animation-output-transform-array" count="37" stride="16">
            <param type="float4x4"/>
          </accessor>
        </technique_common>
      </source>
      <source id="mixamorig_Spine2-Interpolations">
        <Name_array id="mixamorig_Spine2-Interpolations-array" count="37">
 LINEAR LINEAR LINEAR LINEAR LINEAR LINEAR LINEAR LINEAR LINEAR LINEAR LINEAR
LINEAR LINEAR LINEAR LINEAR LINEAR LINEAR LINEAR LINEAR LINEAR LINEAR LINEAR LINEAR
LINEAR LINEAR LINEAR LINEAR LINEAR LINEAR LINEAR LINEAR LINEAR LINEAR LINEAR LINEAR
LINEAR LINEAR</Name_array>
        <technique_common>
          <accessor source="#mixamorig_Spine2-Interpolations-array" count="37">
            <param type="name"/>
          </accessor>
        </technique_common>
      </source>
      <sampler id="mixamorig_Spine2-Matrix-animation-transform">
        <input semantic="INPUT" source="#mixamorig_Spine2-Matrix-animation-input"/>
        <input semantic="OUTPUT" source="#mixamorig_Spine2-Matrix-animation-output-transform"/>
        <input semantic="INTERPOLATION" source="#mixamorig_Spine2-Interpolations"/>
      </sampler>
      <channel source="#mixamorig_Spine2-Matrix-animation-transform" target="mixamorig_Spine2/matrix"/>
    </animation>
    <animation id="mixamorig_Neck-anim" name="mixamorig_Neck">
      <source id="mixamorig_Neck-Matrix-animation-input">
        <float_array id="mixamorig_Neck-Matrix-animation-input-array" count="37">

0.000000 0.033333 0.066667 0.100000 0.133333 0.166667 0.200000 0.233333 0.266667 0.300000 0.333333 0.366667 0.400000 0.433333 0.466667 0.500000
0.533333 0.566667 0.600000 0.633333 0.666667 0.700000 0.733333 0.766667 0.800000 0.833333 0.866667 0.900000 0.933333 0.966667 1.000000 1.033333
1.066667 1.100000 1.133333 1.166667 1.200000</float_array>
        <technique_common>
          <accessor source="#mixamorig_Neck-Matrix-animation-input-array" count="37">
            <param name="TIME" type="float"/>
          </accessor>
        </technique_common>
      </source>
      <source id="mixamorig_Neck-Matrix-animation-output-transform">
        <float_array id="mixamorig_Neck-Matrix-animation-output-transform-array" count="592">

0.964398 0.139875 0.224437 0.000000 -0.154661 0.986721 0.049621 26.173401 -0.214516 -0.082566 0.973224 -0.161200 0.000000 0.000000 0.000000 1.000000
0.964780 0.138456 0.223671 0.000000 -0.152032 0.987370 0.044577 26.173401 -0.214674 -0.077012 0.973645 -0.161200 0.000000 0.000000 0.000000 1.000000
0.965974 0.133881 0.221293 0.000000 -0.146216 0.988433 0.040255 26.173401 -0.213344 -0.071242 0.974376 -0.161200 0.000000 0.000000 0.000000 1.000000
0.967385 0.128301 0.218415 0.000000 -0.139413 0.989573 0.036183 26.173401 -0.211495 -0.065453 0.975185 -0.161200 0.000000 0.000000 0.000000 1.000000
0.969214 0.120947 0.214466 -0.000000 -0.130893 0.990856 0.032739 26.173401 -0.208545 -0.059803 0.976183 -0.161200 0.000000 0.000000 0.000000 1.000000
0.971253 0.112528 0.209776 -0.000000 -0.121320 0.992175 0.029483 26.173401 -0.204817 -0.054085 0.977305 -0.161200 0.000000 0.000000 0.000000 1.000000
0.973433 0.103174 0.204408 0.000000 -0.110770 0.993505 0.026046 26.173401 -0.200393 -0.047996 0.978539 -0.161200 0.000000 0.000000 0.000000 1.000000
0.975590 0.093573 0.198665 0.000000 -0.100020 0.994728 0.022642 26.173401 -0.195499 -0.041959 0.979806 -0.161200 0.000000 0.000000 0.000000 1.000000
0.977642 0.084308 0.192634 0.000000 -0.089569 0.995804 0.018753 26.173401 -0.190245 -0.035588 0.981091 -0.161200 0.000000 0.000000 0.000000 1.000000
0.979414 0.075324 0.187282 0.000000 -0.079641 0.996701 0.015621 26.173401 -0.185487 -0.030215 0.982182 -0.161200 0.000000 0.000000 0.000000 1.000000
0.981296 0.066827 0.180534 0.000000 -0.071158 0.997310 0.017609 26.173401 -0.178872 -0.030126 0.983411 -0.161200 0.000000 0.000000 0.000000 1.000000
0.982527 0.066033 0.174013 0.000000 -0.071186 0.997185 0.023533 26.173401 -0.171969 -0.035509 0.984462 -0.161200 0.000000 0.000000 0.000000 1.000000
0.982694 0.074097 0.169768 0.000000 -0.080278 0.996326 0.029832 26.173401 -0.166934 -0.042944 0.985032 -0.161200 0.000000 0.000000 0.000000 1.000000
0.981658 0.088906 0.168652 0.000000 -0.096466 0.994642 0.037163 26.173401 -0.164444 -0.052751 0.984975 -0.161200 0.000000 0.000000 0.000000 1.000000
0.980093 0.101567 0.170593 -0.000000 -0.111238 0.992629 0.048100 26.173401 -0.164450 -0.066119 0.984167 -0.161200 0.000000 0.000000 0.000000 1.000000
0.978974 0.111566 0.170773 0.000000 -0.122664 0.990876 0.055843 26.173401 -0.162984 -0.075617 0.983727 -0.161200 0.000000 0.000000 0.000000 1.000000
0.978447 0.117379 0.169894 0.000000 -0.129076 0.989849 0.059491 26.173401 -0.161186 -0.080138 0.983665 -0.161200 0.000000 0.000000 0.000000 1.000000
0.979503 0.112959 0.166778 0.000000 -0.123452 0.990885 0.053915 26.173401 -0.159168 -0.073399 0.984519 -0.161200 0.000000 0.000000 0.000000 1.000000
0.980854 0.105880 0.163449 0.000000 -0.114610 0.992395 0.044916 26.173401 -0.157450 -0.062789 0.985529 -0.161200 0.000000 0.000000 0.000000 1.000000
0.981066 0.104979 0.162754 0.000000 -0.112374 0.992981 0.036891 26.173401 -0.157738 -0.054482 0.985977 -0.161200 0.000000 0.000000 0.000000 1.000000
0.980770 0.109014 0.161881 0.000000 -0.115723 0.992747 0.032580 26.173401 -0.157155 -0.050687 0.986272 -0.161200 0.000000 0.000000 0.000000 1.000000
0.980360 0.113939 0.160972 0.000000 -0.120114 0.992333 0.029133 26.173401 -0.156418 -0.047895 0.986529 -0.161200 0.000000 0.000000 0.000000 1.000000
0.979913 0.118368 0.160498 0.000000 -0.124432 0.991826 0.028243 26.173401 -0.155843 -0.047646 0.986632 -0.161200 0.000000 0.000000 0.000000 1.000000
0.979460 0.121393 0.161001 0.000000 -0.128353 0.991162 0.033517 26.173401 -0.155509 -0.053493 0.986385 -0.161200 0.000000 0.000000 0.000000 1.000000
0.978939 0.123586 0.162493 -0.000000 -0.131935 0.990385 0.041592 26.173401 -0.155791 -0.062154 0.985833 -0.161200 0.000000 0.000000 0.000000 1.000000
0.978228 0.124528 0.166022 0.000000 -0.134134 0.989804 0.047916 26.173401 -0.158362 -0.069141 0.984957 -0.161200 0.000000 0.000000 0.000000 1.000000
0.977597 0.126454 0.168269 0.000000 -0.137107 0.989125 0.053231 26.173401 -0.159707 -0.075110 0.984303 -0.161200 0.000000 0.000000 0.000000 1.000000
0.976892 0.128007 0.171163 0.000000 -0.139632 0.988524 0.057647 26.173401 -0.161820 -0.080215 0.983555 -0.161200 0.000000 0.000000 0.000000 1.000000
0.976063 0.128943 0.175144 0.000000 -0.141531 0.988031 0.061342 26.173401 -0.165138 -0.084662 0.982630 -0.161200 0.000000 0.000000 0.000000 1.000000
0.975134 0.129738 0.179668 0.000000 -0.142942 0.987752 0.062553 26.173401 -0.169352 -0.086680 0.981736 -0.161200 0.000000 0.000000 0.000000 1.000000
0.974087 0.130570 0.184678 -0.000000 -0.144062 0.987651 0.061573 26.173401 -0.174357 -0.086582 0.980868 -0.161200 0.000000 0.000000 0.000000 1.000000
0.972976 0.131162 0.190035 -0.000000 -0.145084 0.987522 0.061243 26.173401 -0.179631 -0.087159 0.979865 -0.161200 0.000000 0.000000 0.000000 1.000000
0.971932 0.131224 0.195265 0.000000 -0.145546 0.987479 0.060840 26.173401 -0.184836 -0.087552 0.978862 -0.161200 0.000000 0.000000 0.000000 1.000000
0.970784 0.131007 0.201034 0.000000 -0.145452 0.987617 0.058785 26.173401 -0.190844 -0.086308 0.977819 -0.161200 0.000000 0.000000 0.000000 1.000000
0.969379 0.131694 0.207272 0.000000 -0.146393 0.987572 0.057184 26.173401 -0.197166 -0.085776 0.976611 -0.161200 0.000000 0.000000 0.000000 1.000000
0.967473 0.133902 0.214629 0.000000 -0.148931 0.987295 0.055382 26.173401 -0.204486 -0.085545 0.975124 -0.161200 0.000000 0.000000 0.000000 1.000000
0.964399 0.139917 0.224406 0.000000 -0.154699 0.986715 0.049614 26.173401 -0.214483 -0.082563 0.973232 -0.161200 0.000000 0.000000 0.000000 1.000000</float_array>
        <technique_common>
          <accessor source="#mixamorig_Neck-Matrix-animation-output-transform-array" count="37" stride="16">
            <param type="float4x4"/>
          </accessor>
        </technique_common>
      </source>
      <source id="mixamorig_Neck-Interpolations">
        <Name_array id="mixamorig_Neck-Interpolations-array" count="37">
 LINEAR LINEAR LINEAR LINEAR LINEAR LINEAR LINEAR LINEAR LINEAR LINEAR LINEAR
LINEAR LINEAR LINEAR LINEAR LINEAR LINEAR LINEAR LINEAR LINEAR LINEAR LINEAR LINEAR
LINEAR LINEAR LINEAR LINEAR LINEAR LINEAR LINEAR LINEAR LINEAR LINEAR LINEAR LINEAR
LINEAR LINEAR</Name_array>
        <technique_common>
          <accessor source="#mixamorig_Neck-Interpolations-array" count="37">
            <param type="name"/>
          </accessor>
        </technique_common>
      </source>
      <sampler id="mixamorig_Neck-Matrix-animation-transform">
        <input semantic="INPUT" source="#mixamorig_Neck-Matrix-animation-input"/>
        <input semantic="OUTPUT" source="#mixamorig_Neck-Matrix-animation-output-transform"/>
        <input semantic="INTERPOLATION" source="#mixamorig_Neck-Interpolations"/>
      </sampler>
      <channel source="#mixamorig_Neck-Matrix-animation-transform" target="mixamorig_Neck/matrix"/>
    </animation>
    <animation id="mixamorig_Head-anim" name="mixamorig_Head">
      <source id="mixamorig_Head-Matrix-animation-input">
        <float_array id="mixamorig_Head-Matrix-animation-input-array" count="37">

0.000000 0.033333 0.066667 0.100000 0.133333 0.166667 0.200000 0.233333 0.266667 0.300000 0.333333 0.366667 0.400000 0.433333 0.466667 0.500000
0.533333 0.566667 0.600000 0.633333 0.666667 0.700000 0.733333 0.766667 0.800000 0.833333 0.866667 0.900000 0.933333 0.966667 1.000000 1.033333
1.066667 1.100000 1.133333 1.166667 1.200000</float_array>
        <technique_common>
