<?xml version="1.0" encoding="utf-8"?>
<COLLADA xmlns="http://www.collada.org/2005/11/COLLADASchema" version="1.4.1">
  <asset>
    <contributor>
      <author>Mixamo</author>
      <authoring_tool>COLLADA Mixamo exporter</authoring_tool>
      <comments/>
    </contributor>
    <created>2025-11-14T05:17:20Z</created>
    <modified>2025-11-14T05:17:20Z</modified>
    <revision/>
    <title/>
    <unit meter="0.010000"/>
    <up_axis>Y_UP</up_axis>
  </asset>
  <library_animations>
    <animation id="mixamorig_Hips-anim" name="mixamorig_Hips">
      <source id="mixamorig_Hips-Matrix-animation-input">
        <float_array id="mixamorig_Hips-Matrix-animation-input-array" count="81">

0.000000 0.033333 0.066667 0.100000 0.133333 0.166667 0.200000 0.233333 0.266667 0.300000 0.333333 0.366667 0.400000 0.433333 0.466667 0.500000
0.533333 0.566667 0.600000 0.633333 0.666667 0.700000 0.733333 0.766667 0.800000 0.833333 0.866667 0.900000 0.933333 0.966667 1.000000 1.033333
1.066667 1.100000 1.133333 1.166667 1.200000 1.233333 1.266667 1.300000 1.333333 1.366667 1.400000 1.433333 1.466667 1.500000 1.533333 1.566667
1.600000 1.633333 1.666667 1.700000 1.733333 1.766667 1.800000 1.833333 1.866667 1.900000 1.933333 1.966667 2.000000 2.033333 2.066667 2.100000
2.133333 2.166667 2.200000 2.233333 2.266667 2.300000 2.333333 2.366667 2.400000 2.433333 2.466667 2.500000 2.533333 2.566667 2.600000 2.633333
2.666667</float_array>
        <technique_common>
          <accessor source="#mixamorig_Hips-Matrix-animation-input-array" count="81">
            <param name="TIME" type="float"/>
          </accessor>
        </technique_common>
      </source>
      <source id="mixamorig_Hips-Matrix-animation-output-transform">
        <float_array id="mixamorig_Hips-Matrix-animation-output-transform-array" count="1296">

0.522569 -0.060166 -0.850471 0.204928 0.069742 0.997181 -0.027692 100.640495 0.849740 -0.044842 0.525292 -0.652172 0.000000 0.000000 0.000000 1.000000
0.529701 -0.077462 -0.844640 0.039169 0.054180 0.996877 -0.057446 100.434639 0.846452 -0.015334 0.532244 -0.285553 0.000000 0.000000 0.000000 1.000000
0.548434 -0.097191 -0.830526 -0.111948 0.033938 0.994991 -0.094027 99.805634 0.835505 0.023381 0.548986 0.205018 0.000000 0.000000 0.000000 1.000000
0.575418 -0.113095 -0.810002 -0.348491 0.011106 0.991382 -0.130529 99.076233 0.817784 0.066113 0.571716 0.754026 0.000000 0.000000 0.000000 1.000000
0.616043 -0.119937 -0.778528 -0.775613 -0.015643 0.986283 -0.164321 98.321350 0.787557 0.113407 0.605717 1.384034 0.000000 0.000000 0.000000 1.000000
0.664488 -0.116447 -0.738170 -1.382135 -0.045410 0.979668 -0.195421 97.545807 0.745918 0.163376 0.645690 2.056870 0.000000 0.000000 0.000000 1.000000
0.730414 -0.092999 -0.676644 -2.490873 -0.071285 0.974896 -0.210942 96.785606 0.679275 0.202309 0.705448 2.767809 0.000000 0.000000 0.000000 1.000000
0.794021 -0.060065 -0.604915 -3.859821 -0.091234 0.972060 -0.216276 95.984940 0.601004 0.226917 0.766357 3.520581 0.000000 0.000000 0.000000 1.000000
0.846736 -0.016259 -0.531765 -5.386655 -0.112561 0.971430 -0.208934 95.249100 0.519970 0.236768 0.820714 4.309952 0.000000 0.000000 0.000000 1.000000
0.889265 0.025821 -0.456663 -7.074471 -0.128512 0.972292 -0.195276 94.712288 0.438968 0.232338 0.867944 5.186077 0.000000 0.000000 0.000000 1.000000
0.921932 0.053116 -0.383693 -8.843030 -0.134023 0.973114 -0.187316 94.396454 0.363428 0.224116 0.904263 6.132047 0.000000 0.000000 0.000000 1.000000
0.944267 0.071789 -0.321258 -10.509910 -0.135200 0.974396 -0.179650 94.293221 0.300135 0.213072 0.929795 6.952162 0.000000 0.000000 0.000000 1.000000
0.960630 0.083471 -0.264995 -11.958843 -0.131848 0.976520 -0.170367 94.411530 0.244553 0.198598 0.949080 7.512908 0.000000 0.000000 0.000000 1.000000
0.975010 0.089813 -0.203200 -13.173016 -0.125134 0.977768 -0.168260 94.732925 0.183570 0.189482 0.964572 7.904271 0.000000 0.000000 0.000000 1.000000
0.985420 0.096348 -0.140228 -14.119143 -0.119596 0.978482 -0.168135 95.174423 0.121011 0.182454 0.975739 8.155857 0.000000 0.000000 0.000000 1.000000
0.990730 0.101495 -0.090295 -14.800348 -0.114979 0.980485 -0.159467 95.702034 0.072348 0.168371 0.983065 8.199589 0.000000 0.000000 0.000000 1.000000
0.993315 0.101447 -0.055089 -15.254400 -0.108566 0.983148 -0.147081 96.276276 0.039239 0.152079 0.987589 8.049599 0.000000 0.000000 0.000000 1.000000
0.995001 0.095844 -0.028057 -15.480087 -0.098755 0.986093 -0.133668 96.930969 0.014855 0.135771 0.990629 7.723695 0.000000 0.000000 0.000000 1.000000
0.996233 0.086224 -0.009220 -15.533180 -0.086713 0.989763 -0.113357 97.769135 -0.000649 0.113729 0.993512 7.028800 0.000000 0.000000 0.000000 1.000000
0.997200 0.074764 -0.001452 -15.457066 -0.074598 0.993271 -0.088590 98.748947 -0.005181 0.088450 0.996067 5.999884 0.000000 0.000000 0.000000 1.000000
0.997951 0.063960 -0.001812 -15.203202 -0.063963 0.996422 -0.055248 99.785591 -0.001728 0.055250 0.998471 4.697278 0.000000 0.000000 0.000000 1.000000
0.998366 0.056765 -0.006562 -14.784842 -0.056793 0.998377 -0.004182 100.844345 0.006314 0.004548 0.999970 3.107730 0.000000 0.000000 0.000000 1.000000
0.998445 0.052170 -0.019662 -14.240631 -0.050848 0.996742 0.062603 101.862343 0.022864 -0.061505 0.997845 1.306023 0.000000 0.000000 0.000000 1.000000
0.997887 0.048384 -0.043375 -13.603550 -0.042072 0.989789 0.136190 102.759621 0.049522 -0.134077 0.989733 -0.580911 0.000000 0.000000 0.000000 1.000000
0.996336 0.047780 -0.070930 -12.883112 -0.032227 0.977996 0.206117 103.412224 0.079217 -0.203076 0.975953 -2.400130 0.000000 0.000000 0.000000 1.000000
0.993927 0.048023 -0.099010 -12.032717 -0.020343 0.964427 0.263564 103.780457 0.108145 -0.259949 0.959547 -3.957483 0.000000 0.000000 0.000000 1.000000
0.991797 0.046854 -0.118929 -11.127967 -0.008693 0.952968 0.302947 103.901947 0.127529 -0.299428 0.945558 -5.042751 0.000000 0.000000 0.000000 1.000000
0.990969 0.042692 -0.127117 -10.356222 0.000707 0.946291 0.323315 103.598480 0.134093 -0.320485 0.937715 -6.004598 0.000000 0.000000 0.000000 1.000000
0.990655 0.032704 -0.132413 -9.657958 0.011748 0.946760 0.321727 102.813210 0.135885 -0.320276 0.937528 -7.167299 0.000000 0.000000 0.000000 1.000000
0.991654 0.020920 -0.127219 -8.820357 0.018662 0.953065 0.302189 101.559692 0.127569 -0.302041 0.944721 -8.562716 0.000000 0.000000 0.000000 1.000000
0.993109 0.006289 -0.117027 -7.974673 0.025025 0.964149 0.264180 100.211548 0.114493 -0.265289 0.957347 -10.280306 0.000000 0.000000 0.000000 1.000000
0.994920 -0.009775 -0.100189 -7.075626 0.030147 0.978528 0.203899 98.799500 0.096044 -0.205883 0.973852 -11.448956 0.000000 0.000000 0.000000 1.000000
0.996661 -0.023060 -0.078327 -6.237611 0.032954 0.991294 0.127473 97.622398 0.074706 -0.129629 0.988744 -11.315586 0.000000 0.000000 0.000000 1.000000
0.998149 -0.029631 -0.053110 -6.179644 0.030844 0.999278 0.022165 96.542213 0.052415 -0.023762 0.998343 -9.967296 0.000000 0.000000 0.000000 1.000000
0.999296 -0.026647 -0.026391 -6.976714 0.023690 0.994016 -0.106635 95.263733 0.029074 0.105935 0.993948 -7.711490 0.000000 0.000000 0.000000 1.000000
0.999888 -0.014958 -0.000585 -8.096781 0.014399 0.971706 -0.235756 93.848129 0.004095 0.235721 0.971812 -4.710702 0.000000 0.000000 0.000000 1.000000
0.999754 0.001187 0.022137 -9.063148 0.006462 0.939603 -0.342205 92.534790 -0.021206 0.342264 0.939365 -1.153267 0.000000 0.000000 0.000000 1.000000
0.999041 0.015521 0.040952 -9.442723 0.002509 0.913273 -0.407339 91.674225 -0.043723 0.407051 0.912358 2.849858 0.000000 0.000000 0.000000 1.000000
0.998279 0.025635 0.052739 -9.398314 -0.000051 0.899765 -0.436375 91.343704 -0.058640 0.435621 0.898218 6.762877 0.000000 0.000000 0.000000 1.000000
0.998004 0.033427 0.053575 -9.381245 -0.006006 0.894809 -0.446408 91.355042 -0.062862 0.445196 0.893224 9.837029 0.000000 0.000000 0.000000 1.000000
0.998268 0.035118 0.047204 -9.408649 -0.010451 0.895400 -0.445139 91.453163 -0.057899 0.443875 0.894216 11.123917 0.000000 0.000000 0.000000 1.000000
0.998787 0.034511 0.035126 -9.418490 -0.015505 0.897446 -0.440851 91.502792 -0.046738 0.439772 0.896893 11.861444 0.000000 0.000000 0.000000 1.000000
0.999139 0.034048 0.023689 -9.211850 -0.020429 0.900997 -0.433343 91.426239 -0.036098 0.432487 0.900917 11.783638 0.000000 0.000000 0.000000 1.000000
0.999347 0.033917 0.012480 -8.989078 -0.025391 0.904665 -0.425367 91.338234 -0.025717 0.424772 0.904935 11.635919 0.000000 0.000000 0.000000 1.000000
0.999424 0.033905 0.001205 -8.749328 -0.030313 0.908366 -0.417076 91.241608 -0.015235 0.416799 0.908871 11.429978 0.000000 0.000000 0.000000 1.000000
0.999374 0.033801 -0.010441 -8.491755 -0.035116 0.912028 -0.408622 91.139229 -0.004289 0.408733 0.912644 11.177509 0.000000 0.000000 0.000000 1.000000
0.999183 0.033397 -0.022768 -8.215512 -0.039721 0.915584 -0.400160 91.033943 0.007482 0.400738 0.916162 10.890205 0.000000 0.000000 0.000000 1.000000
0.998733 0.028370 -0.041558 -7.703347 -0.042416 0.918987 -0.391999 90.868080 0.027070 0.393265 0.919027 10.056500 0.000000 0.000000 0.000000 1.000000
0.996736 0.005855 -0.080519 -7.013092 -0.036307 0.923323 -0.382303 90.631378 0.072106 0.383979 0.920522 9.444788 0.000000 0.000000 0.000000 1.000000
0.991506 -0.020971 -0.128358 -6.246234 -0.028261 0.928595 -0.370016 90.423203 0.126952 0.370501 0.920115 8.938234 0.000000 0.000000 0.000000 1.000000
0.978442 -0.052856 -0.199646 -5.274450 -0.019492 0.938745 -0.344060 90.428558 0.205602 0.340535 0.917477 8.735489 0.000000 0.000000 0.000000 1.000000
0.953784 -0.085811 -0.287979 -4.283834 -0.009963 0.948800 -0.315719 90.577072 0.300326 0.303997 0.904096 8.805790 0.000000 0.000000 0.000000 1.000000
0.911956 -0.118803 -0.392712 -3.407494 0.000808 0.957678 -0.287839 90.765099 0.410288 0.262179 0.873456 8.966931 0.000000 0.000000 0.000000 1.000000
0.854259 -0.141601 -0.500191 -2.677810 0.008433 0.965835 -0.259019 90.910568 0.519779 0.217051 0.826268 9.035331 0.000000 0.000000 0.000000 1.000000
0.790832 -0.154975 -0.592087 -2.166381 0.015257 0.972102 -0.234064 91.027794 0.611842 0.176072 0.771134 8.898245 0.000000 0.000000 0.000000 1.000000
0.729881 -0.163067 -0.663840 -1.842547 0.023910 0.976626 -0.213612 91.240250 0.683156 0.140039 0.716719 8.548346 0.000000 0.000000 0.000000 1.000000
0.674872 -0.160321 -0.720309 -1.512482 0.030931 0.981402 -0.189454 91.675941 0.737286 0.105578 0.667280 8.244952 0.000000 0.000000 0.000000 1.000000
0.627923 -0.146543 -0.764355 -1.153838 0.035264 0.986462 -0.160156 92.311485 0.777476 0.073612 0.624589 7.989826 0.000000 0.000000 0.000000 1.000000
0.590201 -0.128692 -0.796932 -0.827158 0.040324 0.990678 -0.130116 93.033951 0.806249 0.044658 0.589889 7.741459 0.000000 0.000000 0.000000 1.000000
0.563998 -0.112479 -0.818080 -0.591585 0.047233 0.993452 -0.104028 93.849670 0.824424 0.020032 0.565618 7.508235 0.000000 0.000000 0.000000 1.000000
0.552274 -0.098072 -0.827874 -0.461258 0.054990 0.995179 -0.081207 94.745827 0.831847 -0.000677 0.555005 7.315556 0.000000 0.000000 0.000000 1.000000
0.551275 -0.082666 -0.830218 -0.380483 0.061542 0.996398 -0.058348 95.612457 0.832051 -0.018928 0.554376 7.165862 0.000000 0.000000 0.000000 1.000000
0.554137 -0.068139 -0.829632 -0.293146 0.067804 0.997027 -0.036599 96.376770 0.829659 -0.035972 0.557110 6.995279 0.000000 0.000000 0.000000 1.000000
0.557453 -0.058782 -0.828125 -0.234314 0.074419 0.997013 -0.020675 97.029152 0.826866 -0.050102 0.560162 6.732310 0.000000 0.000000 0.000000 1.000000
0.559385 -0.054481 -0.827116 -0.226038 0.079955 0.996731 -0.011579 97.522629 0.825043 -0.059655 0.561912 6.372582 0.000000 0.000000 0.000000 1.000000
0.559479 -0.051073 -0.827269 -0.241583 0.085191 0.996357 -0.003898 97.902412 0.824455 -0.068295 0.561792 5.831604 0.000000 0.000000 0.000000 1.000000
0.558422 -0.047183 -0.828214 -0.269702 0.090287 0.995907 0.004140 98.173553 0.824629 -0.077089 0.560397 5.029410 0.000000 0.000000 0.000000 1.000000
0.555707 -0.045249 -0.830146 -0.311869 0.093738 0.995561 0.008484 98.391335 0.826077 -0.082531 0.557481 4.146020 0.000000 0.000000 0.000000 1.000000
0.549459 -0.044972 -0.834309 -0.338761 0.095443 0.995392 0.009202 98.591499 0.830051 -0.084686 0.551220 3.381550 0.000000 0.000000 0.000000 1.000000
0.542558 -0.045012 -0.838812 -0.361527 0.096656 0.995276 0.009111 98.789391 0.834439 -0.086020 0.544346 2.646904 0.000000 0.000000 0.000000 1.000000
0.536248 -0.045567 -0.842830 -0.364090 0.096117 0.995343 0.007342 99.003799 0.838570 -0.084947 0.538130 2.032696 0.000000 0.000000 0.000000 1.000000
0.530249 -0.046661 -0.846557 -0.348316 0.093661 0.995597 0.003790 99.251022 0.842653 -0.081299 0.532284 1.524085 0.000000 0.000000 0.000000 1.000000
0.523926 -0.048096 -0.850405 -0.326030 0.090293 0.995915 -0.000697 99.519516 0.846964 -0.076420 0.526128 1.052325 0.000000 0.000000 0.000000 1.000000
0.518020 -0.049758 -0.853920 -0.296090 0.086555 0.996232 -0.005543 99.786285 0.850978 -0.071039 0.520374 0.627175 0.000000 0.000000 0.000000 1.000000
0.513296 -0.051497 -0.856665 -0.257355 0.082955 0.996501 -0.010197 100.028366 0.854193 -0.065831 0.515772 0.258394 0.000000 0.000000 0.000000 1.000000
0.510545 -0.053131 -0.858208 -0.208684 0.079974 0.996697 -0.014129 100.222763 0.856124 -0.061421 0.513108 -0.044260 0.000000 0.000000 0.000000 1.000000
0.510389 -0.054604 -0.858208 -0.146407 0.077672 0.996830 -0.017231 100.356537 0.856429 -0.057864 0.513012 -0.256938 0.000000 0.000000 0.000000 1.000000
0.512322 -0.055991 -0.856966 -0.071284 0.075691 0.996933 -0.019886 100.445000 0.855451 -0.054677 0.514989 -0.386146 0.000000 0.000000 0.000000 1.000000
0.515443 -0.057311 -0.855005 0.011180 0.073871 0.997019 -0.022297 100.507584 0.853734 -0.051668 0.518140 -0.467657 0.000000 0.000000 0.000000 1.000000
0.518851 -0.058593 -0.852855 0.095478 0.072067 0.997095 -0.024660 100.563683 0.851822 -0.048668 0.521566 -0.537243 0.000000 0.000000 0.000000 1.000000
0.521649 -0.059881 -0.851056 0.176107 0.070151 0.997166 -0.027163 100.632736 0.850271 -0.045533 0.524371 -0.630678 0.000000 0.000000 0.000000 1.000000</float_array>
        <technique_common>
          <accessor source="#mixamorig_Hips-Matrix-animation-output-transform-array" count="81" stride="16">
            <param type="float4x4"/>
          </accessor>
        </technique_common>
      </source>
      <source id="mixamorig_Hips-Interpolations">
        <Name_array id="mixamorig_Hips-Interpolations-array" count="81">
 LINEAR LINEAR LINEAR LINEAR LINEAR LINEAR LINEAR LINEAR LINEAR LINEAR LINEAR
LINEAR LINEAR LINEAR LINEAR LINEAR LINEAR LINEAR LINEAR LINEAR LINEAR LINEAR LINEAR
LINEAR LINEAR LINEAR LINEAR LINEAR LINEAR LINEAR LINEAR LINEAR LINEAR LINEAR LINEAR
LINEAR LINEAR LINEAR LINEAR LINEAR LINEAR LINEAR LINEAR LINEAR LINEAR LINEAR LINEAR
LINEAR LINEAR LINEAR LINEAR LINEAR LINEAR LINEAR LINEAR LINEAR LINEAR LINEAR LINEAR
LINEAR LINEAR LINEAR LINEAR LINEAR LINEAR LINEAR LINEAR LINEAR LINEAR LINEAR LINEAR
LINEAR LINEAR LINEAR LINEAR LINEAR LINEAR LINEAR LINEAR LINEAR LINEAR</Name_array>
        <technique_common>
          <accessor source="#mixamorig_Hips-Interpolations-array" count="81">
            <param type="name"/>
          </accessor>
        </technique_common>
      </source>
      <sampler id="mixamorig_Hips-Matrix-animation-transform">
        <input semantic="INPUT" source="#mixamorig_Hips-Matrix-animation-input"/>
        <input semantic="OUTPUT" source="#mixamorig_Hips-Matrix-animation-output-transform"/>
        <input semantic="INTERPOLATION" source="#mixamorig_Hips-Interpolations"/>
      </sampler>
      <channel source="#mixamorig_Hips-Matrix-animation-transform" target="mixamorig_Hips/matrix"/>
    </animation>
    <animation id="mixamorig_Spine-anim" name="mixamorig_Spine">
      <source id="mixamorig_Spine-Matrix-animation-input">
        <float_array id="mixamorig_Spine-Matrix-animation-input-array" count="81">

0.000000 0.033333 0.066667 0.100000 0.133333 0.166667 0.200000 0.233333 0.266667 0.300000 0.333333 0.366667 0.400000 0.433333 0.466667 0.500000
0.533333 0.566667 0.600000 0.633333 0.666667 0.700000 0.733333 0.766667 0.800000 0.833333 0.866667 0.900000 0.933333 0.966667 1.000000 1.033333
1.066667 1.100000 1.133333 1.166667 1.200000 1.233333 1.266667 1.300000 1.333333 1.366667 1.400000 1.433333 1.466667 1.500000 1.533333 1.566667
1.600000 1.633333 1.666667 1.700000 1.733333 1.766667 1.800000 1.833333 1.866667 1.900000 1.933333 1.966667 2.000000 2.033333 2.066667 2.100000
2.133333 2.166667 2.200000 2.233333 2.266667 2.300000 2.333333 2.366667 2.400000 2.433333 2.466667 2.500000 2.533333 2.566667 2.600000 2.633333
2.666667</float_array>
        <technique_common>
          <accessor source="#mixamorig_Spine-Matrix-animation-input-array" count="81">
            <param name="TIME" type="float"/>
          </accessor>
        </technique_common>
      </source>
      <source id="mixamorig_Spine-Matrix-animation-output-transform">
        <float_array id="mixamorig_Spine-Matrix-animation-output-transform-array" count="1296">

0.998816 0.048625 0.001207 0.000000 -0.047274 0.976313 -0.211136 8.536500 -0.011445 0.210830 0.977456 0.187100 0.000000 0.000000 0.000000 1.000000
0.998873 0.047464 0.000505 -0.000000 -0.046297 0.976548 -0.210261 8.536500 -0.010473 0.210001 0.977645 0.187100 0.000000 0.000000 0.000000 1.000000
0.999020 0.044233 -0.001354 0.000000 -0.043547 0.977158 -0.208002 8.536500 -0.007878 0.207858 0.978127 0.187100 0.000000 0.000000 0.000000 1.000000
0.999166 0.040692 -0.003331 0.000000 -0.040510 0.977911 -0.205058 8.536500 -0.005087 0.205022 0.978744 0.187100 0.000000 0.000000 0.000000 1.000000
0.999301 0.037044 -0.004937 0.000000 -0.037279 0.978869 -0.201061 8.536500 -0.002616 0.201105 0.979566 0.187100 0.000000 0.000000 0.000000 1.000000
0.999388 0.034385 -0.006459 -0.000000 -0.034984 0.979856 -0.196618 8.536500 -0.000432 0.196723 0.980459 0.187100 0.000000 0.000000 0.000000 1.000000
0.999291 0.036793 -0.007944 0.000000 -0.037634 0.980649 -0.192122 8.536500 0.000721 0.192285 0.981339 0.187100 0.000000 0.000000 0.000000 1.000000
0.999010 0.043489 -0.009363 -0.000000 -0.044474 0.981200 -0.187799 8.536500 0.001020 0.188030 0.982163 0.187100 0.000000 0.000000 0.000000 1.000000
0.998683 0.050488 -0.009071 0.000000 -0.051294 0.981456 -0.184699 8.536500 -0.000422 0.184921 0.982753 0.187100 0.000000 0.000000 0.000000 1.000000
0.998295 0.057875 -0.007584 0.000000 -0.058288 0.981532 -0.182203 8.536500 -0.003101 0.182334 0.983232 0.187100 0.000000 0.000000 0.000000 1.000000
0.997792 0.066238 -0.004850 -0.000000 -0.066040 0.981750 -0.178341 8.536500 -0.007051 0.178268 0.983957 0.187100 0.000000 0.000000 0.000000 1.000000
0.997292 0.073546 -0.000010 0.000000 -0.072413 0.981906 -0.174977 8.536500 -0.012859 0.174504 0.984573 0.187100 0.000000 0.000000 0.000000 1.000000
0.996857 0.078895 0.007211 0.000000 -0.076457 0.981900 -0.173283 8.536500 -0.020752 0.172187 0.984846 0.187100 0.000000 0.000000 0.000000 1.000000
0.996599 0.081429 0.012607 0.000000 -0.078092 0.982204 -0.170813 8.536500 -0.026292 0.169247 0.985223 0.187100 0.000000 0.000000 0.000000 1.000000
0.996546 0.081424 0.016340 0.000000 -0.077546 0.982764 -0.167813 8.536500 -0.029722 0.165966 0.985683 0.187100 0.000000 0.000000 0.000000 1.000000
0.996566 0.079732 0.022348 0.000000 -0.074942 0.983254 -0.166118 8.536500 -0.035219 0.163873 0.985853 0.187100 0.000000 0.000000 0.000000 1.000000
0.996533 0.078084 0.028713 0.000000 -0.072364 0.983813 -0.163937 8.536500 -0.041049 0.161291 0.986053 0.187100 0.000000 0.000000 0.000000 1.000000
0.996496 0.076775 0.033183 0.000000 -0.070518 0.984553 -0.160255 8.536500 -0.044974 0.157354 0.986518 0.187100 0.000000 0.000000 0.000000 1.000000
0.996617 0.074277 0.035166 -0.000000 -0.067983 0.985569 -0.155025 8.536500 -0.046173 0.152110 0.987284 0.187100 0.000000 0.000000 0.000000 1.000000
0.996887 0.069762 0.036734 0.000000 -0.063549 0.986740 -0.149348 8.536500 -0.046666 0.146548 0.988102 0.187100 0.000000 0.000000 0.000000 1.000000
0.997056 0.062495 0.044431 0.000000 -0.055275 0.987381 -0.148402 8.536500 -0.053144 0.145509 0.987929 0.187100 0.000000 0.000000 0.000000 1.000000
0.997353 0.053991 0.048698 0.000000 -0.046318 0.988074 -0.146846 8.536500 -0.056045 0.144201 0.987960 0.187100 0.000000 0.000000 0.000000 1.000000
0.997871 0.045134 0.047070 0.000000 -0.037930 0.988841 -0.144068 8.536500 -0.053047 0.141976 0.988448 0.187100 0.000000 0.000000 0.000000 1.000000
0.998313 0.035118 0.046233 0.000000 -0.028113 0.989134 -0.144305 8.536500 -0.050798 0.142762 0.988453 0.187100 0.000000 0.000000 0.000000 1.000000
0.998680 0.025832 0.044387 0.000000 -0.019111 0.989149 -0.145665 8.536500 -0.047668 0.144625 0.988338 0.187100 0.000000 0.000000 0.000000 1.000000
0.998924 0.018496 0.042533 -0.000000 -0.012083 0.989156 -0.146368 8.536500 -0.044779 0.145696 0.988315 0.187100 0.000000 0.000000 0.000000 1.000000
0.999137 0.012401 0.039645 0.000000 -0.006465 0.989192 -0.146485 8.536500 -0.041033 0.146102 0.988418 0.187100 0.000000 0.000000 0.000000 1.000000
0.999361 0.007307 0.034996 -0.000000 -0.002087 0.989144 -0.146933 8.536500 -0.035689 0.146766 0.988527 0.187100 0.000000 0.000000 0.000000 1.000000
0.999561 0.005328 0.029131 -0.000000 -0.000949 0.988936 -0.148337 8.536500 -0.029599 0.148245 0.988508 0.187100 0.000000 0.000000 0.000000 1.000000
0.999717 0.009996 0.021588 -0.000000 -0.006602 0.988372 -0.151912 8.536500 -0.022856 0.151726 0.988158 0.187100 0.000000 0.000000 0.000000 1.000000
0.999753 0.012801 0.018171 -0.000000 -0.009823 0.987801 -0.155411 8.536500 -0.019939 0.155194 0.987683 0.187100 0.000000 0.000000 0.000000 1.000000
0.999773 0.014014 0.016036 0.000000 -0.011282 0.987162 -0.159326 8.536500 -0.018063 0.159108 0.987096 0.187100 0.000000 0.000000 0.000000 1.000000
0.999806 0.012988 0.014796 0.000000 -0.010403 0.986565 -0.163035 8.536500 -0.016715 0.162850 0.986509 0.187100 0.000000 0.000000 0.000000 1.000000
0.999856 0.008987 0.014385 0.000000 -0.006376 0.985033 -0.172250 8.536500 -0.015718 0.172134 0.984948 0.187100 0.000000 0.000000 0.000000 1.000000
0.999889 0.002611 0.014661 -0.000000 0.000188 0.982217 -0.187748 8.536500 -0.014890 0.187730 0.982108 0.187100 0.000000 0.000000 0.000000 1.000000
0.999878 -0.004236 0.015051 -0.000000 0.007205 0.979132 -0.203097 8.536500 -0.013877 0.203181 0.979043 0.187100 0.000000 0.000000 0.000000 1.000000
0.999836 -0.010096 0.015044 0.000000 0.013059 0.977149 -0.212156 8.536500 -0.012558 0.212317 0.977120 0.187100 0.000000 0.000000 0.000000 1.000000
0.999781 -0.014731 0.014874 -0.000000 0.017600 0.976194 -0.216185 8.536500 -0.011335 0.216400 0.976239 0.187100 0.000000 0.000000 0.000000 1.000000
0.999720 -0.018548 0.014702 0.000000 0.021330 0.975273 -0.219974 8.536500 -0.010258 0.220226 0.975395 0.187100 0.000000 0.000000 0.000000 1.000000
0.999663 -0.021628 0.014348 0.000000 0.024288 0.974437 -0.223343 8.536500 -0.009151 0.223617 0.974634 0.187100 0.000000 0.000000 0.000000 1.000000
0.999645 -0.022657 0.014022 -0.000000 0.025229 0.974125 -0.224596 8.536500 -0.008570 0.224870 0.974351 0.187100 0.000000 0.000000 0.000000 1.000000
0.999640 -0.022351 0.014814 0.000000 0.025115 0.973972 -0.225271 8.536500 -0.009394 0.225562 0.974184 0.187100 0.000000 0.000000 0.000000 1.000000
0.999666 -0.020396 0.015874 0.000000 0.023452 0.973958 -0.225512 8.536500 -0.010861 0.225809 0.974111 0.187100 0.000000 0.000000 0.000000 1.000000
0.999689 -0.018307 0.016920 0.000000 0.021656 0.973947 -0.225737 8.536500 -0.012346 0.226034 0.974041 0.187100 0.000000 0.000000 0.000000 1.000000
0.999708 -0.016094 0.018006 0.000000 0.019749 0.973944 -0.225926 8.536500 -0.013901 0.226216 0.973978 0.187100 0.000000 0.000000 0.000000 1.000000
0.999721 -0.013769 0.019189 0.000000 0.017753 0.973953 -0.226055 8.536500 -0.015577 0.226332 0.973926 0.187100 0.000000 0.000000 0.000000 1.000000
0.999725 -0.011340 0.020524 0.000000 0.015689 0.973977 -0.226102 8.536500 -0.017426 0.226362 0.973887 0.187100 0.000000 0.000000 0.000000 1.000000
0.999698 -0.007495 0.023407 0.000000 0.012578 0.974228 -0.225215 8.536500 -0.021115 0.225442 0.974028 0.187100 0.000000 0.000000 0.000000 1.000000
0.999633 -0.000184 0.027082 -0.000000 0.006222 0.974791 -0.223031 8.536500 -0.026358 0.223118 0.974435 0.187100 0.000000 0.000000 0.000000 1.000000
0.999497 0.007808 0.030750 0.000000 -0.000823 0.975297 -0.220895 8.536500 -0.031715 0.220758 0.974813 0.187100 0.000000 0.000000 0.000000 1.000000
0.999316 0.015821 0.033428 0.000000 -0.008082 0.975450 -0.220073 8.536500 -0.036089 0.219653 0.974910 0.187100 0.000000 0.000000 0.000000 1.000000
0.999090 0.024398 0.034988 0.000000 -0.016227 0.975990 -0.217209 8.536500 -0.039448 0.216443 0.975498 0.187100 0.000000 0.000000 0.000000 1.000000
0.998767 0.032778 0.037291 -0.000000 -0.024093 0.976709 -0.213209 8.536500 -0.043411 0.212048 0.976295 0.187100 0.000000 0.000000 0.000000 1.000000
0.998419 0.039070 0.040400 -0.000000 -0.029733 0.977201 -0.210226 8.536500 -0.047693 0.208693 0.976818 0.187100 0.000000 0.000000 0.000000 1.000000
0.998194 0.043735 0.041192 0.000000 -0.034279 0.977665 -0.207356 8.536500 -0.049341 0.205569 0.977398 0.187100 0.000000 0.000000 0.000000 1.000000
0.998159 0.046946 0.038405 0.000000 -0.038140 0.978146 -0.204393 8.536500 -0.047161 0.202552 0.978135 0.187100 0.000000 0.000000 0.000000 1.000000
0.998276 0.048141 0.033578 0.000000 -0.040349 0.978332 -0.203075 8.536500 -0.042626 0.201370 0.978587 0.187100 0.000000 0.000000 0.000000 1.000000
0.998467 0.047171 0.028969 0.000000 -0.040325 0.978317 -0.203150 8.536500 -0.037923 0.201671 0.978719 0.187100 0.000000 0.000000 0.000000 1.000000
0.998648 0.045785 0.024596 0.000000 -0.039861 0.978396 -0.202860 8.536500 -0.033353 0.201606 0.978899 0.187100 0.000000 0.000000 0.000000 1.000000
0.998790 0.045164 0.019476 0.000000 -0.040310 0.978554 -0.202005 8.536500 -0.028182 0.200976 0.979191 0.187100 0.000000 0.000000 0.000000 1.000000
0.998903 0.044515 0.014534 0.000000 -0.040701 0.978822 -0.200624 8.536500 -0.023157 0.199813 0.979560 0.187100 0.000000 0.000000 0.000000 1.000000
0.999012 0.042976 0.011286 0.000000 -0.039865 0.979095 -0.199460 8.536500 -0.019622 0.198813 0.979841 0.187100 0.000000 0.000000 0.000000 1.000000
0.999084 0.041827 0.009072 0.000000 -0.039188 0.979215 -0.199001 8.536500 -0.017207 0.198463 0.979957 0.187100 0.000000 0.000000 0.000000 1.000000
0.999107 0.041627 0.007282 0.000000 -0.039359 0.979357 -0.198267 8.536500 -0.015385 0.197804 0.980121 0.187100 0.000000 0.000000 0.000000 1.000000
0.999120 0.041495 0.006187 0.000000 -0.039464 0.979593 -0.197081 8.536500 -0.014238 0.196664 0.980368 0.187100 0.000000 0.000000 0.000000 1.000000
0.999125 0.041571 0.004552 0.000000 -0.039866 0.979670 -0.196617 8.536500 -0.012633 0.196264 0.980470 0.187100 0.000000 0.000000 0.000000 1.000000
0.999092 0.042582 0.001594 0.000000 -0.041430 0.979456 -0.197357 8.536500 -0.009965 0.197112 0.980330 0.187100 0.000000 0.000000 0.000000 1.000000
0.999032 0.043987 -0.001078 0.000000 -0.043328 0.979206 -0.198188 8.536500 -0.007662 0.198042 0.980164 0.187100 0.000000 0.000000 0.000000 1.000000
0.998965 0.045446 -0.002059 0.000000 -0.044946 0.978937 -0.199154 8.536500 -0.007035 0.199041 0.979966 0.187100 0.000000 0.000000 0.000000 1.000000
0.998897 0.046887 -0.002694 0.000000 -0.046477 0.978664 -0.200144 8.536500 -0.006748 0.200048 0.979763 0.187100 0.000000 0.000000 0.000000 1.000000
0.998849 0.047880 -0.002813 0.000000 -0.047467 0.978420 -0.201101 8.536500 -0.006877 0.201003 0.979567 0.187100 0.000000 0.000000 0.000000 1.000000
0.998826 0.048387 -0.002406 -0.000000 -0.047875 0.978215 -0.202001 8.536500 -0.007420 0.201879 0.979382 0.187100 0.000000 0.000000 0.000000 1.000000
0.998812 0.048694 -0.001695 0.000000 -0.048025 0.978027 -0.202873 8.536500 -0.008221 0.202713 0.979204 0.187100 0.000000 0.000000 0.000000 1.000000
0.998805 0.048861 -0.000857 0.000000 -0.048011 0.977847 -0.203742 8.536500 -0.009117 0.203539 0.979024 0.187100 0.000000 0.000000 0.000000 1.000000
0.998801 0.048951 -0.000069 0.000000 -0.047929 0.977665 -0.204632 8.536500 -0.009949 0.204390 0.978839 0.187100 0.000000 0.000000 0.000000 1.000000
0.998798 0.049023 0.000491 0.000000 -0.047875 0.977471 -0.205568 8.536500 -0.010558 0.205297 0.978643 0.187100 0.000000 0.000000 0.000000 1.000000
0.998796 0.049052 0.000780 0.000000 -0.047833 0.977264 -0.206562 8.536500 -0.010895 0.206276 0.978433 0.187100 0.000000 0.000000 0.000000 1.000000
0.998798 0.048999 0.000917 0.000000 -0.047741 0.977049 -0.207597 8.536500 -0.011068 0.207304 0.978214 0.187100 0.000000 0.000000 0.000000 1.000000
0.998803 0.048897 0.000966 0.000000 -0.047620 0.976829 -0.208656 8.536500 -0.011147 0.208360 0.977989 0.187100 0.000000 0.000000 0.000000 1.000000
0.998809 0.048784 0.000994 0.000000 -0.047491 0.976607 -0.209720 8.536500 -0.011202 0.209423 0.977761 0.187100 0.000000 0.000000 0.000000 1.000000
0.998813 0.048695 0.001066 0.000000 -0.047377 0.976386 -0.210772 8.536500 -0.011305 0.210472 0.977535 0.187100 0.000000 0.000000 0.000000 1.000000</float_array>
        <technique_common>
          <accessor source="#mixamorig_Spine-Matrix-animation-output-transform-array" count="81" stride="16">
            <param type="float4x4"/>
          </accessor>
        </technique_common>
      </source>
      <source id="mixamorig_Spine-Interpolations">
        <Name_array id="mixamorig_Spine-Interpolations-array" count="81">
 LINEAR LINEAR LINEAR LINEAR LINEAR LINEAR LINEAR LINEAR LINEAR LINEAR LINEAR
LINEAR LINEAR LINEAR LINEAR LINEAR LINEAR LINEAR LINEAR LINEAR LINEAR LINEAR LINEAR
LINEAR LINEAR LINEAR LINEAR LINEAR LINEAR LINEAR LINEAR LINEAR LINEAR LINEAR LINEAR
LINEAR LINEAR LINEAR LINEAR LINEAR LINEAR LINEAR LINEAR LINEAR LINEAR LINEAR LINEAR
LINEAR LINEAR LINEAR LINEAR LINEAR LINEAR LINEAR LINEAR LINEAR LINEAR LINEAR LINEAR
LINEAR LINEAR LINEAR LINEAR LINEAR LINEAR LINEAR LINEAR LINEAR LINEAR LINEAR LINEAR
LINEAR LINEAR LINEAR LINEAR LINEAR LINEAR LINEAR LINEAR LINEAR LINEAR</Name_array>
        <technique_common>
          <accessor source="#mixamorig_Spine-Interpolations-array" count="81">
            <param type="name"/>
          </accessor>
        </technique_common>
      </source>
      <sampler id="mixamorig_Spine-Matrix-animation-transform">
        <input semantic="INPUT" source="#mixamorig_Spine-Matrix-animation-input"/>
        <input semantic="OUTPUT" source="#mixamorig_Spine-Matrix-animation-output-transform"/>
        <input semantic="INTERPOLATION" source="#mixamorig_Spine-Interpolations"/>
      </sampler>
      <channel source="#mixamorig_Spine-Matrix-animation-transform" target="mixamorig_Spine/matrix"/>
    </animation>
    <animation id="mixamorig_Spine1-anim" name="mixamorig_Spine1">
      <source id="mixamorig_Spine1-Matrix-animation-input">
        <float_array id="mixamorig_Spine1-Matrix-animation-input-array" count="81">

0.000000 0.033333 0.066667 0.100000 0.133333 0.166667 0.200000 0.233333 0.266667 0.300000 0.333333 0.366667 0.400000 0.433333 0.466667 0.500000
0.533333 0.566667 0.600000 0.633333 0.666667 0.700000 0.733333 0.766667 0.800000 0.833333 0.866667 0.900000 0.933333 0.966667 1.000000 1.033333
1.066667 1.100000 1.133333 1.166667 1.200000 1.233333 1.266667 1.300000 1.333333 1.366667 1.400000 1.433333 1.466667 1.500000 1.533333 1.566667
1.600000 1.633333 1.666667 1.700000 1.733333 1.766667 1.800000 1.833333 1.866667 1.900000 1.933333 1.966667 2.000000 2.033333 2.066667 2.100000
2.133333 2.166667 2.200000 2.233333 2.266667 2.300000 2.333333 2.366667 2.400000 2.433333 2.466667 2.500000 2.533333 2.566667 2.600000 2.633333
2.666667</float_array>
        <technique_common>
          <accessor source="#mixamorig_Spine1-Matrix-animation-input-array" count="81">
            <param name="TIME" type="float"/>
          </accessor>
        </technique_common>
      </source>
      <source id="mixamorig_Spine1-Matrix-animation-output-transform">
        <float_array id="mixamorig_Spine1-Matrix-animation-output-transform-array" count="1296">

0.995240 0.097445 -0.001098 0.000000 -0.096568 0.984646 -0.145419 9.685800 -0.013089 0.144833 0.989370 0.000000 0.000000 0.000000 0.000000 1.000000
0.995495 0.094784 -0.002283 0.000000 -0.094128 0.985147 -0.143617 9.685800 -0.011363 0.143185 0.989631 0.000000 0.000000 0.000000 0.000000 1.000000
0.996132 0.087699 -0.005467 0.000000 -0.087606 0.986413 -0.138974 9.685800 -0.006795 0.138916 0.990281 0.000000 0.000000 0.000000 0.000000 1.000000
0.996771 0.079814 -0.008775 0.000000 -0.080272 0.987865 -0.132963 9.685800 -0.001943 0.133238 0.991082 0.000000 0.000000 0.000000 0.000000 1.000000
0.997385 0.071410 -0.011139 0.000000 -0.072243 0.989542 -0.124850 9.685800 0.002107 0.125328 0.992113 0.000000 0.000000 0.000000 0.000000 1.000000
0.997808 0.064802 -0.013391 -0.000000 -0.065920 0.991078 -0.115841 9.685800 0.005764 0.116470 0.993178 -0.000000 0.000000 0.000000 0.000000 1.000000
0.997555 0.068040 -0.015935 0.000000 -0.069357 0.991870 -0.106698 9.685800 0.008546 0.107542 0.994164 -0.000000 0.000000 0.000000 0.000000 1.000000
0.996638 0.079760 -0.018761 0.000000 -0.081221 0.991880 -0.097859 9.685800 0.010803 0.099054 0.995023 0.000000 0.000000 0.000000 0.000000 1.000000
0.995591 0.091968 -0.018441 -0.000000 -0.093278 0.991423 -0.091541 9.685800 0.009864 0.092858 0.995631 0.000000 0.000000 0.000000 0.000000 1.000000
0.994297 0.105413 -0.016150 0.000000 -0.106421 0.990553 -0.086481 9.685800 0.006881 0.087706 0.996123 0.000000 0.000000 0.000000 0.000000 1.000000
0.992517 0.121560 -0.011532 0.000000 -0.122092 0.989393 -0.078707 9.685800 0.001842 0.079526 0.996831 0.000000 0.000000 0.000000 0.000000 1.000000
0.990692 0.136098 -0.002621 0.000000 -0.135932 0.988091 -0.072102 9.685800 -0.007223 0.071787 0.997394 0.000000 0.000000 0.000000 0.000000 1.000000
0.989091 0.146891 0.011085 0.000000 -0.145791 0.986899 -0.069100 9.685800 -0.021090 0.066731 0.997548 0.000000 0.000000 0.000000 0.000000 1.000000
0.988153 0.151980 0.021354 0.000000 -0.150337 0.986531 -0.064460 9.685800 -0.030863 0.060486 0.997692 -0.000000 0.000000 0.000000 0.000000 1.000000
0.988007 0.151762 0.028464 0.000000 -0.149913 0.986960 -0.058619 9.685800 -0.036989 0.053649 0.997875 0.000000 0.000000 0.000000 0.000000 1.000000
0.988090 0.148575 0.040049 0.000000 -0.146262 0.987685 -0.055557 9.685800 -0.047811 0.049038 0.997652 -0.000000 0.000000 0.000000 0.000000 1.000000
0.987927 0.145769 0.052460 0.000000 -0.143096 0.988365 -0.051553 9.685800 -0.059365 0.043424 0.997291 0.000000 0.000000 0.000000 0.000000 1.000000
0.987712 0.143794 0.061223 0.000000 -0.141227 0.988981 -0.044390 9.685800 -0.066931 0.035198 0.997137 -0.000000 0.000000 0.000000 0.000000 1.000000
0.988065 0.139552 0.065208 0.000000 -0.137574 0.989910 -0.033927 9.685800 -0.069284 0.024551 0.997295 0.000000 0.000000 0.000000 0.000000 1.000000
0.988973 0.131257 0.068583 0.000000 -0.130003 0.991259 -0.022447 9.685800 -0.070930 0.013283 0.997393 0.000000 0.000000 0.000000 0.000000 1.000000
0.989511 0.117528 0.083996 -0.000000 -0.116177 0.993011 -0.020803 9.685800 -0.085854 0.010827 0.996249 0.000000 0.000000 0.000000 0.000000 1.000000
0.990553 0.101117 0.092625 -0.000000 -0.099911 0.994841 -0.017581 9.685800 -0.093925 0.008161 0.995546 -0.000000 0.000000 0.000000 0.000000 1.000000
0.992428 0.084059 0.089558 -0.000000 -0.083358 0.996453 -0.011543 9.685800 -0.090210 0.003990 0.995915 0.000000 0.000000 0.000000 0.000000 1.000000
0.994013 0.064683 0.088058 0.000000 -0.063910 0.997889 -0.011575 9.685800 -0.088621 0.005878 0.996048 0.000000 0.000000 0.000000 0.000000 1.000000
0.995332 0.046545 0.084543 0.000000 -0.045532 0.998866 -0.013880 9.685800 -0.085093 0.009966 0.996323 -0.000000 0.000000 0.000000 0.000000 1.000000
0.996196 0.032104 0.081006 0.000000 -0.030991 0.999408 -0.014961 9.685800 -0.081439 0.012393 0.996601 0.000000 0.000000 0.000000 0.000000 1.000000
0.996950 0.020249 0.075372 0.000000 -0.019176 0.999705 -0.014931 9.685800 -0.075652 0.013440 0.997044 -0.000000 0.000000 0.000000 0.000000 1.000000
0.997763 0.010205 0.066071 0.000000 -0.009193 0.999836 -0.015598 9.685800 -0.066219 0.014956 0.997693 0.000000 0.000000 0.000000 0.000000 1.000000
0.998506 0.006231 0.054290 -0.000000 -0.005243 0.999818 -0.018335 9.685800 -0.054394 0.018023 0.998357 0.000000 0.000000 0.000000 0.000000 1.000000
0.999114 0.015643 0.039078 0.000000 -0.014648 0.999565 -0.025606 9.685800 -0.039462 0.025011 0.998908 0.000000 0.000000 0.000000 0.000000 1.000000
0.999251 0.021428 0.032230 -0.000000 -0.020373 0.999257 -0.032707 9.685800 -0.032907 0.032026 0.998945 -0.000000 0.000000 0.000000 0.000000 1.000000
0.999315 0.024229 0.027959 0.000000 -0.023082 0.998908 -0.040631 9.685800 -0.028913 0.039958 0.998783 0.000000 0.000000 0.000000 0.000000 1.000000
0.999416 0.022797 0.025439 0.000000 -0.021554 0.998609 -0.048125 9.685800 -0.026500 0.047549 0.998517 0.000000 0.000000 0.000000 0.000000 1.000000
0.999582 0.015210 0.024582 0.000000 -0.013540 0.997678 -0.066744 9.685800 -0.025540 0.066384 0.997467 0.000000 0.000000 0.000000 0.000000 1.000000
0.999681 0.002356 0.025140 0.000000 0.000121 0.995181 -0.098059 9.685800 -0.025250 0.098031 0.994863 -0.000000 0.000000 0.000000 0.000000 1.000000
0.999585 -0.011967 0.026215 0.000000 0.015255 0.991521 -0.129050 9.685800 -0.024448 0.129396 0.991292 0.000000 0.000000 0.000000 0.000000 1.000000
0.999329 -0.024926 0.026836 -0.000000 0.028615 0.988681 -0.147276 9.685800 -0.022861 0.147945 0.988731 0.000000 0.000000 0.000000 0.000000 1.000000
0.999019 -0.035176 0.026895 0.000000 0.038938 0.987094 -0.155337 9.685800 -0.021084 0.156232 0.987495 -0.000000 0.000000 0.000000 0.000000 1.000000
0.998711 -0.043169 0.026698 0.000000 0.046955 0.985517 -0.162947 9.685800 -0.019277 0.163991 0.986274 0.000000 0.000000 0.000000 0.000000 1.000000
0.998421 -0.049578 0.026410 0.000000 0.053354 0.984047 -0.169718 9.685800 -0.017575 0.170859 0.985139 -0.000000 0.000000 0.000000 0.000000 1.000000
0.998325 -0.051687 0.026004 -0.000000 0.055405 0.983495 -0.172246 9.685800 -0.016672 0.173398 0.984711 -0.000000 0.000000 0.000000 0.000000 1.000000
0.998305 -0.051101 0.027861 0.000000 0.055176 0.983272 -0.173583 9.685800 -0.018525 0.174826 0.984425 -0.000000 0.000000 0.000000 0.000000 1.000000
0.998436 -0.047201 0.029971 0.000000 0.051713 0.983378 -0.174052 9.685800 -0.021258 0.175329 0.984280 0.000000 0.000000 0.000000 0.000000 1.000000
0.998560 -0.043035 0.032025 0.000000 0.047982 0.983487 -0.174502 9.685800 -0.023986 0.175788 0.984136 -0.000000 0.000000 0.000000 0.000000 1.000000
0.998671 -0.038618 0.034140 -0.000000 0.044014 0.983604 -0.174886 9.685800 -0.026827 0.176157 0.983997 0.000000 0.000000 0.000000 0.000000 1.000000
0.998759 -0.033962 0.036439 0.000000 0.039842 0.983734 -0.175158 9.685800 -0.029898 0.176392 0.983866 -0.000000 0.000000 0.000000 0.000000 1.000000
0.998814 -0.029080 0.039042 0.000000 0.035497 0.983880 -0.175272 9.685800 -0.033316 0.176450 0.983746 0.000000 0.000000 0.000000 0.000000 1.000000
0.998776 -0.021201 0.044689 0.000000 0.028659 0.984417 -0.173497 9.685800 -0.040314 0.174565 0.983820 -0.000000 0.000000 0.000000 0.000000 1.000000
0.998633 -0.006203 0.051898 0.000000 0.014914 0.985471 -0.169187 9.685800 -0.050094 0.169730 0.984217 0.000000 0.000000 0.000000 0.000000 1.000000
0.998194 0.010081 0.059221 0.000000 -0.000167 0.986279 -0.165089 9.685800 -0.060073 0.164781 0.984499 0.000000 0.000000 0.000000 0.000000 1.000000
0.997553 0.025987 0.064908 0.000000 -0.015048 0.986402 -0.163661 9.685800 -0.068279 0.162283 0.984379 0.000000 0.000000 0.000000 0.000000 1.000000
0.996716 0.043571 0.068254 0.000000 -0.032308 0.986879 -0.158199 9.685800 -0.074251 0.155474 0.985045 0.000000 0.000000 0.000000 0.000000 1.000000
0.995447 0.061514 0.072813 0.000000 -0.050004 0.987343 -0.150508 9.685800 -0.081150 0.146181 0.985924 0.000000 0.000000 0.000000 0.000000 1.000000
0.994022 0.075563 0.078801 0.000000 -0.063575 0.987404 -0.144884 9.685800 -0.088756 0.139008 0.986306 0.000000 0.000000 0.000000 0.000000 1.000000
0.993048 0.086330 0.080018 0.000000 -0.074610 0.987424 -0.139383 9.685800 -0.091045 0.132444 0.987000 0.000000 0.000000 0.000000 0.000000 1.000000
