<?xml version="1.0" encoding="utf-8"?>
<COLLADA xmlns="http://www.collada.org/2005/11/COLLADASchema" version="1.4.1">
  <asset>
    <contributor>
      <author>Mixamo</author>
      <authoring_tool>COLLADA Mixamo exporter</authoring_tool>
      <comments/>
    </contributor>
    <created>2025-11-14T05:17:36Z</created>
    <modified>2025-11-14T05:17:36Z</modified>
    <revision/>
    <title/>
    <unit meter="0.010000"/>
    <up_axis>Y_UP</up_axis>
  </asset>
  <library_animations>
    <animation id="mixamorig_Hips-anim" name="mixamorig_Hips">
      <source id="mixamorig_Hips-Matrix-animation-input">
        <float_array id="mixamorig_Hips-Matrix-animation-input-array" count="103">

0.000000 0.033333 0.066667 0.100000 0.133333 0.166667 0.200000 0.233333 0.266667 0.300000 0.333333 0.366667 0.400000 0.433333 0.466667 0.500000
0.533333 0.566667 0.600000 0.633333 0.666667 0.700000 0.733333 0.766667 0.800000 0.833333 0.866667 0.900000 0.933333 0.966667 1.000000 1.033333
1.066667 1.100000 1.133333 1.166667 1.200000 1.233333 1.266667 1.300000 1.333333 1.366667 1.400000 1.433333 1.466667 1.500000 1.533333 1.566667
1.600000 1.633333 1.666667 1.700000 1.733333 1.766667 1.800000 1.833333 1.866667 1.900000 1.933333 1.966667 2.000000 2.033333 2.066667 2.100000
2.133333 2.166667 2.200000 2.233333 2.266667 2.300000 2.333333 2.366667 2.400000 2.433333 2.466667 2.500000 2.533333 2.566667 2.600000 2.633333
2.666667 2.700000 2.733333 2.766667 2.800000 2.833333 2.866667 2.900000 2.933333 2.966667 3.000000 3.033333 3.066667 3.100000 3.133333 3.166667
3.200000 3.233333 3.266667 3.300000 3.333333 3.366667 3.400000</float_array>
        <technique_common>
          <accessor source="#mixamorig_Hips-Matrix-animation-input-array" count="103">
            <param name="TIME" type="float"/>
          </accessor>
        </technique_common>
      </source>
      <source id="mixamorig_Hips-Matrix-animation-output-transform">
        <float_array id="mixamorig_Hips-Matrix-animation-output-transform-array" count="1648">

0.522569 -0.060166 -0.850471 0.205161 0.069742 0.997181 -0.027692 100.639885 0.849740 -0.044842 0.525292 -0.652389 0.000000 0.000000 0.000000 1.000000
0.541853 -0.066947 -0.837803 -0.075692 0.049865 0.997627 -0.047467 100.872925 0.838992 -0.016057 0.543906 -1.497818 0.000000 0.000000 0.000000 1.000000
0.543149 -0.065870 -0.837049 -0.599447 0.016083 0.997551 -0.068064 100.449333 0.839482 0.023507 0.542878 -1.312305 0.000000 0.000000 0.000000 1.000000
0.582058 -0.028705 -0.812641 -1.994729 -0.023936 0.998339 -0.052408 100.523308 0.812795 0.049956 0.580404 -1.807096 0.000000 0.000000 0.000000 1.000000
0.659499 0.060437 -0.749272 -6.360331 -0.051745 0.998048 0.034959 102.451035 0.749922 0.015715 0.661340 -0.487158 0.000000 0.000000 0.000000 1.000000
0.673591 0.141737 -0.725387 -8.627542 -0.051167 0.988028 0.145542 104.427521 0.737331 -0.060920 0.672779 3.320903 0.000000 0.000000 0.000000 1.000000
0.595750 0.190271 -0.780307 -8.449473 -0.024340 0.975365 0.219251 105.434662 0.802801 -0.111626 0.585705 7.691436 0.000000 0.000000 0.000000 1.000000
0.515873 0.207037 -0.831270 -8.002581 0.016715 0.967739 0.251399 105.930283 0.856502 -0.143584 0.495770 10.574188 0.000000 0.000000 0.000000 1.000000
0.473520 0.207100 -0.856089 -7.958514 0.047421 0.964559 0.259570 106.173622 0.879505 -0.163508 0.446918 12.089516 0.000000 0.000000 0.000000 1.000000
0.445033 0.205117 -0.871707 -7.707740 0.066155 0.963225 0.260425 106.288887 0.893068 -0.173565 0.415097 12.990078 0.000000 0.000000 0.000000 1.000000
0.423654 0.201612 -0.883103 -7.320124 0.076088 0.963550 0.256480 106.310745 0.902623 -0.175852 0.392871 13.613772 0.000000 0.000000 0.000000 1.000000
0.413878 0.193887 -0.889445 -6.735580 0.082904 0.964968 0.248927 106.276947 0.906549 -0.176764 0.383305 14.067475 0.000000 0.000000 0.000000 1.000000
0.422184 0.181359 -0.888183 -6.029103 0.090241 0.966508 0.240247 106.208061 0.902007 -0.181579 0.391678 14.355809 0.000000 0.000000 0.000000 1.000000
0.446797 0.165570 -0.879181 -5.151717 0.098817 0.967579 0.232435 106.119720 0.889161 -0.190729 0.415950 14.597599 0.000000 0.000000 0.000000 1.000000
0.482055 0.147946 -0.863559 -4.114055 0.107838 0.968126 0.226058 106.033684 0.869479 -0.202097 0.450736 14.821704 0.000000 0.000000 0.000000 1.000000
0.522681 0.129193 -0.842683 -2.921647 0.116482 0.968359 0.220710 105.907043 0.844534 -0.213518 0.491094 15.068349 0.000000 0.000000 0.000000 1.000000
0.564089 0.110428 -0.818297 -1.631720 0.123115 0.968691 0.215593 105.738556 0.816484 -0.222358 0.532833 15.321680 0.000000 0.000000 0.000000 1.000000
0.604026 0.093701 -0.791437 -0.288729 0.126257 0.969273 0.211115 105.550079 0.786900 -0.227443 0.573636 15.504063 0.000000 0.000000 0.000000 1.000000
0.641649 0.080359 -0.762777 1.016283 0.125222 0.970177 0.207546 105.356842 0.756707 -0.228688 0.612451 15.726921 0.000000 0.000000 0.000000 1.000000
0.677421 0.070876 -0.732173 2.241425 0.120046 0.971352 0.205098 105.146515 0.725734 -0.226832 0.649506 15.715982 0.000000 0.000000 0.000000 1.000000
0.712029 0.066196 -0.699022 3.515432 0.111154 0.972366 0.205303 104.888824 0.693296 -0.223881 0.684995 15.711466 0.000000 0.000000 0.000000 1.000000
0.745077 0.063222 -0.663975 4.803585 0.100094 0.973625 0.205026 104.609398 0.659425 -0.219220 0.719098 15.696259 0.000000 0.000000 0.000000 1.000000
0.776369 0.061548 -0.627267 6.113596 0.086905 0.975261 0.203255 104.268623 0.624259 -0.212314 0.751814 15.621174 0.000000 0.000000 0.000000 1.000000
0.805577 0.060987 -0.589343 7.406380 0.073905 0.976576 0.202081 103.851913 0.587863 -0.206347 0.782201 15.486936 0.000000 0.000000 0.000000 1.000000
0.832777 0.061325 -0.550202 8.700846 0.060104 0.977956 0.199974 103.416435 0.550337 -0.199603 0.810733 15.332141 0.000000 0.000000 0.000000 1.000000
0.857047 0.061695 -0.511530 10.073899 0.047333 0.979179 0.197403 102.908386 0.513059 -0.193396 0.836283 15.025879 0.000000 0.000000 0.000000 1.000000
0.878454 0.061586 -0.473841 11.539118 0.036354 0.980171 0.194791 102.316811 0.476442 -0.188341 0.858796 14.531671 0.000000 0.000000 0.000000 1.000000
0.897679 0.061352 -0.436359 13.051964 0.026266 0.981049 0.191969 101.678482 0.439867 -0.183788 0.879056 13.934942 0.000000 0.000000 0.000000 1.000000
0.914942 0.061275 -0.398906 14.602171 0.016526 0.981890 0.188731 101.011185 0.403246 -0.179270 0.897360 13.287656 0.000000 0.000000 0.000000 1.000000
0.930408 0.061747 -0.361288 16.179476 0.006516 0.982765 0.184743 100.332718 0.366469 -0.174241 0.913970 12.641768 0.000000 0.000000 0.000000 1.000000
0.942599 0.061633 -0.328189 18.011057 -0.001025 0.983348 0.181727 99.517700 0.333925 -0.170960 0.926967 11.886539 0.000000 0.000000 0.000000 1.000000
0.952053 0.062350 -0.299511 19.953403 -0.008338 0.983936 0.178325 98.570396 0.305819 -0.167278 0.937280 11.030574 0.000000 0.000000 0.000000 1.000000
0.959959 0.063678 -0.272807 21.999323 -0.015651 0.984493 0.174724 97.506874 0.279703 -0.163458 0.946070 10.149791 0.000000 0.000000 0.000000 1.000000
0.966310 0.065800 -0.248828 24.229523 -0.022946 0.984943 0.171350 96.232666 0.256356 -0.159867 0.953270 9.254345 0.000000 0.000000 0.000000 1.000000
0.971580 0.068420 -0.226610 26.599447 -0.030278 0.985373 0.167698 94.820190 0.234769 -0.156070 0.959440 8.365357 0.000000 0.000000 0.000000 1.000000
0.975675 0.071612 -0.207196 29.278986 -0.037767 0.985917 0.162916 93.154076 0.215945 -0.151128 0.964639 7.547653 0.000000 0.000000 0.000000 1.000000
0.978380 0.076895 -0.191989 32.173214 -0.046785 0.986537 0.156706 91.249069 0.201454 -0.144336 0.968805 6.752674 0.000000 0.000000 0.000000 1.000000
0.980226 0.085103 -0.178647 35.265457 -0.058534 0.987095 0.149053 89.089630 0.189027 -0.135649 0.972558 5.984230 0.000000 0.000000 0.000000 1.000000
0.981830 0.096700 -0.163276 38.514427 -0.073849 0.987301 0.140651 86.408333 0.174804 -0.126038 0.976503 5.311618 0.000000 0.000000 0.000000 1.000000
0.983027 0.111088 -0.146006 41.858856 -0.092242 0.987205 0.130066 82.227997 0.158587 -0.114391 0.980696 4.632180 0.000000 0.000000 0.000000 1.000000
0.982813 0.129362 -0.131697 45.438965 -0.113822 0.986301 0.119396 77.428970 0.145338 -0.102354 0.984073 4.051796 0.000000 0.000000 0.000000 1.000000
0.979417 0.155026 -0.129268 49.293133 -0.141294 0.983902 0.109420 71.375092 0.144150 -0.088903 0.985554 3.544369 0.000000 0.000000 0.000000 1.000000
0.974567 0.182669 -0.129808 53.199982 -0.170447 0.980297 0.099827 65.052231 0.145486 -0.075163 0.986501 3.050599 0.000000 0.000000 0.000000 1.000000
0.965868 0.221626 -0.134096 57.127579 -0.210478 0.973218 0.092445 58.190323 0.150993 -0.061065 0.986647 2.556466 0.000000 0.000000 0.000000 1.000000
0.949549 0.280208 -0.140852 61.011822 -0.270009 0.958889 0.087335 50.070244 0.159534 -0.044897 0.986171 2.160159 0.000000 0.000000 0.000000 1.000000
0.917006 0.364450 -0.162098 65.075569 -0.352887 0.930706 0.096212 41.321678 0.185930 -0.031025 0.982073 1.556863 0.000000 0.000000 0.000000 1.000000
0.853975 0.478539 -0.204270 69.675262 -0.458469 0.877697 0.139478 32.627556 0.246033 -0.025459 0.968927 0.329236 0.000000 0.000000 0.000000 1.000000
0.759524 0.602202 -0.245918 74.272919 -0.564164 0.798037 0.211793 24.276659 0.323794 -0.022124 0.945869 -1.095397 0.000000 0.000000 0.000000 1.000000
0.624035 0.729591 -0.279779 77.922440 -0.656184 0.683703 0.319332 17.945786 0.424268 -0.015688 0.905401 -2.364072 0.000000 0.000000 0.000000 1.000000
0.454590 0.844311 -0.283700 80.799713 -0.733810 0.535545 0.417988 16.423134 0.504846 0.018169 0.863018 -3.647456 0.000000 0.000000 0.000000 1.000000
0.267925 0.930184 -0.250948 83.720490 -0.796978 0.360335 0.484752 16.729134 0.541334 0.070123 0.837878 -4.805645 0.000000 0.000000 0.000000 1.000000
0.104093 0.977667 -0.182573 87.132965 -0.836174 0.185420 0.516171 17.478340 0.538496 0.098932 0.836800 -4.974881 0.000000 0.000000 0.000000 1.000000
-0.008870 0.994027 -0.108777 91.336433 -0.854357 0.048993 0.517372 19.177174 0.519611 0.097524 0.848819 -4.833640 0.000000 0.000000 0.000000 1.000000
-0.087305 0.995125 -0.045876 95.645195 -0.859650 -0.051990 0.508232 20.398556 0.503369 0.083808 0.859998 -4.794044 0.000000 0.000000 0.000000 1.000000
-0.147185 0.989091 -0.005995 99.163040 -0.856174 -0.124366 0.501497 21.825891 0.495280 0.078945 0.865139 -4.698879 0.000000 0.000000 0.000000 1.000000
-0.196297 0.980346 0.019718 101.993050 -0.844333 -0.179219 0.504958 22.979324 0.498567 0.082473 0.862919 -4.678567 0.000000 0.000000 0.000000 1.000000
-0.236780 0.970562 0.044099 104.611313 -0.825410 -0.224896 0.517803 23.891903 0.512477 0.086206 0.854363 -4.850756 0.000000 0.000000 0.000000 1.000000
-0.266795 0.961084 0.071676 106.953125 -0.802915 -0.262790 0.535042 24.712685 0.533056 0.085197 0.841780 -5.319919 0.000000 0.000000 0.000000 1.000000
-0.290647 0.950451 0.110309 108.987640 -0.774676 -0.301413 0.555903 24.884954 0.561607 0.076118 0.823895 -6.082272 0.000000 0.000000 0.000000 1.000000
-0.306121 0.940039 0.150390 110.594612 -0.740843 -0.334442 0.582495 24.856909 0.597864 0.066899 0.798801 -7.095403 0.000000 0.000000 0.000000 1.000000
-0.313000 0.930567 0.189938 111.647514 -0.702139 -0.361392 0.613512 24.385817 0.639556 0.058667 0.766503 -8.067267 0.000000 0.000000 0.000000 1.000000
-0.307587 0.927857 0.210885 112.351074 -0.663457 -0.368003 0.651459 23.660397 0.682067 0.060467 0.728786 -8.932559 0.000000 0.000000 0.000000 1.000000
-0.291323 0.931391 0.218271 112.708809 -0.629373 -0.358441 0.689500 23.057087 0.720431 0.063494 0.690614 -9.672008 0.000000 0.000000 0.000000 1.000000
-0.269110 0.938021 0.218394 112.700989 -0.601560 -0.340794 0.722485 22.531792 0.752134 0.063051 0.655987 -10.223459 0.000000 0.000000 0.000000 1.000000
-0.243996 0.945965 0.213581 112.412003 -0.581124 -0.318937 0.748715 21.996382 0.776377 0.058566 0.627542 -10.610493 0.000000 0.000000 0.000000 1.000000
-0.219273 0.954398 0.202595 111.896523 -0.568213 -0.293718 0.768677 21.309704 0.793129 0.053433 0.606706 -10.844272 0.000000 0.000000 0.000000 1.000000
-0.195632 0.963022 0.185250 111.230309 -0.563531 -0.264991 0.782441 20.468513 0.802597 0.048676 0.594533 -10.912288 0.000000 0.000000 0.000000 1.000000
-0.171762 0.971507 0.163319 110.441116 -0.565430 -0.232977 0.791208 19.602091 0.806714 0.043554 0.589336 -10.903298 0.000000 0.000000 0.000000 1.000000
-0.146875 0.979777 0.135886 109.506004 -0.570821 -0.196148 0.797301 18.964371 0.807831 0.039537 0.588087 -10.914847 0.000000 0.000000 0.000000 1.000000
-0.121827 0.987254 0.102406 108.603165 -0.575208 -0.154307 0.803321 18.507551 0.808885 0.038961 0.586675 -11.008925 0.000000 0.000000 0.000000 1.000000
-0.095452 0.993396 0.063659 107.682938 -0.576290 -0.107291 0.810172 17.922785 0.811652 0.040646 0.582726 -11.054150 0.000000 0.000000 0.000000 1.000000
-0.066327 0.997574 0.021131 106.756752 -0.573632 -0.055451 0.817234 17.088787 0.816423 0.042084 0.575919 -10.953713 0.000000 0.000000 0.000000 1.000000
-0.033949 0.999154 -0.023210 105.907234 -0.567892 -0.000175 0.823103 15.954363 0.822402 0.041124 0.567418 -10.834584 0.000000 0.000000 0.000000 1.000000
-0.000082 0.997688 -0.067958 105.289139 -0.559247 0.056292 0.827088 14.953544 0.829001 0.038073 0.557949 -10.830252 0.000000 0.000000 0.000000 1.000000
0.032646 0.993664 -0.107546 104.970047 -0.545120 0.107892 0.831387 14.204823 0.837722 0.031484 0.545188 -11.119888 0.000000 0.000000 0.000000 1.000000
0.055926 0.989156 -0.135806 104.381508 -0.525359 0.144821 0.838466 13.702957 0.849041 0.024455 0.527761 -11.088722 0.000000 0.000000 0.000000 1.000000
0.061560 0.987268 -0.146668 103.741867 -0.503334 0.157600 0.849598 13.725624 0.861897 0.021522 0.506627 -11.415148 0.000000 0.000000 0.000000 1.000000
0.053145 0.988347 -0.142637 103.733017 -0.484239 0.150427 0.861907 14.014763 0.873320 0.023264 0.486591 -11.974585 0.000000 0.000000 0.000000 1.000000
0.039730 0.990398 -0.132414 103.939514 -0.471172 0.135430 0.871582 14.290941 0.881146 0.027762 0.472029 -12.403447 0.000000 0.000000 0.000000 1.000000
0.028884 0.991876 -0.123882 104.069061 -0.464146 0.123072 0.877167 14.376178 0.885288 0.032163 0.463931 -12.606235 0.000000 0.000000 0.000000 1.000000
0.023355 0.992485 -0.120118 104.124329 -0.461706 0.117278 0.879246 14.283689 0.886726 0.034925 0.460975 -12.675570 0.000000 0.000000 0.000000 1.000000
0.021383 0.992438 -0.120872 104.310043 -0.462040 0.117024 0.879105 13.987574 0.886602 0.037049 0.461048 -12.693024 0.000000 0.000000 0.000000 1.000000
0.020492 0.992232 -0.122706 104.521530 -0.463438 0.118177 0.878214 13.652082 0.885892 0.038871 0.462260 -12.699220 0.000000 0.000000 0.000000 1.000000
0.021504 0.991875 -0.125386 104.731499 -0.467356 0.120841 0.875772 13.323335 0.883808 0.039767 0.466157 -12.701008 0.000000 0.000000 0.000000 1.000000
0.019753 0.992350 -0.121864 104.970123 -0.474257 0.116602 0.872630 13.223518 0.880165 0.040558 0.472933 -12.622100 0.000000 0.000000 0.000000 1.000000
0.017385 0.992959 -0.117176 105.229553 -0.482028 0.110998 0.869096 13.155336 0.875984 0.041373 0.480563 -12.525827 0.000000 0.000000 0.000000 1.000000
0.015186 0.993474 -0.113040 105.446266 -0.488637 0.106007 0.866023 13.101660 0.872355 0.042084 0.487058 -12.440864 0.000000 0.000000 0.000000 1.000000
0.014027 0.993706 -0.111136 105.556732 -0.492102 0.103615 0.864349 13.045355 0.870424 0.042566 0.490459 -12.395886 0.000000 0.000000 0.000000 1.000000
0.013774 0.993718 -0.111061 105.584816 -0.493121 0.103376 0.863797 12.982153 0.869852 0.042869 0.491447 -12.383154 0.000000 0.000000 0.000000 1.000000
0.013677 0.993695 -0.111278 105.598099 -0.493738 0.103486 0.863431 12.919210 0.869503 0.043133 0.492040 -12.375390 0.000000 0.000000 0.000000 1.000000
0.013713 0.993642 -0.111744 105.598602 -0.494005 0.103895 0.863230 12.856539 0.869351 0.043364 0.492289 -12.371971 0.000000 0.000000 0.000000 1.000000
0.013860 0.993564 -0.112419 105.588341 -0.493972 0.104555 0.863168 12.794146 0.869367 0.043568 0.492242 -12.372268 0.000000 0.000000 0.000000 1.000000
0.014092 0.993465 -0.113262 105.569359 -0.493692 0.105416 0.863224 12.732042 0.869523 0.043752 0.491952 -12.375653 0.000000 0.000000 0.000000 1.000000
0.014386 0.993350 -0.114233 105.543678 -0.493214 0.106429 0.863373 12.670237 0.869789 0.043921 0.491466 -12.381503 0.000000 0.000000 0.000000 1.000000
0.014717 0.993223 -0.115292 105.513313 -0.492590 0.107544 0.863591 12.608738 0.870137 0.044082 0.490834 -12.389188 0.000000 0.000000 0.000000 1.000000
0.015062 0.993088 -0.116398 105.480286 -0.491870 0.108711 0.863856 12.547557 0.870539 0.044242 0.490107 -12.398082 0.000000 0.000000 0.000000 1.000000
0.015395 0.992952 -0.117510 105.446640 -0.491104 0.109881 0.864143 12.486701 0.870965 0.044406 0.489335 -12.407559 0.000000 0.000000 0.000000 1.000000
0.015695 0.992819 -0.118589 105.414383 -0.490345 0.111005 0.864430 12.426183 0.871387 0.044582 0.488566 -12.416992 0.000000 0.000000 0.000000 1.000000
0.015937 0.992695 -0.119592 105.385559 -0.489643 0.112032 0.864696 12.366008 0.871778 0.044777 0.487851 -12.425754 0.000000 0.000000 0.000000 1.000000
0.016099 0.992585 -0.120478 105.362167 -0.489049 0.112914 0.864917 12.306189 0.872108 0.044996 0.487241 -12.433219 0.000000 0.000000 0.000000 1.000000
0.016157 0.992496 -0.121208 105.346252 -0.488616 0.113601 0.865072 12.246732 0.872349 0.045247 0.486784 -12.438759 0.000000 0.000000 0.000000 1.000000
0.015360 0.992512 -0.121174 105.357605 -0.487950 0.113219 0.865498 12.197998 0.872736 0.045833 0.486036 -12.448350 0.000000 0.000000 0.000000 1.000000
0.014036 0.992591 -0.120691 105.384186 -0.487062 0.112202 0.866130 12.156289 0.873255 0.046627 0.485028 -12.461421 0.000000 0.000000 0.000000 1.000000</float_array>
        <technique_common>
          <accessor source="#mixamorig_Hips-Matrix-animation-output-transform-array" count="103" stride="16">
            <param type="float4x4"/>
          </accessor>
        </technique_common>
      </source>
      <source id="mixamorig_Hips-Interpolations">
        <Name_array id="mixamorig_Hips-Interpolations-array" count="103">
 LINEAR LINEAR LINEAR LINEAR LINEAR LINEAR LINEAR LINEAR LINEAR LINEAR LINEAR
LINEAR LINEAR LINEAR LINEAR LINEAR LINEAR LINEAR LINEAR LINEAR LINEAR LINEAR LINEAR
LINEAR LINEAR LINEAR LINEAR LINEAR LINEAR LINEAR LINEAR LINEAR LINEAR LINEAR LINEAR
LINEAR LINEAR LINEAR LINEAR LINEAR LINEAR LINEAR LINEAR LINEAR LINEAR LINEAR LINEAR
LINEAR LINEAR LINEAR LINEAR LINEAR LINEAR LINEAR LINEAR LINEAR LINEAR LINEAR LINEAR
LINEAR LINEAR LINEAR LINEAR LINEAR LINEAR LINEAR LINEAR LINEAR LINEAR LINEAR LINEAR
LINEAR LINEAR LINEAR LINEAR LINEAR LINEAR LINEAR LINEAR LINEAR LINEAR LINEAR LINEAR
LINEAR LINEAR LINEAR LINEAR LINEAR LINEAR LINEAR LINEAR LINEAR LINEAR LINEAR LINEAR
LINEAR LINEAR LINEAR LINEAR LINEAR LINEAR LINEAR LINEAR</Name_array>
        <technique_common>
          <accessor source="#mixamorig_Hips-Interpolations-array" count="103">
            <param type="name"/>
          </accessor>
        </technique_common>
      </source>
      <sampler id="mixamorig_Hips-Matrix-animation-transform">
        <input semantic="INPUT" source="#mixamorig_Hips-Matrix-animation-input"/>
        <input semantic="OUTPUT" source="#mixamorig_Hips-Matrix-animation-output-transform"/>
        <input semantic="INTERPOLATION" source="#mixamorig_Hips-Interpolations"/>
      </sampler>
      <channel source="#mixamorig_Hips-Matrix-animation-transform" target="mixamorig_Hips/matrix"/>
    </animation>
    <animation id="mixamorig_Spine-anim" name="mixamorig_Spine">
      <source id="mixamorig_Spine-Matrix-animation-input">
        <float_array id="mixamorig_Spine-Matrix-animation-input-array" count="103">

0.000000 0.033333 0.066667 0.100000 0.133333 0.166667 0.200000 0.233333 0.266667 0.300000 0.333333 0.366667 0.400000 0.433333 0.466667 0.500000
0.533333 0.566667 0.600000 0.633333 0.666667 0.700000 0.733333 0.766667 0.800000 0.833333 0.866667 0.900000 0.933333 0.966667 1.000000 1.033333
1.066667 1.100000 1.133333 1.166667 1.200000 1.233333 1.266667 1.300000 1.333333 1.366667 1.400000 1.433333 1.466667 1.500000 1.533333 1.566667
1.600000 1.633333 1.666667 1.700000 1.733333 1.766667 1.800000 1.833333 1.866667 1.900000 1.933333 1.966667 2.000000 2.033333 2.066667 2.100000
2.133333 2.166667 2.200000 2.233333 2.266667 2.300000 2.333333 2.366667 2.400000 2.433333 2.466667 2.500000 2.533333 2.566667 2.600000 2.633333
2.666667 2.700000 2.733333 2.766667 2.800000 2.833333 2.866667 2.900000 2.933333 2.966667 3.000000 3.033333 3.066667 3.100000 3.133333 3.166667
3.200000 3.233333 3.266667 3.300000 3.333333 3.366667 3.400000</float_array>
        <technique_common>
          <accessor source="#mixamorig_Spine-Matrix-animation-input-array" count="103">
            <param name="TIME" type="float"/>
          </accessor>
        </technique_common>
      </source>
      <source id="mixamorig_Spine-Matrix-animation-output-transform">
        <float_array id="mixamorig_Spine-Matrix-animation-output-transform-array" count="1648">

0.998816 0.048626 0.001207 0.000000 -0.047275 0.976313 -0.211137 8.536500 -0.011445 0.210830 0.977456 0.187100 0.000000 0.000000 0.000000 1.000000
0.998194 0.058997 -0.011362 -0.000000 -0.060038 0.972331 -0.225760 8.536500 -0.002271 0.226035 0.974117 0.187100 0.000000 0.000000 0.000000 1.000000
0.997856 0.060823 -0.024166 0.000000 -0.064681 0.972830 -0.222303 8.536500 0.009989 0.223389 0.974678 0.187100 0.000000 0.000000 0.000000 1.000000
0.997942 0.057358 -0.028670 0.000000 -0.062053 0.976527 -0.206265 8.536500 0.016167 0.207620 0.978076 0.187100 0.000000 0.000000 0.000000 1.000000
0.998366 0.049843 -0.027956 0.000000 -0.054037 0.982549 -0.177980 8.536500 0.018597 0.179199 0.983637 0.187100 0.000000 0.000000 0.000000 1.000000
0.999619 0.024106 -0.013480 0.000000 -0.025868 0.988174 -0.151142 8.536500 0.009677 0.151433 0.988420 0.187100 0.000000 0.000000 0.000000 1.000000
0.999644 -0.023726 0.012222 0.000000 0.025190 0.990062 -0.138359 8.536500 -0.008818 0.138618 0.990307 0.187100 0.000000 0.000000 0.000000 1.000000
0.997667 -0.060384 0.031843 0.000000 0.064094 0.989115 -0.132455 8.536500 -0.023498 0.134187 0.990677 0.187100 0.000000 0.000000 0.000000 1.000000
0.996493 -0.073736 0.039564 0.000000 0.078268 0.988562 -0.128916 8.536500 -0.029605 0.131561 0.990866 0.187100 0.000000 0.000000 0.000000 1.000000
0.996229 -0.076337 0.041249 0.000000 0.081020 0.988547 -0.127324 8.536500 -0.031057 0.130186 0.991003 0.187100 0.000000 0.000000 0.000000 1.000000
0.996330 -0.074994 0.041254 0.000000 0.079637 0.988864 -0.125718 8.536500 -0.031367 0.128542 0.991208 0.187100 0.000000 0.000000 0.000000 1.000000
0.996709 -0.070770 0.039530 0.000000 0.075160 0.989477 -0.123640 8.536500 -0.030364 0.126205 0.991539 0.187100 0.000000 0.000000 0.000000 1.000000
0.997395 -0.063406 0.034405 0.000000 0.067163 0.990243 -0.122099 8.536500 -0.026327 0.124091 0.991921 0.187100 0.000000 0.000000 0.000000 1.000000
0.998144 -0.054872 0.026395 0.000000 0.057685 0.990931 -0.121360 8.536500 -0.019496 0.122657 0.992258 0.187100 0.000000 0.000000 0.000000 1.000000
0.998711 -0.047540 0.017761 -0.000000 0.049354 0.991332 -0.121757 8.536500 -0.011819 0.122476 0.992401 0.187100 0.000000 0.000000 0.000000 1.000000
0.999034 -0.042801 0.009917 -0.000000 0.043695 0.991497 -0.122578 8.536500 -0.004586 0.122893 0.992409 0.187100 0.000000 0.000000 0.000000 1.000000
0.999160 -0.040859 0.003027 0.000000 0.040921 0.991596 -0.122733 8.536500 0.002013 0.122754 0.992435 0.187100 0.000000 0.000000 0.000000 1.000000
0.999172 -0.040550 -0.003337 0.000000 0.039842 0.991747 -0.121861 8.536500 0.008251 0.121627 0.992542 0.187100 0.000000 0.000000 0.000000 1.000000
0.999142 -0.040324 -0.009449 0.000000 0.038893 0.991943 -0.120569 8.536500 0.014234 0.120098 0.992660 0.187100 0.000000 0.000000 0.000000 1.000000
0.999114 -0.039223 -0.015250 0.000000 0.037119 0.992104 -0.119800 8.536500 0.019829 0.119128 0.992681 0.187100 0.000000 0.000000 0.000000 1.000000
0.999068 -0.038270 -0.019974 0.000000 0.035596 0.992085 -0.120414 8.536500 0.024424 0.119591 0.992523 0.187100 0.000000 0.000000 0.000000 1.000000
0.999001 -0.037653 -0.024072 0.000000 0.034470 0.992033 -0.121175 8.536500 0.028443 0.120224 0.992339 0.187100 0.000000 0.000000 0.000000 1.000000
0.998916 -0.038525 -0.026118 0.000000 0.035086 0.991993 -0.121324 8.536500 0.030583 0.120277 0.992269 0.187100 0.000000 0.000000 0.000000 1.000000
0.998859 -0.039737 -0.026488 0.000000 0.036270 0.992049 -0.120510 8.536500 0.031066 0.119412 0.992359 0.187100 0.000000 0.000000 0.000000 1.000000
0.998807 -0.040993 -0.026542 0.000000 0.037541 0.992114 -0.119582 8.536500 0.031235 0.118443 0.992469 0.187100 0.000000 0.000000 0.000000 1.000000
0.998768 -0.041933 -0.026554 0.000000 0.038467 0.992059 -0.119749 8.536500 0.031365 0.118580 0.992449 0.187100 0.000000 0.000000 0.000000 1.000000
0.998745 -0.042418 -0.026616 0.000000 0.038892 0.991850 -0.121328 8.536500 0.031546 0.120141 0.992256 0.187100 0.000000 0.000000 0.000000 1.000000
0.998734 -0.042668 -0.026648 0.000000 0.039063 0.991560 -0.123625 8.536500 0.031698 0.122427 0.991971 0.187100 0.000000 0.000000 0.000000 1.000000
0.998725 -0.042857 -0.026661 0.000000 0.039162 0.991215 -0.126330 8.536500 0.031841 0.125125 0.991630 0.187100 0.000000 0.000000 0.000000 1.000000
0.998712 -0.043156 -0.026664 -0.000000 0.039368 0.990845 -0.129134 8.536500 0.031992 0.127918 0.991269 0.187100 0.000000 0.000000 0.000000 1.000000
0.998679 -0.043989 -0.026563 -0.000000 0.040066 0.990238 -0.133505 8.536500 0.032177 0.132264 0.990692 0.187100 0.000000 0.000000 0.000000 1.000000
0.998633 -0.045126 -0.026378 0.000000 0.041059 0.989527 -0.138383 8.536500 0.032346 0.137111 0.990027 0.187100 0.000000 0.000000 0.000000 1.000000
0.998588 -0.046284 -0.026075 0.000000 0.042080 0.988748 -0.143547 8.536500 0.032426 0.142247 0.989300 0.187100 0.000000 0.000000 0.000000 1.000000
0.998552 -0.047344 -0.025544 0.000000 0.043021 0.987870 -0.149202 8.536500 0.032298 0.147887 0.988477 0.187100 0.000000 0.000000 0.000000 1.000000
0.998522 -0.048331 -0.024865 0.000000 0.043910 0.986936 -0.155013 8.536500 0.032032 0.153692 0.987599 0.187100 0.000000 0.000000 0.000000 1.000000
0.998506 -0.049119 -0.023936 0.000000 0.044654 0.986004 -0.160633 8.536500 0.031491 0.159324 0.986724 0.187100 0.000000 0.000000 0.000000 1.000000
0.998499 -0.049649 -0.023119 0.000000 0.045127 0.985031 -0.166366 8.536500 0.031033 0.165073 0.985793 0.187100 0.000000 0.000000 0.000000 1.000000
0.998504 -0.049682 -0.022840 -0.000000 0.045028 0.984061 -0.172037 8.536500 0.031023 0.170751 0.984826 0.187100 0.000000 0.000000 0.000000 1.000000
0.998538 -0.048749 -0.023334 0.000000 0.043854 0.983171 -0.177344 8.536500 0.031587 0.176062 0.983872 0.187100 0.000000 0.000000 0.000000 1.000000
0.998601 -0.046895 -0.024440 -0.000000 0.041668 0.982343 -0.182388 8.536500 0.032562 0.181115 0.982923 0.187100 0.000000 0.000000 0.000000 1.000000
0.998669 -0.044715 -0.025687 -0.000000 0.039150 0.981637 -0.186696 8.536500 0.033564 0.185442 0.982082 0.187100 0.000000 0.000000 0.000000 1.000000
0.998807 -0.041461 -0.025801 0.000000 0.035780 0.980909 -0.191148 8.536500 0.033234 0.189996 0.981222 0.187100 0.000000 0.000000 0.000000 1.000000
0.998945 -0.038089 -0.025672 0.000000 0.032342 0.980132 -0.195690 8.536500 0.032615 0.194653 0.980330 0.187100 0.000000 0.000000 0.000000 1.000000
0.999046 -0.036057 -0.024625 0.000000 0.030375 0.979069 -0.201251 8.536500 0.031366 0.200311 0.979230 0.187100 0.000000 0.000000 0.000000 1.000000
0.999049 -0.037941 -0.021497 0.000000 0.032638 0.977499 -0.208402 8.536500 0.028921 0.207502 0.977807 0.187100 0.000000 0.000000 0.000000 1.000000
0.999051 -0.040193 -0.016809 0.000000 0.035557 0.975184 -0.218521 8.536500 0.025175 0.217716 0.975688 0.187100 0.000000 0.000000 0.000000 1.000000
0.999140 -0.039923 -0.011202 0.000000 0.036191 0.971489 -0.234305 8.536500 0.020237 0.233698 0.972099 0.187100 0.000000 0.000000 0.000000 1.000000
0.999362 -0.035271 -0.005596 -0.000000 0.032745 0.967550 -0.250548 8.536500 0.014251 0.250205 0.968088 0.187100 0.000000 0.000000 0.000000 1.000000
0.999899 -0.013974 -0.002528 -0.000000 0.012845 0.965897 -0.258607 8.536500 0.006055 0.258549 0.965979 0.187100 0.000000 0.000000 0.000000 1.000000
0.999989 0.004289 -0.001693 -0.000000 -0.004576 0.968287 -0.249799 8.536500 0.000568 0.249804 0.968296 0.187100 0.000000 0.000000 0.000000 1.000000
0.999944 0.010443 -0.001742 0.000000 -0.010566 0.973959 -0.226480 8.536500 -0.000669 0.226486 0.974014 0.187100 0.000000 0.000000 0.000000 1.000000
0.999984 0.005088 -0.002604 0.000000 -0.005514 0.978744 -0.205014 8.536500 0.001506 0.205025 0.978756 0.187100 0.000000 0.000000 0.000000 1.000000
0.999962 -0.005886 -0.006490 -0.000000 0.004478 0.980020 -0.198848 8.536500 0.007530 0.198811 0.980009 0.187100 0.000000 0.000000 0.000000 1.000000
0.999744 -0.018332 -0.013297 -0.000000 0.015271 0.979283 -0.201922 8.536500 0.016723 0.201667 0.979311 0.187100 0.000000 0.000000 0.000000 1.000000
0.999168 -0.034703 -0.021418 0.000000 0.029485 0.977588 -0.208454 8.536500 0.028172 0.207649 0.977798 0.187100 0.000000 0.000000 0.000000 1.000000
0.998259 -0.050977 -0.029663 0.000000 0.043497 0.975982 -0.213463 8.536500 0.039832 0.211801 0.976501 0.187100 0.000000 0.000000 0.000000 1.000000
0.997296 -0.063584 -0.036855 0.000000 0.054059 0.974396 -0.218242 8.536500 0.049788 0.215660 0.975198 0.187100 0.000000 0.000000 0.000000 1.000000
0.996631 -0.069752 -0.043150 0.000000 0.058219 0.972185 -0.226862 8.536500 0.057774 0.223585 0.972971 0.187100 0.000000 0.000000 0.000000 1.000000
0.996406 -0.069063 -0.049048 0.000000 0.055340 0.969107 -0.240351 8.536500 0.064132 0.236773 0.969446 0.187100 0.000000 0.000000 0.000000 1.000000
0.996501 -0.063284 -0.054590 -0.000000 0.047083 0.964750 -0.258922 8.536500 0.069052 0.255446 0.964354 0.187100 0.000000 0.000000 0.000000 1.000000
0.996802 -0.052691 -0.060076 -0.000000 0.034392 0.961494 -0.272664 8.536500 0.072129 0.269726 0.960232 0.187100 0.000000 0.000000 0.000000 1.000000
0.997103 -0.039108 -0.065234 0.000000 0.019309 0.959740 -0.280226 8.536500 0.073567 0.278155 0.957715 0.187100 0.000000 0.000000 0.000000 1.000000
0.997236 -0.023089 -0.070619 -0.000000 0.002524 0.960470 -0.278372 8.536500 0.074255 0.277425 0.957874 0.187100 0.000000 0.000000 0.000000 1.000000
0.997114 -0.007003 -0.075597 0.000000 -0.013861 0.962208 -0.271961 8.536500 0.074644 0.272224 0.959334 0.187100 0.000000 0.000000 0.000000 1.000000
0.996817 0.006872 -0.079426 0.000000 -0.027709 0.964032 -0.264339 8.536500 0.074753 0.265699 0.961154 0.187100 0.000000 0.000000 0.000000 1.000000
0.996487 0.018089 -0.081765 -0.000000 -0.038531 0.965937 -0.255894 8.536500 0.074351 0.258146 0.963241 0.187100 0.000000 0.000000 0.000000 1.000000
0.996174 0.027131 -0.083078 0.000000 -0.046916 0.968024 -0.246432 8.536500 0.073735 0.249387 0.965593 0.187100 0.000000 0.000000 0.000000 1.000000
0.995779 0.035809 -0.084505 0.000000 -0.054821 0.970512 -0.234736 8.536500 0.073608 0.238378 0.968379 0.187100 0.000000 0.000000 0.000000 1.000000
0.995203 0.045633 -0.086533 -0.000000 -0.063759 0.973426 -0.219947 8.536500 0.074197 0.224409 0.971666 0.187100 0.000000 0.000000 0.000000 1.000000
0.994524 0.056089 -0.088187 0.000000 -0.072949 0.976784 -0.201422 8.536500 0.074843 0.206753 0.975527 0.187100 0.000000 0.000000 0.000000 1.000000
0.993683 0.067570 -0.089596 0.000000 -0.082837 0.980277 -0.179432 8.536500 0.075705 0.185721 0.979682 0.187100 0.000000 0.000000 0.000000 1.000000
0.992702 0.079781 -0.090426 0.000000 -0.093209 0.983411 -0.155611 8.536500 0.076511 0.162904 0.983671 0.187100 0.000000 0.000000 0.000000 1.000000
0.991562 0.092877 -0.090437 0.000000 -0.104354 0.985769 -0.131790 8.536500 0.076909 0.140116 0.987144 0.187100 0.000000 0.000000 0.000000 1.000000
0.990514 0.104036 -0.089773 0.000000 -0.113635 0.987479 -0.109420 8.536500 0.077266 0.118584 0.989933 0.187100 0.000000 0.000000 0.000000 1.000000
0.989210 0.116204 -0.089215 -0.000000 -0.124168 0.988205 -0.089623 8.536500 0.077748 0.099734 0.991972 0.187100 0.000000 0.000000 0.000000 1.000000
0.988228 0.125168 -0.087968 0.000000 -0.131858 0.988438 -0.074853 8.536500 0.077582 0.085571 0.993307 0.187100 0.000000 0.000000 0.000000 1.000000
0.987906 0.128904 -0.086176 0.000000 -0.134801 0.988639 -0.066499 8.536500 0.076625 0.077312 0.994058 0.187100 0.000000 0.000000 0.000000 1.000000
0.988244 0.127844 -0.083844 0.000000 -0.133405 0.988964 -0.064450 8.536500 0.074680 0.074878 0.994392 0.187100 0.000000 0.000000 0.000000 1.000000
0.988890 0.124342 -0.081460 0.000000 -0.129837 0.989334 -0.066031 8.536500 0.072380 0.075874 0.994487 0.187100 0.000000 0.000000 0.000000 1.000000
0.989493 0.120778 -0.079474 0.000000 -0.126285 0.989637 -0.068342 8.536500 0.070396 0.077661 0.994491 0.187100 0.000000 0.000000 0.000000 1.000000
0.989786 0.119081 -0.078378 0.000000 -0.124643 0.989704 -0.070358 8.536500 0.069193 0.079409 0.994438 0.187100 0.000000 0.000000 0.000000 1.000000
0.989844 0.118701 -0.078228 -0.000000 -0.124396 0.989585 -0.072443 8.536500 0.068814 0.081438 0.994300 0.187100 0.000000 0.000000 0.000000 1.000000
0.989812 0.118840 -0.078416 0.000000 -0.124702 0.989383 -0.074634 8.536500 0.068714 0.083652 0.994123 0.187100 0.000000 0.000000 0.000000 1.000000
0.989566 0.120254 -0.079360 0.000000 -0.126379 0.988967 -0.077284 8.536500 0.069190 0.086507 0.993846 0.187100 0.000000 0.000000 0.000000 1.000000
0.989532 0.119942 -0.080249 0.000000 -0.126442 0.988619 -0.081516 8.536500 0.069559 0.090809 0.993436 0.187100 0.000000 0.000000 0.000000 1.000000
0.989529 0.119334 -0.081190 0.000000 -0.126259 0.988236 -0.086298 8.536500 0.069937 0.095645 0.992956 0.187100 0.000000 0.000000 0.000000 1.000000
0.989536 0.118749 -0.081959 0.000000 -0.126033 0.987908 -0.090301 8.536500 0.070244 0.099685 0.992536 0.187100 0.000000 0.000000 0.000000 1.000000
0.989533 0.118509 -0.082337 0.000000 -0.125966 0.987741 -0.092196 8.536500 0.070402 0.101602 0.992331 0.187100 0.000000 0.000000 0.000000 1.000000
0.989518 0.118576 -0.082420 0.000000 -0.126058 0.987707 -0.092431 8.536500 0.070447 0.101852 0.992302 0.187100 0.000000 0.000000 0.000000 1.000000
0.989502 0.118691 -0.082449 0.000000 -0.126172 0.987699 -0.092370 8.536500 0.070471 0.101803 0.992305 0.187100 0.000000 0.000000 0.000000 1.000000
0.989485 0.118848 -0.082431 0.000000 -0.126304 0.987711 -0.092053 8.536500 0.070478 0.101497 0.992336 0.187100 0.000000 0.000000 0.000000 1.000000
0.989467 0.119038 -0.082374 0.000000 -0.126450 0.987742 -0.091524 8.536500 0.070469 0.100976 0.992390 0.187100 0.000000 0.000000 0.000000 1.000000
0.989448 0.119253 -0.082284 -0.000000 -0.126606 0.987787 -0.090823 8.536500 0.070448 0.100282 0.992462 0.187100 0.000000 0.000000 0.000000 1.000000
0.989430 0.119486 -0.082168 -0.000000 -0.126768 0.987842 -0.089992 8.536500 0.070417 0.099457 0.992547 0.187100 0.000000 0.000000 0.000000 1.000000
0.989412 0.119729 -0.082035 0.000000 -0.126932 0.987904 -0.089073 8.536500 0.070378 0.098543 0.992641 0.187100 0.000000 0.000000 0.000000 1.000000
0.989394 0.119974 -0.081891 -0.000000 -0.127094 0.987970 -0.088108 8.536500 0.070335 0.097582 0.992739 0.187100 0.000000 0.000000 0.000000 1.000000
0.989377 0.120213 -0.081743 0.000000 -0.127249 0.988036 -0.087139 8.536500 0.070290 0.096615 0.992837 0.187100 0.000000 0.000000 0.000000 1.000000
0.989362 0.120438 -0.081600 0.000000 -0.127394 0.988099 -0.086208 8.536500 0.070246 0.095686 0.992930 0.187100 0.000000 0.000000 0.000000 1.000000
0.989348 0.120642 -0.081468 0.000000 -0.127525 0.988156 -0.085355 8.536500 0.070205 0.094835 0.993014 0.187100 0.000000 0.000000 0.000000 1.000000
0.989336 0.120817 -0.081354 0.000000 -0.127637 0.988204 -0.084624 8.536500 0.070170 0.094106 0.993086 0.187100 0.000000 0.000000 0.000000 1.000000
0.989326 0.120955 -0.081267 0.000000 -0.127727 0.988241 -0.084056 8.536500 0.070144 0.093539 0.993142 0.187100 0.000000 0.000000 0.000000 1.000000
0.989354 0.120729 -0.081255 0.000000 -0.127520 0.988244 -0.084331 8.536500 0.070119 0.093795 0.993119 0.187100 0.000000 0.000000 0.000000 1.000000
0.989408 0.120274 -0.081282 0.000000 -0.127123 0.988229 -0.085105 8.536500 0.070089 0.094536 0.993051 0.187100 0.000000 0.000000 0.000000 1.000000</float_array>
        <technique_common>
          <accessor source="#mixamorig_Spine-Matrix-animation-output-transform-array" count="103" stride="16">
            <param type="float4x4"/>
          </accessor>
        </technique_common>
      </source>
      <source id="mixamorig_Spine-Interpolations">
        <Name_array id="mixamorig_Spine-Interpolations-array" count="103">
 LINEAR LINEAR LINEAR LINEAR LINEAR LINEAR LINEAR LINEAR LINEAR LINEAR LINEAR
LINEAR LINEAR LINEAR LINEAR LINEAR LINEAR LINEAR LINEAR LINEAR LINEAR LINEAR LINEAR
LINEAR LINEAR LINEAR LINEAR LINEAR LINEAR LINEAR LINEAR LINEAR LINEAR LINEAR LINEAR
LINEAR LINEAR LINEAR LINEAR LINEAR LINEAR LINEAR LINEAR LINEAR LINEAR LINEAR LINEAR
LINEAR LINEAR LINEAR LINEAR LINEAR LINEAR LINEAR LINEAR LINEAR LINEAR LINEAR LINEAR
LINEAR LINEAR LINEAR LINEAR LINEAR LINEAR LINEAR LINEAR LINEAR LINEAR LINEAR LINEAR
LINEAR LINEAR LINEAR LINEAR LINEAR LINEAR LINEAR LINEAR LINEAR LINEAR LINEAR LINEAR
LINEAR LINEAR LINEAR LINEAR LINEAR LINEAR LINEAR LINEAR LINEAR LINEAR LINEAR LINEAR
LINEAR LINEAR LINEAR LINEAR LINEAR LINEAR LINEAR LINEAR</Name_array>
        <technique_common>
          <accessor source="#mixamorig_Spine-Interpolations-array" count="103">
            <param type="name"/>
          </accessor>
        </technique_common>
      </source>
      <sampler id="mixamorig_Spine-Matrix-animation-transform">
        <input semantic="INPUT" source="#mixamorig_Spine-Matrix-animation-input"/>
        <input semantic="OUTPUT" source="#mixamorig_Spine-Matrix-animation-output-transform"/>
        <input semantic="INTERPOLATION" source="#mixamorig_Spine-Interpolations"/>
      </sampler>
      <channel source="#mixamorig_Spine-Matrix-animation-transform" target="mixamorig_Spine/matrix"/>
    </animation>
    <animation id="mixamorig_Spine1-anim" name="mixamorig_Spine1">
      <source id="mixamorig_Spine1-Matrix-animation-input">
        <float_array id="mixamorig_Spine1-Matrix-animation-input-array" count="103">

0.000000 0.033333 0.066667 0.100000 0.133333 0.166667 0.200000 0.233333 0.266667 0.300000 0.333333 0.366667 0.400000 0.433333 0.466667 0.500000
0.533333 0.566667 0.600000 0.633333 0.666667 0.700000 0.733333 0.766667 0.800000 0.833333 0.866667 0.900000 0.933333 0.966667 1.000000 1.033333
1.066667 1.100000 1.133333 1.166667 1.200000 1.233333 1.266667 1.300000 1.333333 1.366667 1.400000 1.433333 1.466667 1.500000 1.533333 1.566667
1.600000 1.633333 1.666667 1.700000 1.733333 1.766667 1.800000 1.833333 1.866667 1.900000 1.933333 1.966667 2.000000 2.033333 2.066667 2.100000
2.133333 2.166667 2.200000 2.233333 2.266667 2.300000 2.333333 2.366667 2.400000 2.433333 2.466667 2.500000 2.533333 2.566667 2.600000 2.633333
2.666667 2.700000 2.733333 2.766667 2.800000 2.833333 2.866667 2.900000 2.933333 2.966667 3.000000 3.033333 3.066667 3.100000 3.133333 3.166667
3.200000 3.233333 3.266667 3.300000 3.333333 3.366667 3.400000</float_array>
        <technique_common>
          <accessor source="#mixamorig_Spine1-Matrix-animation-input-array" count="103">
            <param name="TIME" type="float"/>
          </accessor>
        </technique_common>
      </source>
      <source id="mixamorig_Spine1-Matrix-animation-output-transform">
        <float_array id="mixamorig_Spine1-Matrix-animation-output-transform-array" count="1648">

0.995240 0.097444 -0.001098 0.000000 -0.096568 0.984646 -0.145419 9.685800 -0.013089 0.144833 0.989370 -0.000000 0.000000 0.000000 0.000000 1.000000
0.995719 0.089909 -0.021456 0.000000 -0.091881 0.988073 -0.123573 9.685800 0.010090 0.125016 0.992103 0.000000 0.000000 0.000000 0.000000 1.000000
0.996402 0.073150 -0.042801 0.000000 -0.076838 0.992787 -0.092034 9.685800 0.035760 0.094992 0.994836 -0.000000 0.000000 0.000000 0.000000 1.000000
0.996770 0.062518 -0.050406 0.000000 -0.065999 0.995317 -0.070629 9.685800 0.045754 0.073727 0.996228 0.000000 0.000000 0.000000 0.000000 1.000000
