<?xml version="1.0" encoding="utf-8"?>
<COLLADA xmlns="http://www.collada.org/2005/11/COLLADASchema" version="1.4.1">
  <asset>
    <contributor>
      <author>Mixamo</author>
      <authoring_tool>COLLADA Mixamo exporter</authoring_tool>
      <comments/>
    </contributor>
    <created>2025-11-14T05:17:34Z</created>
    <modified>2025-11-14T05:17:34Z</modified>
    <revision/>
    <title/>
    <unit meter="0.010000"/>
    <up_axis>Y_UP</up_axis>
  </asset>
  <library_animations>
    <animation id="mixamorig_Hips-anim" name="mixamorig_Hips">
      <source id="mixamorig_Hips-Matrix-animation-input">
        <float_array id="mixamorig_Hips-Matrix-animation-input-array" count="33">

0.000000 0.033333 0.066667 0.100000 0.133333 0.166667 0.200000 0.233333 0.266667 0.300000 0.333333 0.366667 0.400000 0.433333 0.466667 0.500000
0.533333 0.566667 0.600000 0.633333 0.666667 0.700000 0.733333 0.766667 0.800000 0.833333 0.866667 0.900000 0.933333 0.966667 1.000000 1.033333
1.066667</float_array>
        <technique_common>
          <accessor source="#mixamorig_Hips-Matrix-animation-input-array" count="33">
            <param name="TIME" type="float"/>
          </accessor>
        </technique_common>
      </source>
      <source id="mixamorig_Hips-Matrix-animation-output-transform">
        <float_array id="mixamorig_Hips-Matrix-animation-output-transform-array" count="528">

0.916772 -0.000179 -0.399411 0.059750 -0.083645 0.977740 -0.192428 100.357651 0.390554 0.209821 0.896350 -0.043396 0.000000 0.000000 0.000000 1.000000
0.908509 -0.033860 -0.416490 -0.248647 -0.069787 0.970418 -0.231123 99.496468 0.411996 0.239043 0.879271 14.528822 0.000000 0.000000 0.000000 1.000000
0.901992 -0.066177 -0.426651 -0.487267 -0.057638 0.960882 -0.270896 99.755760 0.427889 0.268937 0.862893 29.609186 0.000000 0.000000 0.000000 1.000000
0.912479 -0.092869 -0.398443 -0.607409 -0.036578 0.951477 -0.305537 101.023300 0.407484 0.293370 0.864807 44.839844 0.000000 0.000000 0.000000 1.000000
0.929340 -0.108000 -0.353075 -0.626042 -0.015978 0.943604 -0.330690 102.803848 0.368878 0.312965 0.875204 60.193359 0.000000 0.000000 0.000000 1.000000
0.933632 -0.077065 -0.349845 -0.135233 -0.042941 0.945470 -0.322867 104.157051 0.355650 0.316462 0.879412 75.233261 0.000000 0.000000 0.000000 1.000000
0.925727 -0.026940 -0.377231 0.577036 -0.087414 0.955208 -0.282731 104.040886 0.367951 0.294707 0.881907 88.958008 0.000000 0.000000 0.000000 1.000000
0.922299 -0.021634 -0.385871 0.778146 -0.081982 0.964758 -0.250041 102.747475 0.377681 0.262247 0.888022 102.290833 0.000000 0.000000 0.000000 1.000000
0.932982 -0.064123 -0.354165 0.794172 -0.024333 0.970513 -0.239817 101.280701 0.359100 0.232363 0.903911 114.557854 0.000000 0.000000 0.000000 1.000000
0.939223 -0.112357 -0.324401 0.844726 0.034208 0.970854 -0.237217 99.913574 0.341599 0.211703 0.915692 126.872009 0.000000 0.000000 0.000000 1.000000
0.932643 -0.131571 -0.335955 1.253004 0.038538 0.962139 -0.269820 99.218063 0.358736 0.238699 0.902403 140.487625 0.000000 0.000000 0.000000 1.000000
0.920118 -0.121533 -0.372307 1.597480 0.013310 0.959788 -0.280410 99.503441 0.391415 0.253055 0.884736 154.222351 0.000000 0.000000 0.000000 1.000000
0.923918 -0.073399 -0.375485 1.777933 -0.025642 0.967339 -0.252186 100.419937 0.381731 0.242628 0.891859 169.792755 0.000000 0.000000 0.000000 1.000000
0.932297 -0.019070 -0.361191 1.968045 -0.064964 0.973541 -0.219085 101.358147 0.355812 0.227716 0.906390 185.998108 0.000000 0.000000 0.000000 1.000000
0.952652 0.026422 -0.302914 2.370471 -0.089884 0.976167 -0.197534 101.773720 0.290475 0.215408 0.932322 203.542435 0.000000 0.000000 0.000000 1.000000
0.974898 0.038794 -0.219246 3.138102 -0.082946 0.977102 -0.195937 101.517029 0.206624 0.209204 0.955793 221.323013 0.000000 0.000000 0.000000 1.000000
0.992898 0.020243 -0.117230 4.086998 -0.043267 0.979380 -0.197340 100.518280 0.110818 0.201011 0.973301 238.349380 0.000000 0.000000 0.000000 1.000000
0.996767 -0.016986 -0.078533 4.522363 0.004369 0.987412 -0.158107 99.336006 0.080230 0.157253 0.984294 256.250061 0.000000 0.000000 0.000000 1.000000
0.985568 -0.043844 -0.163504 5.087210 0.028928 0.995290 -0.092521 99.237289 0.166790 0.086456 0.982195 275.471100 0.000000 0.000000 0.000000 1.000000
0.941313 -0.021449 -0.336853 5.873099 0.007934 0.999109 -0.041448 101.783104 0.337442 0.036343 0.940645 291.099640 0.000000 0.000000 0.000000 1.000000
0.880722 -0.029104 -0.472738 7.092581 0.012569 0.999195 -0.038098 104.469002 0.473466 0.027612 0.880379 302.333710 0.000000 0.000000 0.000000 1.000000
0.837095 -0.107965 -0.536298 8.638564 0.099513 0.994028 -0.044786 106.238647 0.537931 -0.015879 0.842839 312.669678 0.000000 0.000000 0.000000 1.000000
0.826977 -0.183576 -0.531421 9.551068 0.189482 0.980899 -0.043980 109.802948 0.529344 -0.064324 0.845965 325.223480 0.000000 0.000000 0.000000 1.000000
0.832329 -0.244269 -0.497555 9.595806 0.257475 0.965319 -0.043199 116.939987 0.490852 -0.092152 0.866356 339.973907 0.000000 0.000000 0.000000 1.000000
0.850082 -0.275671 -0.448738 8.327782 0.274453 0.959101 -0.069282 125.402512 0.449484 -0.064262 0.890974 355.303284 0.000000 0.000000 0.000000 1.000000
0.857809 -0.243863 -0.452433 7.108129 0.219481 0.969778 -0.106580 132.810471 0.464750 -0.007875 0.885407 369.317230 0.000000 0.000000 0.000000 1.000000
0.845641 -0.200911 -0.494496 5.608185 0.173426 0.979609 -0.101435 139.254944 0.504793 0.000019 0.863241 381.205414 0.000000 0.000000 0.000000 1.000000
0.847080 -0.195761 -0.494098 3.510342 0.187286 0.980005 -0.067193 144.214081 0.497372 -0.035620 0.866806 393.053986 0.000000 0.000000 0.000000 1.000000
0.875765 -0.205870 -0.436639 1.239369 0.206444 0.977341 -0.046741 147.989639 0.436368 -0.049207 0.898422 405.608032 0.000000 0.000000 0.000000 1.000000
0.900894 -0.216010 -0.376470 -0.556358 0.206165 0.976235 -0.066787 152.025406 0.381950 -0.017446 0.924018 418.252472 0.000000 0.000000 0.000000 1.000000
0.915478 -0.215127 -0.340030 -1.326244 0.184245 0.975397 -0.121054 156.026001 0.357706 0.048174 0.932591 431.912476 0.000000 0.000000 0.000000 1.000000
0.918546 -0.182982 -0.350415 -0.865167 0.153824 0.982004 -0.109570 157.971725 0.364158 0.046743 0.930163 444.933350 0.000000 0.000000 0.000000 1.000000
0.918482 -0.144957 -0.367939 -0.180279 0.122042 0.988884 -0.084936 159.543823 0.376161 0.033108 0.925962 457.838013 0.000000 0.000000 0.000000 1.000000</float_array>
        <technique_common>
          <accessor source="#mixamorig_Hips-Matrix-animation-output-transform-array" count="33" stride="16">
            <param type="float4x4"/>
          </accessor>
        </technique_common>
      </source>
      <source id="mixamorig_Hips-Interpolations">
        <Name_array id="mixamorig_Hips-Interpolations-array" count="33">
 LINEAR LINEAR LINEAR LINEAR LINEAR LINEAR LINEAR LINEAR LINEAR LINEAR LINEAR
LINEAR LINEAR LINEAR LINEAR LINEAR LINEAR LINEAR LINEAR LINEAR LINEAR LINEAR LINEAR
LINEAR LINEAR LINEAR LINEAR LINEAR LINEAR LINEAR LINEAR LINEAR LINEAR</Name_array>
        <technique_common>
          <accessor source="#mixamorig_Hips-Interpolations-array" count="33">
            <param type="name"/>
          </accessor>
        </technique_common>
      </source>
      <sampler id="mixamorig_Hips-Matrix-animation-transform">
        <input semantic="INPUT" source="#mixamorig_Hips-Matrix-animation-input"/>
        <input semantic="OUTPUT" source="#mixamorig_Hips-Matrix-animation-output-transform"/>
        <input semantic="INTERPOLATION" source="#mixamorig_Hips-Interpolations"/>
      </sampler>
      <channel source="#mixamorig_Hips-Matrix-animation-transform" target="mixamorig_Hips/matrix"/>
    </animation>
    <animation id="mixamorig_Spine-anim" name="mixamorig_Spine">
      <source id="mixamorig_Spine-Matrix-animation-input">
        <float_array id="mixamorig_Spine-Matrix-animation-input-array" count="33">

0.000000 0.033333 0.066667 0.100000 0.133333 0.166667 0.200000 0.233333 0.266667 0.300000 0.333333 0.366667 0.400000 0.433333 0.466667 0.500000
0.533333 0.566667 0.600000 0.633333 0.666667 0.700000 0.733333 0.766667 0.800000 0.833333 0.866667 0.900000 0.933333 0.966667 1.000000 1.033333
1.066667</float_array>
        <technique_common>
          <accessor source="#mixamorig_Spine-Matrix-animation-input-array" count="33">
            <param name="TIME" type="float"/>
          </accessor>
        </technique_common>
      </source>
      <source id="mixamorig_Spine-Matrix-animation-output-transform">
        <float_array id="mixamorig_Spine-Matrix-animation-output-transform-array" count="528">

0.996376 0.011707 -0.084252 0.000000 -0.040783 0.934962 -0.352396 8.536500 0.074647 0.354554 0.932051 0.187100 0.000000 0.000000 0.000000 1.000000
0.995844 0.046432 -0.078354 0.000000 -0.070622 0.936905 -0.342376 8.536500 0.057513 0.346487 0.936290 0.187100 0.000000 0.000000 0.000000 1.000000
0.993988 0.077483 -0.077353 0.000000 -0.097566 0.947441 -0.304691 8.536500 0.049679 0.310406 0.949305 0.187100 0.000000 0.000000 0.000000 1.000000
0.990745 0.108928 -0.080986 0.000000 -0.126202 0.958894 -0.254158 8.536500 0.049973 0.262026 0.963766 0.187100 0.000000 0.000000 0.000000 1.000000
0.988010 0.130957 -0.081777 -0.000000 -0.145278 0.967858 -0.205292 8.536500 0.052264 0.214711 0.975278 0.187100 0.000000 0.000000 0.000000 1.000000
0.992003 0.106630 -0.067533 0.000000 -0.117241 0.976628 -0.180142 8.536500 0.046746 0.186619 0.981320 0.187100 0.000000 0.000000 0.000000 1.000000
0.995269 0.080356 -0.054613 0.000000 -0.089228 0.978394 -0.186506 8.536500 0.038446 0.190497 0.980935 0.187100 0.000000 0.000000 0.000000 1.000000
0.991635 0.112214 -0.063777 0.000000 -0.122830 0.972228 -0.199211 8.536500 0.039652 0.205378 0.977879 0.187100 0.000000 0.000000 0.000000 1.000000
0.979073 0.182030 -0.091000 0.000000 -0.198718 0.951575 -0.234555 8.536500 0.043897 0.247730 0.967834 0.187100 0.000000 0.000000 0.000000 1.000000
0.962414 0.243089 -0.121104 0.000000 -0.266976 0.928615 -0.257677 8.536500 0.049820 0.280324 0.958612 0.187100 0.000000 0.000000 0.000000 1.000000
0.963417 0.239701 -0.119880 0.000000 -0.260974 0.940852 -0.216077 8.536500 0.060995 0.239458 0.968989 0.187100 0.000000 0.000000 0.000000 1.000000
0.970491 0.212973 -0.113094 0.000000 -0.231055 0.955501 -0.183388 8.536500 0.069004 0.204107 0.976514 0.187100 0.000000 0.000000 0.000000 1.000000
0.981833 0.148010 -0.118728 -0.000000 -0.168911 0.966841 -0.191537 8.536500 0.086441 0.208112 0.974278 0.187100 0.000000 0.000000 0.000000 1.000000
0.988896 0.075699 -0.127882 -0.000000 -0.101202 0.973197 -0.206510 8.536500 0.108822 0.217159 0.970051 0.187100 0.000000 0.000000 0.000000 1.000000
0.988383 0.008590 -0.151742 0.000000 -0.040568 0.977089 -0.208931 8.536500 0.146470 0.212660 0.966086 0.187100 0.000000 0.000000 0.000000 1.000000
0.981773 -0.038870 -0.186041 -0.000000 0.003966 0.982840 -0.184416 8.536500 0.190017 0.180317 0.965080 0.187100 0.000000 0.000000 0.000000 1.000000
0.972692 -0.060826 -0.223986 0.000000 0.046224 0.996484 -0.069874 8.536500 0.227449 0.057613 0.972084 0.187100 0.000000 0.000000 0.000000 1.000000
0.969327 -0.038379 -0.242760 0.000000 0.052007 0.997395 0.049979 8.536500 0.240209 -0.061071 0.968798 0.187100 0.000000 0.000000 0.000000 1.000000
0.974656 0.010411 -0.223467 0.000000 0.002063 0.998456 0.055513 8.536500 0.223700 -0.054567 0.973129 0.187100 0.000000 0.000000 0.000000 1.000000
0.987939 -0.015920 -0.154021 0.000000 0.007987 0.998616 -0.051990 8.536500 0.154636 0.050133 0.986699 0.187100 0.000000 0.000000 0.000000 1.000000
0.996249 -0.050216 -0.070473 -0.000000 0.036029 0.981159 -0.189813 8.536500 0.078677 0.186562 0.979288 0.187100 0.000000 0.000000 0.000000 1.000000
0.999218 -0.037236 -0.013293 0.000000 0.031207 0.949217 -0.313069 8.536500 0.024275 0.312410 0.949637 0.187100 0.000000 0.000000 0.000000 1.000000
0.999767 0.014589 0.015883 0.000000 -0.008253 0.939212 -0.343238 8.536500 -0.019925 0.343028 0.939114 0.187100 0.000000 0.000000 0.000000 1.000000
0.997020 0.074877 0.018546 0.000000 -0.067070 0.960211 -0.271104 8.536500 -0.038107 0.269052 0.962371 0.187100 0.000000 0.000000 0.000000 1.000000
0.993747 0.107876 0.028816 0.000000 -0.101219 0.979278 -0.175411 8.536500 -0.047142 0.171398 0.984073 0.187100 0.000000 0.000000 0.000000 1.000000
0.994097 0.092140 0.057291 0.000000 -0.081803 0.983375 -0.162115 8.536500 -0.071275 0.156471 0.985107 0.187100 0.000000 0.000000 0.000000 1.000000
0.990049 0.129878 0.054165 0.000000 -0.110863 0.956960 -0.268209 8.536500 -0.086668 0.259536 0.961837 0.187100 0.000000 0.000000 0.000000 1.000000
0.966206 0.257625 -0.008676 0.000000 -0.242244 0.895984 -0.372197 8.536500 -0.088114 0.361720 0.928113 0.187100 0.000000 0.000000 0.000000 1.000000
0.936915 0.341640 -0.073976 0.000000 -0.338460 0.833723 -0.436293 8.536500 -0.087380 0.433807 0.896759 0.187100 0.000000 0.000000 0.000000 1.000000
0.934603 0.341450 -0.099643 0.000000 -0.346874 0.812951 -0.467749 8.536500 -0.078708 0.471723 0.878227 0.187100 0.000000 0.000000 0.000000 1.000000
0.950913 0.292499 -0.101044 0.000000 -0.305565 0.835842 -0.456069 8.536500 -0.048943 0.464557 0.884190 0.187100 0.000000 0.000000 0.000000 1.000000
0.968727 0.226887 -0.100451 0.000000 -0.244800 0.807824 -0.536184 8.536500 -0.040507 0.544006 0.838103 0.187100 0.000000 0.000000 0.000000 1.000000
0.983085 0.161445 -0.086484 0.000000 -0.179590 0.757081 -0.628152 8.536500 -0.035936 0.633059 0.773269 0.187100 0.000000 0.000000 0.000000 1.000000</float_array>
        <technique_common>
          <accessor source="#mixamorig_Spine-Matrix-animation-output-transform-array" count="33" stride="16">
            <param type="float4x4"/>
          </accessor>
        </technique_common>
      </source>
      <source id="mixamorig_Spine-Interpolations">
        <Name_array id="mixamorig_Spine-Interpolations-array" count="33">
 LINEAR LINEAR LINEAR LINEAR LINEAR LINEAR LINEAR LINEAR LINEAR LINEAR LINEAR
LINEAR LINEAR LINEAR LINEAR LINEAR LINEAR LINEAR LINEAR LINEAR LINEAR LINEAR LINEAR
LINEAR LINEAR LINEAR LINEAR LINEAR LINEAR LINEAR LINEAR LINEAR LINEAR</Name_array>
        <technique_common>
          <accessor source="#mixamorig_Spine-Interpolations-array" count="33">
            <param type="name"/>
          </accessor>
        </technique_common>
      </source>
      <sampler id="mixamorig_Spine-Matrix-animation-transform">
        <input semantic="INPUT" source="#mixamorig_Spine-Matrix-animation-input"/>
        <input semantic="OUTPUT" source="#mixamorig_Spine-Matrix-animation-output-transform"/>
        <input semantic="INTERPOLATION" source="#mixamorig_Spine-Interpolations"/>
      </sampler>
      <channel source="#mixamorig_Spine-Matrix-animation-transform" target="mixamorig_Spine/matrix"/>
    </animation>
    <animation id="mixamorig_Spine1-anim" name="mixamorig_Spine1">
      <source id="mixamorig_Spine1-Matrix-animation-input">
        <float_array id="mixamorig_Spine1-Matrix-animation-input-array" count="33">

0.000000 0.033333 0.066667 0.100000 0.133333 0.166667 0.200000 0.233333 0.266667 0.300000 0.333333 0.366667 0.400000 0.433333 0.466667 0.500000
0.533333 0.566667 0.600000 0.633333 0.666667 0.700000 0.733333 0.766667 0.800000 0.833333 0.866667 0.900000 0.933333 0.966667 1.000000 1.033333
1.066667</float_array>
        <technique_common>
          <accessor source="#mixamorig_Spine1-Matrix-animation-input-array" count="33">
            <param name="TIME" type="float"/>
          </accessor>
        </technique_common>
      </source>
      <source id="mixamorig_Spine1-Matrix-animation-output-transform">
        <float_array id="mixamorig_Spine1-Matrix-animation-output-transform-array" count="528">

0.995425 -0.041743 -0.085944 0.000000 0.041643 0.999128 -0.002959 9.685800 0.085993 -0.000634 0.996296 0.000000 0.000000 0.000000 0.000000 1.000000
0.996873 -0.030627 -0.072838 0.000000 0.030636 0.999530 -0.000991 9.685800 0.072834 -0.001244 0.997343 -0.000000 0.000000 0.000000 0.000000 1.000000
0.997599 -0.024500 -0.064771 -0.000000 0.024998 0.999664 0.006890 9.685800 0.064580 -0.008493 0.997876 0.000000 0.000000 0.000000 0.000000 1.000000
0.997489 -0.035240 -0.061432 -0.000000 0.036191 0.999241 0.014425 9.685800 0.060877 -0.016612 0.998007 0.000000 0.000000 0.000000 0.000000 1.000000
0.997122 -0.040931 -0.063816 0.000000 0.042229 0.998925 0.019120 9.685800 0.062964 -0.021760 0.997779 0.000000 0.000000 0.000000 0.000000 1.000000
0.997568 -0.040322 -0.056846 -0.000000 0.041218 0.999042 0.014674 9.685800 0.056200 -0.016982 0.998275 -0.000000 0.000000 0.000000 0.000000 1.000000
0.997846 -0.044986 -0.047740 0.000000 0.045279 0.998961 0.005085 9.685800 0.047462 -0.007236 0.998847 -0.000000 0.000000 0.000000 0.000000 1.000000
0.997348 -0.051052 -0.051876 -0.000000 0.051181 0.998689 0.001158 9.685800 0.051749 -0.003810 0.998653 -0.000000 0.000000 0.000000 0.000000 1.000000
0.995901 -0.061790 -0.066061 0.000000 0.062423 0.998021 0.007553 9.685800 0.065464 -0.011646 0.997787 -0.000000 0.000000 0.000000 0.000000 1.000000
0.994265 -0.070298 -0.080589 -0.000000 0.071465 0.997375 0.011695 9.685800 0.079555 -0.017388 0.996679 0.000000 0.000000 0.000000 0.000000 1.000000
0.994198 -0.064486 -0.086088 0.000000 0.064376 0.997917 -0.004056 9.685800 0.086170 -0.001509 0.996279 -0.000000 0.000000 0.000000 0.000000 1.000000
0.994138 -0.061321 -0.089045 0.000000 0.060029 0.998050 -0.017123 9.685800 0.089921 0.011677 0.995880 0.000000 0.000000 0.000000 0.000000 1.000000
0.993089 -0.056773 -0.102714 0.000000 0.054512 0.998208 -0.024692 9.685800 0.103932 0.018922 0.994404 0.000000 0.000000 0.000000 0.000000 1.000000
0.991163 -0.055056 -0.120684 0.000000 0.051914 0.998230 -0.029026 9.685800 0.122068 0.022505 0.992267 0.000000 0.000000 0.000000 0.000000 1.000000
0.986454 -0.067823 -0.149363 0.000000 0.064974 0.997601 -0.023878 9.685800 0.150625 0.013850 0.988494 0.000000 0.000000 0.000000 0.000000 1.000000
0.978922 -0.082433 -0.186861 0.000000 0.082070 0.996579 -0.009691 9.685800 0.187021 -0.005849 0.982339 0.000000 0.000000 0.000000 0.000000 1.000000
0.969639 -0.081102 -0.230699 0.000000 0.076633 0.996658 -0.028279 9.685800 0.232221 0.009741 0.972614 0.000000 0.000000 0.000000 0.000000 1.000000
0.965791 -0.079301 -0.246899 0.000000 0.062634 0.995240 -0.074656 9.685800 0.251644 0.056638 0.966161 0.000000 0.000000 0.000000 0.000000 1.000000
0.972856 -0.100759 -0.208324 0.000000 0.083712 0.992498 -0.089106 9.685800 0.215739 0.069248 0.973992 0.000000 0.000000 0.000000 0.000000 1.000000
0.986002 -0.095095 -0.136956 0.000000 0.087168 0.994214 -0.062774 9.685800 0.142133 0.049958 0.988586 0.000000 0.000000 0.000000 0.000000 1.000000
0.994965 -0.060545 -0.079869 0.000000 0.060772 0.998152 0.000408 9.685800 0.079697 -0.005260 0.996805 0.000000 0.000000 0.000000 0.000000 1.000000
0.999532 -0.017165 -0.025311 0.000000 0.018682 0.997963 0.060991 9.685800 0.024213 -0.061436 0.997817 0.000000 0.000000 0.000000 0.000000 1.000000
0.999580 0.023918 0.016359 0.000000 -0.025091 0.996815 0.075696 9.685800 -0.014496 -0.076075 0.996997 0.000000 0.000000 0.000000 0.000000 1.000000
0.997955 0.049014 0.041021 0.000000 -0.050602 0.997972 0.038619 9.685800 -0.039045 -0.040616 0.998412 0.000000 0.000000 0.000000 0.000000 1.000000
0.997486 0.054330 0.045487 0.000000 -0.054959 0.998408 0.012684 9.685800 -0.044726 -0.015152 0.998884 0.000000 0.000000 0.000000 0.000000 1.000000
0.996081 0.052540 0.071146 -0.000000 -0.054269 0.998271 0.022590 9.685800 -0.069836 -0.026362 0.997210 0.000000 0.000000 0.000000 0.000000 1.000000
0.995291 0.035433 0.090228 0.000000 -0.041052 0.997281 0.061198 9.685800 -0.087814 -0.064614 0.994039 -0.000000 0.000000 0.000000 0.000000 1.000000
0.996843 -0.002664 0.079355 0.000000 -0.004453 0.995988 0.089372 9.685800 -0.079274 -0.089444 0.992832 -0.000000 0.000000 0.000000 0.000000 1.000000
0.998148 -0.035386 0.049487 -0.000000 0.030443 0.994789 0.097307 9.685800 -0.052672 -0.095621 0.994023 -0.000000 0.000000 0.000000 0.000000 1.000000
0.999150 -0.034248 0.022949 0.000000 0.032275 0.996156 0.081435 9.685800 -0.025650 -0.080625 0.996414 0.000000 0.000000 0.000000 0.000000 1.000000
0.999846 -0.016155 0.006879 0.000000 0.015833 0.998887 0.044434 9.685800 -0.007589 -0.044319 0.998989 0.000000 0.000000 0.000000 0.000000 1.000000
0.999987 0.001599 -0.004738 0.000000 -0.001404 0.999168 0.040748 9.685800 0.004799 -0.040740 0.999158 0.000000 0.000000 0.000000 0.000000 1.000000
0.999693 0.019463 -0.015328 0.000000 -0.018782 0.998880 0.043420 9.685800 0.016156 -0.043118 0.998939 0.000000 0.000000 0.000000 0.000000 1.000000</float_array>
        <technique_common>
          <accessor source="#mixamorig_Spine1-Matrix-animation-output-transform-array" count="33" stride="16">
            <param type="float4x4"/>
          </accessor>
        </technique_common>
      </source>
      <source id="mixamorig_Spine1-Interpolations">
        <Name_array id="mixamorig_Spine1-Interpolations-array" count="33">
 LINEAR LINEAR LINEAR LINEAR LINEAR LINEAR LINEAR LINEAR LINEAR LINEAR LINEAR
LINEAR LINEAR LINEAR LINEAR LINEAR LINEAR LINEAR LINEAR LINEAR LINEAR LINEAR LINEAR
LINEAR LINEAR LINEAR LINEAR LINEAR LINEAR LINEAR LINEAR LINEAR LINEAR</Name_array>
        <technique_common>
          <accessor source="#mixamorig_Spine1-Interpolations-array" count="33">
            <param type="name"/>
          </accessor>
        </technique_common>
      </source>
      <sampler id="mixamorig_Spine1-Matrix-animation-transform">
        <input semantic="INPUT" source="#mixamorig_Spine1-Matrix-animation-input"/>
        <input semantic="OUTPUT" source="#mixamorig_Spine1-Matrix-animation-output-transform"/>
        <input semantic="INTERPOLATION" source="#mixamorig_Spine1-Interpolations"/>
      </sampler>
      <channel source="#mixamorig_Spine1-Matrix-animation-transform" target="mixamorig_Spine1/matrix"/>
    </animation>
    <animation id="mixamorig_Spine2-anim" name="mixamorig_Spine2">
      <source id="mixamorig_Spine2-Matrix-animation-input">
        <float_array id="mixamorig_Spine2-Matrix-animation-input-array" count="33">

0.000000 0.033333 0.066667 0.100000 0.133333 0.166667 0.200000 0.233333 0.266667 0.300000 0.333333 0.366667 0.400000 0.433333 0.466667 0.500000
0.533333 0.566667 0.600000 0.633333 0.666667 0.700000 0.733333 0.766667 0.800000 0.833333 0.866667 0.900000 0.933333 0.966667 1.000000 1.033333
1.066667</float_array>
        <technique_common>
          <accessor source="#mixamorig_Spine2-Matrix-animation-input-array" count="33">
            <param name="TIME" type="float"/>
          </accessor>
        </technique_common>
      </source>
      <source id="mixamorig_Spine2-Matrix-animation-output-transform">
        <float_array id="mixamorig_Spine2-Matrix-animation-output-transform-array" count="528">

0.995422 -0.044153 -0.084762 0.000000 0.045176 0.998927 0.010189 15.875400 0.084221 -0.013972 0.996349 -0.000000 0.000000 0.000000 0.000000 1.000000
0.996855 -0.034285 -0.071448 -0.000000 0.035203 0.999313 0.011621 15.875400 0.071001 -0.014099 0.997377 -0.000000 0.000000 0.000000 0.000000 1.000000
0.997546 -0.028718 -0.063850 0.000000 0.029979 0.999372 0.018877 15.875400 0.063267 -0.020745 0.997781 0.000000 0.000000 0.000000 0.000000 1.000000
0.997270 -0.038458 -0.063043 -0.000000 0.040142 0.998864 0.025679 15.875400 0.061984 -0.028140 0.997680 -0.000000 0.000000 0.000000 0.000000 1.000000
0.996966 -0.042282 -0.065347 0.000000 0.044315 0.998568 0.029979 15.875400 0.063986 -0.032784 0.997412 -0.000000 0.000000 0.000000 0.000000 1.000000
0.997518 -0.040527 -0.057581 -0.000000 0.042077 0.998777 0.025955 15.875400 0.056458 -0.028313 0.998003 0.000000 0.000000 0.000000 0.000000 1.000000
0.997818 -0.045510 -0.047829 0.000000 0.046352 0.998786 0.016651 15.875400 0.047013 -0.018832 0.998717 0.000000 0.000000 0.000000 0.000000 1.000000
0.997350 -0.051374 -0.051507 0.000000 0.052049 0.998574 0.011835 15.875400 0.050825 -0.014484 0.998603 0.000000 0.000000 0.000000 0.000000 1.000000
0.995856 -0.063453 -0.065143 0.000000 0.064516 0.997814 0.014332 15.875400 0.064091 -0.018475 0.997773 0.000000 0.000000 0.000000 0.000000 1.000000
0.994186 -0.073095 -0.079071 0.000000 0.074477 0.997115 0.014673 15.875400 0.077770 -0.020477 0.996761 -0.000000 0.000000 0.000000 0.000000 1.000000
0.994309 -0.065239 -0.084223 0.000000 0.065366 0.997861 -0.001251 15.875400 0.084124 -0.004262 0.996446 0.000000 0.000000 0.000000 0.000000 1.000000
0.994375 -0.060379 -0.087026 -0.000000 0.059448 0.998143 -0.013259 15.875400 0.087665 0.008011 0.996118 -0.000000 0.000000 0.000000 0.000000 1.000000
0.993383 -0.055086 -0.100778 -0.000000 0.053675 0.998420 -0.016654 15.875400 0.101536 0.011135 0.994770 0.000000 0.000000 0.000000 0.000000 1.000000
0.991483 -0.052695 -0.119102 -0.000000 0.051007 0.998551 -0.017178 15.875400 0.119834 0.010956 0.992733 0.000000 0.000000 0.000000 0.000000 1.000000
0.986641 -0.064859 -0.149439 -0.000000 0.063604 0.997888 -0.013162 15.875400 0.149977 0.003482 0.988683 0.000000 0.000000 0.000000 0.000000 1.000000
0.978877 -0.077280 -0.189282 0.000000 0.076223 0.997008 -0.012871 15.875400 0.189711 -0.001829 0.981838 0.000000 0.000000 0.000000 0.000000 1.000000
0.969175 -0.070423 -0.236095 0.000000 0.064910 0.997408 -0.031052 15.875400 0.237670 0.014770 0.971234 0.000000 0.000000 0.000000 0.000000 1.000000
0.964749 -0.062410 -0.255664 0.000000 0.050174 0.997274 -0.054109 15.875400 0.258344 0.039373 0.965250 0.000000 0.000000 0.000000 0.000000 1.000000
0.973004 -0.077410 -0.217418 -0.000000 0.063079 0.995400 -0.072109 15.875400 0.222000 0.056448 0.973411 -0.000000 0.000000 0.000000 0.000000 1.000000
0.985910 -0.087366 -0.142649 0.000000 0.080710 0.995390 -0.051806 15.875400 0.146518 0.039563 0.988417 0.000000 0.000000 0.000000 0.000000 1.000000
0.993803 -0.079768 -0.077413 0.000000 0.080558 0.996724 0.007128 15.875400 0.076591 -0.013320 0.996974 0.000000 0.000000 0.000000 0.000000 1.000000
0.999460 -0.016820 -0.028243 0.000000 0.018840 0.997165 0.072844 15.875400 0.026937 -0.073337 0.996943 0.000000 0.000000 0.000000 0.000000 1.000000
0.999591 0.028593 0.000888 0.000000 -0.028556 0.995461 0.090786 15.875400 0.001712 -0.090775 0.995870 -0.000000 0.000000 0.000000 0.000000 1.000000
0.998428 0.047924 0.029070 0.000000 -0.049515 0.997161 0.056723 15.875400 -0.026269 -0.058074 0.997967 0.000000 0.000000 0.000000 0.000000 1.000000
0.997731 0.050811 0.044165 -0.000000 -0.052138 0.998205 0.029452 15.875400 -0.042589 -0.031688 0.998590 0.000000 0.000000 0.000000 0.000000 1.000000
0.996078 0.055719 0.068724 0.000000 -0.058431 0.997564 0.038107 15.875400 -0.066434 -0.041973 0.996908 0.000000 0.000000 0.000000 0.000000 1.000000
0.995170 0.048808 0.085176 0.000000 -0.055437 0.995467 0.077285 15.875400 -0.081017 -0.081633 0.993364 0.000000 0.000000 0.000000 0.000000 1.000000
0.997498 0.005247 0.070496 0.000000 -0.012979 0.993883 0.109673 15.875400 -0.069489 -0.110313 0.991465 -0.000000 0.000000 0.000000 0.000000 1.000000
0.998820 -0.029899 0.038264 -0.000000 0.025220 0.992765 0.117394 15.875400 -0.041498 -0.116290 0.992348 -0.000000 0.000000 0.000000 0.000000 1.000000
0.999321 -0.032926 0.016564 0.000000 0.031135 0.994629 0.098712 15.875400 -0.019725 -0.098129 0.994978 0.000000 0.000000 0.000000 0.000000 1.000000
0.999855 -0.016679 0.003300 0.000000 0.016440 0.997911 0.062484 15.875400 -0.004335 -0.062420 0.998041 0.000000 0.000000 0.000000 0.000000 1.000000
0.999964 0.000057 -0.008472 -0.000000 0.000426 0.998378 0.056924 15.875400 0.008461 -0.056926 0.998343 0.000000 0.000000 0.000000 0.000000 1.000000
0.999659 0.016985 -0.019847 0.000000 -0.015824 0.998234 0.057261 15.875400 0.020784 -0.056927 0.998162 -0.000000 0.000000 0.000000 0.000000 1.000000</float_array>
        <technique_common>
          <accessor source="#mixamorig_Spine2-Matrix-animation-output-transform-array" count="33" stride="16">
            <param type="float4x4"/>
          </accessor>
        </technique_common>
      </source>
      <source id="mixamorig_Spine2-Interpolations">
        <Name_array id="mixamorig_Spine2-Interpolations-array" count="33">
 LINEAR LINEAR LINEAR LINEAR LINEAR LINEAR LINEAR LINEAR LINEAR LINEAR LINEAR
LINEAR LINEAR LINEAR LINEAR LINEAR LINEAR LINEAR LINEAR LINEAR LINEAR LINEAR LINEAR
LINEAR LINEAR LINEAR LINEAR LINEAR LINEAR LINEAR LINEAR LINEAR LINEAR</Name_array>
        <technique_common>
          <accessor source="#mixamorig_Spine2-Interpolations-array" count="33">
            <param type="name"/>
          </accessor>
        </technique_common>
      </source>
      <sampler id="mixamorig_Spine2-Matrix-animation-transform">
        <input semantic="INPUT" source="#mixamorig_Spine2-Matrix-animation-input"/>
        <input semantic="OUTPUT" source="#mixamorig_Spine2-Matrix-animation-output-transform"/>
        <input semantic="INTERPOLATION" source="#mixamorig_Spine2-Interpolations"/>
      </sampler>
      <channel source="#mixamorig_Spine2-Matrix-animation-transform" target="mixamorig_Spine2/matrix"/>
    </animation>
    <animation id="mixamorig_Neck-anim" name="mixamorig_Neck">
      <source id="mixamorig_Neck-Matrix-animation-input">
        <float_array id="mixamorig_Neck-Matrix-animation-input-array" count="33">

0.000000 0.033333 0.066667 0.100000 0.133333 0.166667 0.200000 0.233333 0.266667 0.300000 0.333333 0.366667 0.400000 0.433333 0.466667 0.500000
0.533333 0.566667 0.600000 0.633333 0.666667 0.700000 0.733333 0.766667 0.800000 0.833333 0.866667 0.900000 0.933333 0.966667 1.000000 1.033333
1.066667</float_array>
        <technique_common>
          <accessor source="#mixamorig_Neck-Matrix-animation-input-array" count="33">
            <param name="TIME" type="float"/>
          </accessor>
        </technique_common>
      </source>
      <source id="mixamorig_Neck-Matrix-animation-output-transform">
        <float_array id="mixamorig_Neck-Matrix-animation-output-transform-array" count="528">

0.940427 0.067350 0.333259 0.000000 -0.116203 0.984827 0.128886 26.173401 -0.319523 -0.159934 0.933984 -0.161200 0.000000 0.000000 0.000000 1.000000
0.948838 0.035309 0.313784 0.000000 -0.091640 0.981751 0.166633 26.173401 -0.302174 -0.186863 0.934758 -0.161200 0.000000 0.000000 0.000000 1.000000
0.955665 -0.000939 0.294454 0.000000 -0.060110 0.978315 0.198209 26.173401 -0.288255 -0.207121 0.934885 -0.161200 0.000000 0.000000 0.000000 1.000000
0.959648 -0.040193 0.278316 -0.000000 -0.021159 0.976606 0.213992 26.173401 -0.280407 -0.211246 0.936348 -0.161200 0.000000 0.000000 0.000000 1.000000
0.960741 -0.076364 0.266730 0.000000 0.020005 0.977940 0.207924 26.173401 -0.276724 -0.194425 0.941075 -0.161200 0.000000 0.000000 0.000000 1.000000
0.959904 -0.097129 0.262966 -0.000000 0.047554 0.980880 0.188712 26.173401 -0.276267 -0.168641 0.946169 -0.161200 0.000000 0.000000 0.000000 1.000000
0.957117 -0.090199 0.275302 -0.000000 0.045802 0.985457 0.163634 26.173401 -0.286058 -0.144008 0.947329 -0.161200 0.000000 0.000000 0.000000 1.000000
0.953156 -0.061809 0.296097 0.000000 0.020457 0.989831 0.140769 26.173401 -0.301786 -0.128118 0.944728 -0.161200 0.000000 0.000000 0.000000 1.000000
0.954934 -0.033037 0.294973 0.000000 -0.005792 0.991523 0.129801 26.173401 -0.296761 -0.125660 0.946648 -0.161200 0.000000 0.000000 0.000000 1.000000
0.956985 -0.005393 0.290088 -0.000000 -0.031614 0.991936 0.122736 26.173401 -0.288411 -0.126627 0.949097 -0.161200 0.000000 0.000000 0.000000 1.000000
0.957246 0.016534 0.288802 0.000000 -0.053649 0.991192 0.121075 26.173401 -0.284256 -0.131393 0.949702 -0.161200 0.000000 0.000000 0.000000 1.000000
0.953679 0.030344 0.299291 0.000000 -0.069281 0.990310 0.120359 26.173401 -0.292739 -0.135519 0.946540 -0.161200 0.000000 0.000000 0.000000 1.000000
0.948282 0.030353 0.315973 0.000000 -0.069831 0.990980 0.114378 26.173401 -0.309651 -0.130527 0.941849 -0.161200 0.000000 0.000000 0.000000 1.000000
0.942284 0.029756 0.333489 0.000000 -0.068975 0.991930 0.106387 26.173401 -0.327632 -0.123249 0.936732 -0.161200 0.000000 0.000000 0.000000 1.000000
0.936271 0.039034 0.349104 -0.000000 -0.076050 0.992762 0.092956 26.173401 -0.342949 -0.113581 0.932462 -0.161200 0.000000 0.000000 0.000000 1.000000
0.928529 0.064369 0.365637 0.000000 -0.099531 0.991962 0.078128 26.173401 -0.357670 -0.108936 0.927473 -0.161200 0.000000 0.000000 0.000000 1.000000
0.922911 0.079073 0.376806 0.000000 -0.110421 0.991931 0.062296 26.173401 -0.368840 -0.099101 0.924195 -0.161200 0.000000 0.000000 0.000000 1.000000
0.921364 0.070991 0.382164 0.000000 -0.094209 0.994651 0.042363 26.173401 -0.377112 -0.075035 0.923123 -0.161200 0.000000 0.000000 0.000000 1.000000
0.924110 0.033292 0.380672 0.000000 -0.054116 0.997559 0.044128 26.173401 -0.378274 -0.061379 0.923656 -0.161200 0.000000 0.000000 0.000000 1.000000
0.931962 -0.027317 0.361526 0.000000 -0.011556 0.994413 0.104929 26.173401 -0.362373 -0.101968 0.926439 -0.161200 0.000000 0.000000 0.000000 1.000000
0.940791 -0.061138 0.333428 0.000000 0.004536 0.985784 0.167955 26.173401 -0.338956 -0.156498 0.927694 -0.161200 0.000000 0.000000 0.000000 1.000000
0.949860 -0.035087 0.310700 0.000000 -0.034416 0.975914 0.215425 26.173401 -0.310776 -0.215317 0.925774 -0.161200 0.000000 0.000000 0.000000 1.000000
0.961890 -0.013910 0.273081 0.000000 -0.057097 0.966472 0.250344 26.173401 -0.267408 -0.256396 0.928846 -0.161200 0.000000 0.000000 0.000000 1.000000
0.974249 -0.018559 0.224711 0.000000 -0.035315 0.971748 0.233364 26.173401 -0.222693 -0.235291 0.946069 -0.161200 0.000000 0.000000 0.000000 1.000000
0.984158 -0.039350 0.172874 0.000000 0.004396 0.980176 0.198082 26.173401 -0.177241 -0.194184 0.964820 -0.161200 0.000000 0.000000 0.000000 1.000000
0.987618 -0.094788 0.125007 -0.000000 0.071461 0.981175 0.179413 26.173401 -0.139659 -0.168258 0.975799 -0.161200 0.000000 0.000000 0.000000 1.000000
0.970711 -0.222726 0.090070 0.000000 0.196806 0.952209 0.233594 26.173401 -0.137793 -0.209026 0.968154 -0.161200 0.000000 0.000000 0.000000 1.000000
0.954896 -0.284149 0.086212 0.000000 0.251740 0.928650 0.272464 26.173401 -0.157481 -0.238472 0.958296 -0.161200 0.000000 0.000000 0.000000 1.000000
0.957792 -0.264729 0.112043 -0.000000 0.218247 0.923337 0.315940 26.173401 -0.187092 -0.278152 0.942140 -0.161200 0.000000 0.000000 0.000000 1.000000
0.970893 -0.208829 0.117291 0.000000 0.151225 0.914224 0.375933 26.173401 -0.185735 -0.347253 0.919194 -0.161200 0.000000 0.000000 0.000000 1.000000
0.977982 -0.174102 0.115064 0.000000 0.106392 0.890285 0.442803 26.173401 -0.179533 -0.420811 0.889205 -0.161200 0.000000 0.000000 0.000000 1.000000
0.978010 -0.163406 0.129594 -0.000000 0.088794 0.888497 0.450210 26.173401 -0.188710 -0.428803 0.883468 -0.161200 0.000000 0.000000 0.000000 1.000000
0.976692 -0.156894 0.146481 0.000000 0.076214 0.891454 0.446656 26.173401 -0.200659 -0.425082 0.882633 -0.161200 0.000000 0.000000 0.000000 1.000000</float_array>
        <technique_common>
          <accessor source="#mixamorig_Neck-Matrix-animation-output-transform-array" count="33" stride="16">
            <param type="float4x4"/>
          </accessor>
        </technique_common>
      </source>
      <source id="mixamorig_Neck-Interpolations">
        <Name_array id="mixamorig_Neck-Interpolations-array" count="33">
 LINEAR LINEAR LINEAR LINEAR LINEAR LINEAR LINEAR LINEAR LINEAR LINEAR LINEAR
LINEAR LINEAR LINEAR LINEAR LINEAR LINEAR LINEAR LINEAR LINEAR LINEAR LINEAR LINEAR
LINEAR LINEAR LINEAR LINEAR LINEAR LINEAR LINEAR LINEAR LINEAR LINEAR</Name_array>
        <technique_common>
          <accessor source="#mixamorig_Neck-Interpolations-array" count="33">
            <param type="name"/>
          </accessor>
        </technique_common>
      </source>
      <sampler id="mixamorig_Neck-Matrix-animation-transform">
        <input semantic="INPUT" source="#mixamorig_Neck-Matrix-animation-input"/>
        <input semantic="OUTPUT" source="#mixamorig_Neck-Matrix-animation-output-transform"/>
        <input semantic="INTERPOLATION" source="#mixamorig_Neck-Interpolations"/>
      </sampler>
      <channel source="#mixamorig_Neck-Matrix-animation-transform" target="mixamorig_Neck/matrix"/>
    </animation>
    <animation id="mixamorig_Head-anim" name="mixamorig_Head">
      <source id="mixamorig_Head-Matrix-animation-input">
        <float_array id="mixamorig_Head-Matrix-animation-input-array" count="33">

0.000000 0.033333 0.066667 0.100000 0.133333 0.166667 0.200000 0.233333 0.266667 0.300000 0.333333 0.366667 0.400000 0.433333 0.466667 0.500000
0.533333 0.566667 0.600000 0.633333 0.666667 0.700000 0.733333 0.766667 0.800000 0.833333 0.866667 0.900000 0.933333 0.966667 1.000000 1.033333
1.066667</float_array>
        <technique_common>
          <accessor source="#mixamorig_Head-Matrix-animation-input-array" count="33">
            <param name="TIME" type="float"/>
          </accessor>
        </technique_common>
      </source>
      <source id="mixamorig_Head-Matrix-animation-output-transform">
        <float_array id="mixamorig_Head-Matrix-animation-output-transform-array" count="528">

0.939379 -0.108719 0.325189 0.000000 0.026902 0.968846 0.246197 14.369300 -0.341825 -0.222524 0.913038 0.127800 0.000000 0.000000 0.000000 1.000000
0.941626 -0.097147 0.322339 0.000000 0.025941 0.975552 0.218234 14.369300 -0.335659 -0.197133 0.921125 0.127800 0.000000 0.000000 0.000000 1.000000
0.945137 -0.082547 0.316074 0.000000 0.023080 0.982003 0.187447 14.369300 -0.325859 -0.169868 0.930033 0.127800 0.000000 0.000000 0.000000 1.000000
0.949888 -0.066245 0.305490 0.000000 0.018452 0.987465 0.156757 14.369300 -0.312045 -0.143265 0.939203 0.127800 0.000000 0.000000 0.000000 1.000000
0.955782 -0.049517 0.289877 -0.000000 0.012180 0.991542 0.129214 14.369300 -0.293824 -0.119970 0.948301 0.127800 0.000000 0.000000 0.000000 1.000000
0.963255 -0.033151 0.266534 -0.000000 0.004360 0.994153 0.107896 14.369300 -0.268552 -0.102769 0.957767 0.127800 0.000000 0.000000 0.000000 1.000000
0.969583 -0.020189 0.243928 0.000000 -0.004883 0.994798 0.101746 14.369300 -0.244714 -0.099842 0.964441 0.127800 0.000000 0.000000 0.000000 1.000000
0.973223 -0.009919 0.229647 0.000000 -0.015350 0.994034 0.107987 14.369300 -0.229348 -0.108621 0.967265 0.127800 0.000000 0.000000 0.000000 1.000000
0.974616 -0.010690 0.223630 0.000000 -0.020017 0.990698 0.134596 14.369300 -0.222989 -0.135656 0.965336 0.127800 0.000000 0.000000 0.000000 1.000000
0.974992 -0.015729 0.221681 -0.000000 -0.021760 0.985943 0.165662 14.369300 -0.221170 -0.166343 0.960944 0.127800 0.000000 0.000000 0.000000 1.000000
0.972360 -0.032407 0.231226 0.000000 -0.014720 0.979842 0.199229 14.369300 -0.233022 -0.197126 0.952283 0.127800 0.000000 0.000000 0.000000 1.000000
0.966609 -0.051561 0.251015 -0.000000 -0.002888 0.977294 0.211868 14.369300 -0.256240 -0.205519 0.944512 0.127800 0.000000 0.000000 0.000000 1.000000
0.959715 -0.066175 0.273072 -0.000000 0.008543 0.978292 0.207053 14.369300 -0.280846 -0.196379 0.939447 0.127800 0.000000 0.000000 0.000000 1.000000
0.951446 -0.077301 0.297951 0.000000 0.019098 0.980913 0.193507 14.369300 -0.307222 -0.178421 0.934762 0.127800 0.000000 0.000000 0.000000 1.000000
0.939510 -0.076271 0.333921 0.000000 0.026212 0.988044 0.151928 14.369300 -0.341516 -0.133985 0.930277 0.127800 0.000000 0.000000 0.000000 1.000000
0.926169 -0.061644 0.372035 0.000000 0.027169 0.994893 0.097212 14.369300 -0.376128 -0.079927 0.923114 0.127800 0.000000 0.000000 0.000000 1.000000
0.913506 -0.014262 0.406576 0.000000 0.001050 0.999465 0.032699 14.369300 -0.406824 -0.029443 0.913032 0.127800 0.000000 0.000000 0.000000 1.000000
0.897659 0.062698 0.436208 -0.000000 -0.054706 0.998025 -0.030873 14.369300 -0.437282 0.003850 0.899316 0.127800 0.000000 0.000000 0.000000 1.000000
0.884036 0.133622 0.447913 -0.000000 -0.106366 0.990636 -0.085595 14.369300 -0.455156 0.028026 0.889970 0.127800 0.000000 0.000000 0.000000 1.000000
0.882075 0.155650 0.444653 0.000000 -0.116154 0.986560 -0.114925 14.369300 -0.456565 0.049724 0.888299 0.127800 0.000000 0.000000 0.000000 1.000000
